1.242875344959192034e+02
1.242547119957724107e+02
1.244388702953437900e+02
1.242669915644021756e+02
1.244247744309396637e+02
1.244397099406963747e+02
1.243933395964222086e+02
1.243931673614780919e+02
1.244579492298357906e+02
1.245083083788385920e+02
1.244163544908304431e+02
1.244287436635155473e+02
1.244964300393400265e+02
1.244712876519288329e+02
1.243979547100385616e+02
1.243234826688587447e+02
1.241471551875990826e+02
1.242526314759360417e+02
1.241607891491985214e+02
1.241008396453525933e+02
1.241066349597792282e+02
1.240224042432427183e+02
1.240213630047168891e+02
1.240081772454152258e+02
1.239526901923942575e+02
1.238900788757755436e+02
1.238622316168555386e+02
1.237463331571839547e+02
1.237060243086137064e+02
1.237752510128589023e+02
1.237612295226351904e+02
1.237629694870138763e+02
1.237001448339302812e+02
1.236842444170434305e+02
1.236312273696983937e+02
1.236036365059792956e+02
1.235655569256062449e+02
1.235852484684790511e+02
1.235430939659053138e+02
1.234980838862466470e+02
1.234033722819172851e+02
1.234027107431546426e+02
1.233849333568199143e+02
1.233760906582114956e+02
1.233908637191004658e+02
1.233695594308418038e+02
1.233940950815180173e+02
1.234048715088172514e+02
1.233504667958428769e+02
1.234481631534652450e+02
1.233926741432290157e+02
1.232927172019650470e+02
1.232035993188890899e+02
1.231383085745601136e+02
1.231436400289667858e+02
1.229900495175464386e+02
1.229101638189184484e+02
1.229587008005010489e+02
1.228937780126436081e+02
1.228363924608067634e+02
1.228574814553852832e+02
1.228595835045896649e+02
1.227590159121601801e+02
1.227273892705458707e+02
1.226156596794081395e+02
1.226479615602920177e+02
1.229580862349049823e+02
1.230245102068776504e+02
1.229879807410017065e+02
1.231050026422406205e+02
1.230766543362104386e+02
1.230332667880140178e+02
1.231080010960405531e+02
1.231475857749593814e+02
1.230976278550877794e+02
1.232573640224688347e+02
1.232438983813829623e+02
1.232097058305443085e+02
1.232386080284970546e+02
1.232231636427690660e+02
1.232106687804591587e+02
1.232906816980799789e+02
1.233078817059088266e+02
1.232781711780478702e+02
1.232413442154502548e+02
1.234182373319241321e+02
1.234101696905642598e+02
1.236136711486896473e+02
1.238195838960327251e+02
1.238636408118528891e+02
1.240259624606110407e+02
1.239319750259330988e+02
1.240720098643649862e+02
1.241707474605131836e+02
1.240967275360616924e+02
1.241682754976219769e+02
1.242648288415242774e+02
1.242216428865010869e+02
1.242508641105435174e+02
1.241980447419411604e+02
1.241415986534358922e+02
1.240523183214921801e+02
1.240410897774646202e+02
1.239133638658916112e+02
1.239252637347581896e+02
1.238966766484645632e+02
1.237953222554948809e+02
1.237732859687236981e+02
1.239806411837238045e+02
1.239386099857123327e+02
1.239018025952674549e+02
1.239537412169964625e+02
1.239679505998864784e+02
1.240295148063335517e+02
1.239826766876088726e+02
1.241851036345487671e+02
1.241833675846006315e+02
1.242707846476033922e+02
1.242805394085295490e+02
1.245834282582741253e+02
1.247996144285909992e+02
1.246844557962930367e+02
1.248171393341553568e+02
1.247009238056093778e+02
1.242761102303642389e+02
1.241882723660775412e+02
1.241589141369659188e+02
1.241274890885248539e+02
1.240271837629420872e+02
1.239581821384534095e+02
1.239959329066603999e+02
1.239671696709921065e+02
1.238710292995126565e+02
1.237949092830720446e+02
1.238410643336660542e+02
1.238573816374062915e+02
1.238632023956314896e+02
1.237887362260975124e+02
1.238607539193235851e+02
1.237615152760652109e+02
1.238465758518779438e+02
1.238463194566770369e+02
1.238164229933650375e+02
1.237730100013700536e+02
1.237826120995048313e+02
1.240233808936644948e+02
1.240890180650969796e+02
1.241238016949484262e+02
1.241590002544379843e+02
1.240943299473509143e+02
1.241516959270350213e+02
1.240672009864365037e+02
1.239362808995361434e+02
1.239633394007006899e+02
1.239624645254731519e+02
1.239346270526295228e+02
1.239301176286379729e+02
1.239594543283815824e+02
1.239076801127356049e+02
1.239510461315640129e+02
1.239347718865598011e+02
1.238450629244710655e+02
1.238666157790695337e+02
1.238713874699078161e+02
1.237792124165736993e+02
1.237772454152232200e+02
1.238404908695907523e+02
1.237364374767580699e+02
1.237939756913862936e+02
1.237561466345683385e+02
1.237507545064881640e+02
1.237595737185132947e+02
1.236637210576791404e+02
1.236716888810600210e+02
1.236446440804024007e+02
1.239453114908108802e+02
1.240847474213688741e+02
1.240695711741334435e+02
1.239877243458007996e+02
1.238542383496760806e+02
1.238994069637719520e+02
1.238822950306304165e+02
1.238980506135869888e+02
1.238133912669054411e+02
1.238107431546395816e+02
1.238344391599632104e+02
1.238492357074354544e+02
1.238121934511576967e+02
1.237697316657859261e+02
1.237756933435108522e+02
1.237044193920889370e+02
1.237403910516117662e+02
1.237168046503434908e+02
1.237687002133364587e+02
1.237487894623529598e+02
1.238124537607891540e+02
1.238835887499266022e+02
1.239621278844460051e+02
1.240023506155442021e+02
1.240656195564950224e+02
1.240970132894917128e+02
1.242051670483236450e+02
1.242535043939482904e+02
1.243031609026676847e+02
1.243390875462392131e+02
1.244696435910985883e+02
1.244985125163916848e+02
1.244592390347014259e+02
1.245028966786056799e+02
1.244495273325113089e+02
1.245216252715636216e+02
1.244326541796332180e+02
1.244685886520658471e+02
1.244425244162605395e+02
1.244787602998453764e+02
1.244406591901043129e+02
1.243244671481416219e+02
1.243350556827745521e+02
1.243558080363259108e+02
1.243846241168066058e+02
1.243601647975260818e+02
1.242859765525610101e+02
1.243414694772278040e+02
1.244209187168496697e+02
1.243682226528095782e+02
1.243164034212122999e+02
1.243780615739925253e+02
1.243884974458340622e+02
1.243786839684496925e+02
1.243524063961795179e+02
1.244257569530072658e+02
1.243880100992308115e+02
1.243721214256356120e+02
1.243056524377116290e+02
1.243439766699939355e+02
1.243676570175953628e+02
1.244128726048578102e+02
1.243417904605327493e+02
1.244103947703207922e+02
1.243705595678468683e+02
1.243179241774802790e+02
1.242691210146203957e+02
1.242610357583230609e+02
1.242069853013132956e+02
1.240380776231577755e+02
1.239218718806881583e+02
1.239214217211751077e+02
1.237917562092654578e+02
1.237349088916289901e+02
1.236488188205820791e+02
1.235839253909537518e+02
1.234651048088779248e+02
1.232808075470220928e+02
1.232404908695907437e+02
1.231395670639813602e+02
1.230258548137709624e+02
1.229092478421701600e+02
1.227468929207523587e+02
1.226338911396864546e+02
1.224995204822578501e+02
1.223738672616601093e+02
1.222688333039751001e+02
1.221631045348677844e+02
1.220638639343941492e+02
1.219341240483040707e+02
1.218177832579805511e+02
1.217819936194782002e+02
1.216398175875364558e+02
1.215696298905916706e+02
1.215311960542540106e+02
1.214993188890846056e+02
1.214223318262775706e+02
1.213837159689194181e+02
1.213524944708668443e+02
1.213351163564480402e+02
1.211386510872330859e+02
1.211156831659914275e+02
1.209592331630556004e+02
1.208642866928933444e+02
1.207611590628853264e+02
1.208025600375785302e+02
1.207719511479067620e+02
1.206418765780048119e+02
1.208639754956647749e+02
1.209408196817567926e+02
1.203400818115984521e+02
1.201569119057405146e+02
1.201150901297633737e+02
1.200557454054371505e+02
1.201320983304953671e+02
1.201728397236412036e+02
1.202920497915565790e+02
1.203916231186268249e+02
1.205738790049517490e+02
1.206574540543714420e+02
1.208235433425322469e+02
1.209014072377820810e+02
1.209571291566359434e+02
1.211460063022331894e+02
1.211536903293993248e+02
1.212260113909928947e+02
1.211987375961482059e+02
1.212956510676609270e+02
1.212416260544497248e+02
1.214146830289863601e+02
1.215080245826238468e+02
1.216739514219168967e+02
1.216249975534809096e+02
1.217056896248018347e+02
1.218290724756815990e+02
1.219148493922846512e+02
1.220316285988295846e+02
1.221179926800148792e+02
1.221382263715185985e+02
1.223438377077094685e+02
1.224742508758538406e+02
1.225085217153034591e+02
1.226696631632513288e+02
1.228241853091421518e+02
1.229110504374376092e+02
1.231024308613704363e+02
1.231492572368034786e+02
1.232513573287925936e+02
1.233960444679310342e+02
1.233915526588769467e+02
1.233681267492611511e+02
1.233819466463116328e+02
1.234216096138414258e+02
1.234942790597537794e+02
1.235733309846750103e+02
1.235376137631378128e+02
1.229234396101227134e+02
1.228332902745973030e+02
1.222056309083436076e+02
1.219865539310668794e+02
1.219168261797115065e+02
1.217955864795568885e+02
1.218552913314935466e+02
1.218322314211340114e+02
1.217334859961247133e+02
1.216161646409488526e+02
1.210386941459691172e+02
1.208634568336171355e+02
1.207437457185915832e+02
1.206638972070538074e+02
1.206692071320924526e+02
1.206975045505255082e+02
1.207477071223063803e+02
1.206834889319476218e+02
1.206991349108488407e+02
1.206834243438435834e+02
1.207464368895934825e+02
1.202801968958565766e+02
1.202760201984616231e+02
1.204061006400093987e+02
1.205706789579785863e+02
1.206646389916426898e+02
1.207341436204568197e+02
1.202187970954925333e+02
1.203593114516665707e+02
1.202377644687139195e+02
1.203057855283502562e+02
1.203102147065155663e+02
1.202630614761317531e+02
1.201555340261875386e+02
1.199470788562033903e+02
1.198432916446479908e+02
1.197886305364727093e+02
1.198203119801146954e+02
1.198283052472941534e+02
1.198201143013720014e+02
1.198117569921515724e+02
1.198015070557610642e+02
1.197440960601256563e+02
1.197670502808603885e+02
1.198297163995067791e+02
1.199074628618401732e+02
1.199459045270389339e+02
1.199947409625584669e+02
1.200622237879944407e+02
1.198801949386412957e+02
1.197984498855029045e+02
1.198599338461237380e+02
1.199770751374943671e+02
1.200195369228661519e+02
1.201191924529778987e+02
1.201719491906914783e+02
1.201478597850977650e+02
1.201476249192648709e+02
1.201854892059577651e+02
1.202373886833812833e+02
1.202382165854422311e+02
1.202264693793670318e+02
1.201611923355449818e+02
1.201663124107020479e+02
1.206763568394887756e+02
1.207993149746540666e+02
1.208958135165286762e+02
1.209411093496173635e+02
1.208972814279842680e+02
1.209376900945334938e+02
1.209221889495625675e+02
1.208123226273657878e+02
1.208578494118568045e+02
1.207998962675904693e+02
1.204435519542794566e+02
1.203147397882293035e+02
1.202493081244005992e+02
1.202273442545945699e+02
1.200860293973734230e+02
1.200909087350517694e+02
1.200755406807194703e+02
1.200952322235922765e+02
1.200591020296322426e+02
1.205769811911612095e+02
1.206908010882116855e+02
1.206884896169729728e+02
1.206561074902628548e+02
1.206817646252911373e+02
1.207003659992562632e+02
1.206193098858943529e+02
1.205627248351046177e+02
1.209113929501105815e+02
1.209847200203550415e+02
1.210193020570332578e+02
1.211310140332335124e+02
1.211855361791243411e+02
1.212342786683107221e+02
1.212971718239289203e+02
1.213411367506312075e+02
1.214384181786154642e+02
1.214572054880316330e+02
1.215895778286653695e+02
1.215341553637484537e+02
1.215349773941635902e+02
1.215392715244749837e+02
1.214735521500009838e+02
1.214025208932730493e+02
1.213047677764077292e+02
1.213262580001174342e+02
1.211694596128628234e+02
1.210839841074119789e+02
1.210530131329144865e+02
1.209600591079012730e+02
1.210025111071966819e+02
1.209659483686610741e+02
1.209430959231205804e+02
1.208852210674652099e+02
1.208877967627659302e+02
1.208783962578043969e+02
1.209258959152917186e+02
1.208877654473215557e+02
1.208274107999138778e+02
1.206933846123735208e+02
1.207082614056720047e+02
1.205818429139020935e+02
1.206187462078954127e+02
1.205453212768872504e+02
1.205317440745307636e+02
1.204621631143209441e+02
1.205128628187814428e+02
1.205370892294443479e+02
1.204111815708609754e+02
1.203682265672401286e+02
1.204389094396492652e+02
1.204123147985046813e+02
1.204195878104632698e+02
1.204413344293738817e+02
1.204645352592331591e+02
1.204471551875990798e+02
1.204203863542951041e+02
1.203369013367780269e+02
1.202797017203922252e+02
1.201361830387724297e+02
1.200294854481044382e+02
1.201006439238251886e+02
1.203209050163427491e+02
1.203826473293797648e+02
1.203428845438709800e+02
1.203073924020903007e+02
1.201941870706359055e+02
1.202301528585129091e+02
1.201089640459554175e+02
1.200271035171158474e+02
1.200457538214628244e+02
1.200371851329927750e+02
1.200167224473019729e+02
1.200183723797780573e+02
1.199833362691562400e+02
1.199775742273892689e+02
1.200234611394907347e+02
1.200078934492004805e+02
1.199708864227976477e+02
1.202036580353473028e+02
1.202453467206858022e+02
1.202776994891668068e+02
1.201959466071673290e+02
1.201469066212592764e+02
1.201633922455130801e+02
1.200924275341044734e+02
1.200419020218033808e+02
1.199836298514473611e+02
1.199375824476934156e+02
1.198976239406572262e+02
1.198659757696749040e+02
1.198459436713444148e+02
1.198721703560174632e+02
1.198406317890904802e+02
1.201214471649736737e+02
1.201724463233711049e+02
1.202965396433953771e+02
1.202558432662008556e+02
1.203499442193646871e+02
1.203735462783551498e+02
1.203189575871450074e+02
1.203865774176501731e+02
1.203572113596774500e+02
1.203968664983461565e+02
1.204375902765545163e+02
1.204455600571506864e+02
1.203578983422386699e+02
1.202682324388859598e+02
1.202642945217544508e+02
1.202589748106394154e+02
1.201604094494353490e+02
1.201982013191630898e+02
1.201133442937388622e+02
1.201792691758166427e+02
1.200817333098467543e+02
1.201192394261444747e+02
1.200017849803299868e+02
1.199687882880238021e+02
1.201915350439394814e+02
1.202818624860548482e+02
1.202509169553559190e+02
1.202533028007750602e+02
1.202328753449591972e+02
1.201459671579277000e+02
1.200974145186228981e+02
1.201812322627365717e+02
1.202290509463135919e+02
1.202066701896541616e+02
1.203864893429628324e+02
1.203764488286066552e+02
1.203924940794237983e+02
1.203045779265261359e+02
1.203730119585853231e+02
1.204501771279823004e+02
1.204693734953907551e+02
1.207562660247000537e+02
1.207890024073747810e+02
1.208614839606208307e+02
1.209313937329966961e+02
1.208881725480985665e+02
1.208984224844890747e+02
1.209662928385493075e+02
1.210267747049498013e+02
1.210454289237273144e+02
1.211145851682226464e+02
1.211909811520169171e+02
1.213048225784354059e+02
1.213506703462313823e+02
1.213402873192022327e+02
1.213517722584306995e+02
1.211570880551151816e+02
1.210688039457459979e+02
1.211070949053686405e+02
1.210133716947527063e+02
1.209837237977805131e+02
1.209397001546200130e+02
1.208547961560291952e+02
1.206666960248957849e+02
1.204526647485956943e+02
1.205546317499461821e+02
1.205200301411152282e+02
1.204704264772082212e+02
1.204063100620437297e+02
1.204384181786154642e+02
1.203601941557551953e+02
1.202402736186953263e+02
1.202585481377096670e+02
1.201825631691229717e+02
1.202007476562347108e+02
1.201228563599710384e+02
1.203698079971816099e+02
1.203865519738516099e+02
1.203679975730530600e+02
1.204246530835926592e+02
1.204197287299630119e+02
1.202963497935137838e+02
1.203387861350869912e+02
1.202863268940950832e+02
1.203317284168085592e+02
1.204569275634626990e+02
1.204450922827001733e+02
1.204074393752568852e+02
1.205132757912042791e+02
1.205785469633805036e+02
1.205639989822480516e+02
1.205584346192237746e+02
1.206700663495977892e+02
1.206000802458262342e+02
1.207170160295930970e+02
1.206078132033742349e+02
1.205977002720529185e+02
1.205667723562914659e+02
1.205595208737009045e+02
1.205617364413911901e+02
1.205767776407727041e+02
1.206278413872741879e+02
1.206767482825435991e+02
1.206793200634137690e+02
1.207231303701094021e+02
1.206955492924666800e+02
1.206763431389818635e+02
1.207554126788405426e+02
1.208090579922885723e+02
1.207323488540504570e+02
1.207142739709940713e+02
1.207153758831933885e+02
1.207613547844127311e+02
1.207013367780322142e+02
1.206349382498580951e+02
1.206723171471630138e+02
1.206535513671148721e+02
1.206325993776055441e+02
1.206395474918286226e+02
1.205909146066975950e+02
1.206899712289354767e+02
1.207059714638013048e+02
1.206930460141310988e+02
1.207175699215156612e+02
1.207118979116513060e+02
1.208492357074354544e+02
1.208384044781085436e+02
1.208178126162096504e+02
1.208917542520501769e+02
1.209185035132014150e+02
1.208831718630732155e+02
1.209244182177597651e+02
1.208970700487346619e+02
1.208995146106120160e+02
1.209060125653220581e+02
1.208700272052923168e+02
1.209244338754819665e+02
1.209698882430078442e+02
1.209013289491711163e+02
1.208815101873055085e+02
1.209150548998884318e+02
1.209210889945785112e+02
1.209142700565635238e+02
1.208645235159415137e+02
1.208697316657859204e+02
1.208484880512007464e+02
1.208749437300608633e+02
1.208669054469301045e+02
1.208436145851682255e+02
1.208609829135106537e+02
1.208822441430332901e+02
1.209291781653063964e+02
1.207992014561681628e+02
1.208714951167478944e+02
1.208441978353199033e+02
1.208369483099446171e+02
1.208534926506566478e+02
1.207879102812518397e+02
1.206053784275732426e+02
1.205313761180592280e+02
1.205081420155402867e+02
1.205322490360714767e+02
1.206037813399095739e+02
1.205541150451138179e+02
1.206312743428649696e+02
1.206867770536081252e+02
1.206447595561035797e+02
1.207103967275360645e+02
1.205772258430704795e+02
1.205169651419959678e+02
1.205472256473489523e+02
1.203718474154972284e+02
1.202537059871215206e+02
1.202455013406924564e+02
1.201954866615779025e+02
1.201227056543949203e+02
1.201110445657917865e+02
1.200304072964985380e+02
1.200600493218249056e+02
1.200358542266063893e+02
1.200765173311412468e+02
1.200571232849901122e+02
1.200199675102264507e+02
1.200016675474135468e+02
1.200673908363180828e+02
1.200715244749769965e+02
1.201131309572739951e+02
1.201382733446851887e+02
1.200966042314994269e+02
1.201479048010490658e+02
1.202327285538136294e+02
1.202979625388996539e+02
1.202665003033683604e+02
1.203239152134343186e+02
1.202822441430332958e+02
1.201917581664807244e+02
1.200974751922964003e+02
1.200544869160158896e+02
1.200299610514160520e+02
1.200184056524377070e+02
1.200480418061182490e+02
1.200538977942183863e+02
1.201725265691973448e+02
1.202077584013465668e+02
1.201888477873681325e+02
1.202314015618577940e+02
1.202780557023467054e+02
1.202740238388820444e+02
1.203010627678938391e+02
1.204063472491339297e+02
1.203558080363259108e+02
1.203756365842679088e+02
1.203222594093124371e+02
1.202848394104867538e+02
1.203695320298279654e+02
1.203161294110739306e+02
1.205932084629988452e+02
1.206376118059225320e+02
1.207408881842913928e+02
1.206843716360362464e+02
1.207285518564186901e+02
1.207859315366097093e+02
1.208325739338069837e+02
1.208893840643532371e+02
1.209337874072769239e+02
1.209307772101853544e+02
1.208752392695672597e+02
1.208867124655040755e+02
1.208842679036267214e+02
1.208873877047736443e+02
1.208626798191533140e+02
1.208441038889867514e+02
1.209075333215900372e+02
1.206687980741001667e+02
1.205284539956549850e+02
1.208291957802438645e+02
1.208982619928365949e+02
1.209020159317323362e+02
1.209210518074883112e+02
1.211020609476836398e+02
1.211814358131250913e+02
1.211902100091989070e+02
1.213293464858199684e+02
1.214239915448300167e+02
1.213882782377233696e+02
1.214478676139588629e+02
1.215385434403930134e+02
1.216160256786643998e+02
1.213104378290568235e+02
1.212913256219051590e+02
1.212906621259272271e+02
1.213047814769146413e+02
1.213991525257863060e+02
1.214521558726244308e+02
1.214895034544849608e+02
1.214777973499305119e+02
1.215283287338774443e+02
1.215318517213708276e+02
1.214130976846143284e+02
1.213501458125379173e+02
1.213701387665629312e+02
1.214064079228074320e+02
1.214139177578141755e+02
1.214060888967177476e+02
1.214332159004168830e+02
1.214390816745933819e+02
1.213977257158514931e+02
1.214138394692032108e+02
1.214079580373045246e+02
1.213598790440960613e+02
1.213000978607636995e+02
1.214125653220597769e+02
1.213987473822245704e+02
1.213867711819623025e+02
1.214090716927954929e+02
1.213201064725109148e+02
1.213326404791262974e+02
1.210322823087311406e+02
1.209420899144696904e+02
1.208766993521617508e+02
1.209557923786037179e+02
1.210273501262403784e+02
1.210127610435871901e+02
1.209830700878789713e+02
1.209959231205840382e+02
1.209521637014855315e+02
1.209174211731548354e+02
1.209369365666529603e+02
1.210096020981347777e+02
1.210045583543734011e+02
1.210085354158103854e+02
1.210264576360753921e+02
1.209322764370853207e+02
1.209265594112696505e+02
1.209844205664180947e+02
1.209838627600649801e+02
1.209935725050398361e+02
1.209659346681541479e+02
1.209764899301274141e+02
1.209879807410017065e+02
1.209965983598536070e+02
1.210760887009962232e+02
1.209762139627737696e+02
1.208818898870686809e+02
1.207865969898029022e+02
1.208552698021255338e+02
1.208381813555673006e+02
1.208899105552619773e+02
1.208391208188988770e+02
1.209035719178752402e+02
1.207802927994050037e+02
1.206095531677529209e+02
1.205588828215215358e+02
1.204337776212005622e+02
1.203871215234963756e+02
1.203365646957508801e+02
1.201949660423149879e+02
1.201463566437672483e+02
1.200461628794551103e+02
1.199979547100385560e+02
1.198975710958448389e+02
1.199115279979644981e+02
1.198037735110484761e+02
1.196869355880453298e+02
1.197010686395396561e+02
1.197612549664337536e+02
1.196453506351163583e+02
1.196480437633335328e+02
1.194626680758616573e+02
1.194920204333274683e+02
1.194916935783766831e+02
1.194589611101325062e+02
1.193858943495195035e+02
1.193355802164680028e+02
1.192363259154874413e+02
1.192435147671892395e+02
1.192321805335368907e+02
1.192193744739983998e+02
1.191652202845791066e+02
1.190944884817881189e+02
1.190583269723836963e+02
1.191696944786957175e+02
1.191743800520619203e+02
1.191352553187325043e+02
1.191445109897637593e+02
1.191265300530405398e+02
1.191141506664317973e+02
1.191243790734542927e+02
1.189081713737694059e+02
1.189355528154541730e+02
1.191377214099778854e+02
1.191774489656117311e+02
1.191219247255005627e+02
1.191464877771906146e+02
1.190661499618342987e+02
1.189473352514042972e+02
1.189881529759458232e+02
1.188438357504941933e+02
1.188045152956373727e+02
1.187883780557023528e+02
1.187776994891668068e+02
1.187007359129430597e+02
1.186333000606736761e+02
1.186565909224355551e+02
1.186258293699724078e+02
1.186104926310844974e+02
1.185603761767756765e+02
1.185957508856399159e+02
1.186138120681893753e+02
1.185344469888242998e+02
1.187077407864090901e+02
1.187511342062513506e+02
1.187346994695946591e+02
1.187079071497073954e+02
1.187211261816687227e+02
1.187211574971131114e+02
1.186987043234885419e+02
1.187382890024073703e+02
1.186815826042706448e+02
1.187266514003875244e+02
1.186481788111874494e+02
1.189734621180983680e+02
1.190559528702562062e+02
1.191378819016303652e+02
1.191154522145890837e+02
