4.869370755289374131e+01
4.821154169847141446e+01
4.779013759223376923e+01
4.742138844851545088e+01
4.718243007848433024e+01
4.707490850018593420e+01
4.703652359423013252e+01
4.713024093320024122e+01
4.712971835672205856e+01
4.707439962421467072e+01
4.708636799561583786e+01
4.708419940109212831e+01
4.709142543988413365e+01
4.707089033722819238e+01
4.696615779069539798e+01
4.704135595874190301e+01
4.705837590276554749e+01
4.706006497954709999e+01
4.702378799444150559e+01
4.704126396962401913e+01
4.701323077525297123e+01
4.704029710527861141e+01
4.707121327774842001e+01
4.694417826316716713e+01
4.698106002779245927e+01
4.693037598105415498e+01
4.689886872957156783e+01
4.691070401033409354e+01
4.689711115025541943e+01
4.669104182569040518e+01
4.665244749770027255e+01
4.653935372751649169e+01
4.648028888497445621e+01
4.641071183919519427e+01
4.633110993678194944e+01
4.631118157086098108e+01
4.623537666607950314e+01
4.614002309514023636e+01
4.606334135791595941e+01
4.604471845458282075e+01
4.604687922024543667e+01
4.598878319926408409e+01
4.599974556201436826e+01
4.595980662713091647e+01
4.597773471904174869e+01
4.595418746207895566e+01
4.589651615681209051e+01
4.585125359638306719e+01
4.590494784021294805e+01
4.588984205272738137e+01
4.590093359168574949e+01
4.587334664239719473e+01
4.592749300295539427e+01
4.594931399604642763e+01
4.593005695496447771e+01
4.596254281408412368e+01
4.602241207210381191e+01
4.595581977961756337e+01
4.592438103066956501e+01
4.597797545652046125e+01
4.602598594719432867e+01
4.593270115279979393e+01
4.591288826258000455e+01
4.580259918188401258e+01
4.575743448221869869e+01
4.561401561857788778e+01
4.543429432603291929e+01
4.525483138590413290e+01
4.516589552384866835e+01
4.508136339615994359e+01
4.506726557454054216e+01
4.508874601217387834e+01
4.501923942614448038e+01
4.498960914410976386e+01
4.493094161626837035e+01
4.476037030512986092e+01
4.469606795451431935e+01
4.469428101696905742e+01
4.463872350419822510e+01
4.452150392421662417e+01
4.445680621611570871e+01
4.436778032215763545e+01
4.429579981602176275e+01
4.419649658465935005e+01
4.420971953105122054e+01
4.410067132483901986e+01
4.405472569627933410e+01
4.390029945393693822e+01
4.387095492533223506e+01
4.382156068345957323e+01
4.378870491065312365e+01
4.380849627150490022e+01
4.377716516939698010e+01
4.386942634020316234e+01
4.391228935470612527e+01
4.392504648386275790e+01
4.386003366410271553e+01
4.388651870119194598e+01
4.384946665883780526e+01
4.384750161470260110e+01
4.378507231910437980e+01
4.377353257784823626e+01
4.379001233045622854e+01
4.372900397314700882e+01
4.364808095042373992e+01
4.367983089660031482e+01
4.362200105689624507e+01
4.358770281643278111e+01
4.419981797897951026e+01
4.427987591255162414e+01
4.433393028399193980e+01
4.428362006537098949e+01
4.428779089112011746e+01
4.427580294756620560e+01
4.430105885346329586e+01
4.427622374885013556e+01
4.430616327089816764e+01
4.432406787622570477e+01
4.429689977100581189e+01
4.402280742958917870e+01
4.405035327735697592e+01
4.408270996026853084e+01
4.396542383496760920e+01
4.393061867574814272e+01
4.421044957234846606e+01
4.418685925664964032e+01
4.423226860822421713e+01
4.426543166382870709e+01
4.422064470671129044e+01
4.423849646722643314e+01
4.412994539369385194e+01
4.413975887107822871e+01
4.415607030317264758e+01
4.418677901082340043e+01
4.425863425518172534e+01
4.422197365588240814e+01
4.434693597948838573e+01
4.436412620124087169e+01
4.435973225295050071e+01
4.449610122717397331e+01
4.444095472961070925e+01
4.447117804787348661e+01
4.450462881412326510e+01
4.460698530131329420e+01
4.451317988765584488e+01
4.438480222339654802e+01
4.432470788562034159e+01
4.428581018926271895e+01
4.425532656136848431e+01
4.420476973362300299e+01
4.416369169945001971e+01
4.410774274362437097e+01
4.408211496682520192e+01
4.405313448026148393e+01
4.400080245826238468e+01
4.399520286536316149e+01
4.387956862975358518e+01
4.384791850155598780e+01
4.383111385121249270e+01
4.378081146145264313e+01
4.379339439844988391e+01
4.374217994637230333e+01
4.366306147613175881e+01
4.363448026148395797e+01
4.365430685221067364e+01
4.361841348129880913e+01
4.362559058970896331e+01
4.359110641379445639e+01
4.353907188851701449e+01
4.353907188851701449e+01
4.344773843775076472e+01
4.341295676511459334e+01
4.332252754780498094e+01
4.337978196621846649e+01
4.335812929364100654e+01
4.316578591979331492e+01
4.300306695633452847e+01
4.302862818781437682e+01
4.299748497837276773e+01
4.296767071810228344e+01
4.296339224551308433e+01
4.299816217485761172e+01
4.290407100777014193e+01
4.285817626680758963e+01
4.294712582936997336e+01
4.289622257452096932e+01
4.287792456892333348e+01
4.282134538977942384e+01
4.282155089738320441e+01
4.284834321727046813e+01
4.287363043861194001e+01
4.286003170688744035e+01
4.287076703266592403e+01
4.278717632552404382e+01
4.274730197874464466e+01
4.269014542109486854e+01
4.271391971502945495e+01
4.271836846534750265e+01
4.264833734562464684e+01
4.262308926858865021e+01
4.261580255612314971e+01
4.256051513906014350e+01
4.252884935314035175e+01
4.244782064079227979e+01
4.246101814338559421e+01
4.240728671246550618e+01
4.247013289491711419e+01
4.255867144227193677e+01
4.267228387450335703e+01
4.273566829115534205e+01
4.275026128823909488e+01
4.285125555359834237e+01
4.279929344528604673e+01
4.277933963556651520e+01
4.280009003190260586e+01
4.274911044565791940e+01
4.262338676531031467e+01
4.270668193294580561e+01
4.265315992406004852e+01
4.266139197150294393e+01
4.276938132425185302e+01
4.276425342023369325e+01
4.273672518740336557e+01
4.277108410154033180e+01
4.286750239758870862e+01
4.287241696514199418e+01
4.290215293680152087e+01
4.294973088289980723e+01
4.298349284637817647e+01
4.302253146223553415e+01
4.297628442252363357e+01
4.304022077388292189e+01
4.312034525277434938e+01
4.323179691934316082e+01
4.327203139373299479e+01
4.332635194645059329e+01
4.333705204235413788e+01
4.340274205859902423e+01
4.339846554322510030e+01
4.337014855263930713e+01
4.349553167752921468e+01
4.344327207249525458e+01
4.344511576928346130e+01
4.342423228230872922e+01
4.350622590178694082e+01
4.353392245513084191e+01
4.358952106942242466e+01
4.351771866987650128e+01
4.348897500636095259e+01
4.346691523300648186e+01
4.343610475016146921e+01
4.334129137063785464e+01
4.334858004031863743e+01
4.334833147397882414e+01
4.326629479576458692e+01
4.324637230148944411e+01
4.326235687863307788e+01
4.319392676100444106e+01
4.320158730158730265e+01
4.320261483960620552e+01
4.311683205135732777e+01
4.295267257745679501e+01
4.288229111619987322e+01
4.283173820288493516e+01
4.274676374454426053e+01
4.264078053745131314e+01
4.260842189732449015e+01
4.258293308280978096e+01
4.263284990116062545e+01
4.258707846476033865e+01
4.261853482864579945e+01
4.245144148904937964e+01
4.249691738594327717e+01
4.240378916877067184e+01
4.231734484175914446e+01
4.231179809367232281e+01
4.221209363317871066e+01
4.220684438181355347e+01
4.223472491339322232e+01
4.219737928874796751e+01
4.206971796527900409e+01
4.210751962108312085e+01
4.209950873896620038e+01
4.185939952635390426e+01
4.183784862897069701e+01
4.146058168437946279e+01
4.135129861233436799e+01
4.132446519092634674e+01
4.131351261425243848e+01
4.137711232458457999e+01
4.147956667253831142e+01
4.155711154169846822e+01
4.176315542246491930e+01
4.190980956295383208e+01
4.203936742802341087e+01
4.216052296792123855e+01
4.218447928287632465e+01
4.234418413481299126e+01
4.230445266474859523e+01
4.233630438611942992e+01
4.229665903352709933e+01
4.242516000234866169e+01
4.236829506977472448e+01
4.241341866791928794e+01
4.248804337189047686e+01
4.264252441626054235e+01
4.267416867281232129e+01
4.285328910026813531e+01
4.290054214863092596e+01
4.295372947370481143e+01
4.311183332354725906e+01
4.313302409332002441e+01
4.319298534045759652e+01
4.338707063589924218e+01
4.344083533947898701e+01
4.352030806568414789e+01
4.379167400622394268e+01
4.385243379719335621e+01
4.395322059773354795e+01
4.410536276985105530e+01
4.416046229424774339e+01
4.423560370305129652e+01
4.430416886853384995e+01
4.442642632063100905e+01
4.446126279529485714e+01
4.447110367369307227e+01
4.449927974477913040e+01
4.444766993521617593e+01
4.452150392421662417e+01
4.450334096647290494e+01
4.457217035601745891e+01
4.412716810521989430e+01
4.410483432172704710e+01
4.364923375022018348e+01
4.369802712700369796e+01
4.358320513573288224e+01
4.354583406728906425e+01
4.363490301998317022e+01
4.363814025404654018e+01
4.361483373456246682e+01
4.360167733348990993e+01
4.327250503982933338e+01
4.332555731704930224e+01
4.337342884543870980e+01
4.335156283639637564e+01
4.344099191670091642e+01
4.345643238799835473e+01
4.351314465778090579e+01
4.347200790714970964e+01
4.358847395925077706e+01
4.363813633961599692e+01
4.372570410819486142e+01
4.336791537001154495e+01
4.345338500381657099e+01
4.360324702013974729e+01
4.372735991231675712e+01
4.374797330358366310e+01
4.379968684555614544e+01
4.351861898890258828e+01
4.353032900788758042e+01
4.365556925606247773e+01
4.352823087311373484e+01
4.354497093535317731e+01
4.344941577124068033e+01
4.339233163055604336e+01
4.345113420625134637e+01
4.342267825338108622e+01
4.336870412776701045e+01
4.334464408040240357e+01
4.322142563560566231e+01
4.319538488638364981e+01
4.315703129587222975e+01
4.306439825416397582e+01
4.307553089464310148e+01
4.296211222672381780e+01
4.286426320631006348e+01
4.275304444835887807e+01
4.264428395279196593e+01
4.253787211555398784e+01
4.248496271504902921e+01
4.264842542031198036e+01
4.257473626524181043e+01
4.251507251482590277e+01
4.243751394515882680e+01
4.244740179672362501e+01
4.238910809699958548e+01
4.234509423991544708e+01
4.232470397118979122e+01
4.227777777777777857e+01
4.222441626054449415e+01
4.207544281995576796e+01
4.206648660286144548e+01
4.196108860313545819e+01
4.207492415790812856e+01
4.206771769126886085e+01
4.226991564402168677e+01
4.222912727770927432e+01
4.226989215743839878e+01
4.220250327833558401e+01
4.216392265085237057e+01
4.215918227545847685e+01
4.219106922670424353e+01
4.222398567318419538e+01
4.221415066643179870e+01
4.225170767032665964e+01
4.246754741354001794e+01
4.256372497210968220e+01
4.257191591803182718e+01
4.257326835378623286e+01
4.259594464995204532e+01
4.259573327070244630e+01
4.250972931712759362e+01
4.257565615642064216e+01
4.254984831581625571e+01
4.290496154071986723e+01
4.288713522400328770e+01
4.287904409606012734e+01
4.277891883428258524e+01
4.277615720353081485e+01
4.276426907795588761e+01
4.271901043195740755e+01
4.267494764449141798e+01
4.244120721038107291e+01
4.228803945745992365e+01
4.225393498130859626e+01
4.218750905212064595e+01
4.212175444777170696e+01
4.207910868416416861e+01
4.200250523555085636e+01
4.201345976944003979e+01
4.196447458555966392e+01
4.189087350517683461e+01
4.185928796508328276e+01
4.189074237175346838e+01
4.192276828528369492e+01
4.195185446147221597e+01
4.211347542716223558e+01
4.214983461530933795e+01
4.224012095590394011e+01
4.233443133110210965e+01
4.243888986749652759e+01
4.241964848413677203e+01
4.258724482805863687e+01
4.264650930655862737e+01
4.262267042451999544e+01
4.268571428571428328e+01
4.274929050946313680e+01
4.283937134245395839e+01
4.290259135302292037e+01
4.291939600336640837e+01
4.289834028144755962e+01
4.295813712250210159e+01
4.293909928953085853e+01
4.295981837042256046e+01
4.297056543949268814e+01
4.297384181786154755e+01
4.290653514180024786e+01
4.298413677020335655e+01
4.314826101422895732e+01
4.314399819936194547e+01
4.317763685827804210e+01
4.319704264772082070e+01
4.327748223827138929e+01
4.331711193314152553e+01
4.329752020824770398e+01
4.329600532362554333e+01
4.328248292329673319e+01
4.332141976395983818e+01
4.324339537705752434e+01
4.325576889202043418e+01
4.336203589532812686e+01
4.334214275928209048e+01
4.343942614448162942e+01
4.352401894584385644e+01
4.355980662713091789e+01
4.358692971639950997e+01
4.355535396238231982e+01
4.355842091871684829e+01
4.363294189027850933e+01
4.365875560252872134e+01
4.389195388800813902e+01
4.382990820660364761e+01
4.389859080500264099e+01
4.391400583250151612e+01
4.394424480848648784e+01
4.391312508562816674e+01
4.400743154639578592e+01
4.398962088740140786e+01
4.405349852230246910e+01
4.407195114790675916e+01
4.398620358953281340e+01
4.398950541170023598e+01
4.399282876323567137e+01
4.380796782338089201e+01
4.390771729982580496e+01
4.378598046699156754e+01
4.376759438670659108e+01
4.375372555927426532e+01
4.369462744407257304e+01
4.366051318184486973e+01
4.370938680445462410e+01
4.367515315209519855e+01
4.362096373280097339e+01
4.374285910007241540e+01
4.366953202982796256e+01
4.367202552208717492e+01
4.360434110347797088e+01
4.372195016929912015e+01
4.342392108508014559e+01
4.350774470083964474e+01
4.341799463723015151e+01
4.354845869297164285e+01
4.358503121758361942e+01
4.355050985457890533e+01
4.358868925293092644e+01
4.352845008122443460e+01
4.356587790891120449e+01
4.342564539173663718e+01
4.335567103125672617e+01
4.333504981112872656e+01
4.332895112833460871e+01
4.329799385434404257e+01
4.322970465621513370e+01
4.319252930929872747e+01
4.330688548333431243e+01
4.324718846025874086e+01
4.324802027675023908e+01
4.317744309396590552e+01
4.324196269547687876e+01
4.312614839606208506e+01
4.319662771808270918e+01
4.307213512614252693e+01
4.287877008592175088e+01
4.287776212005558563e+01
4.286789384064353214e+01
4.278572015736011025e+01
4.274504335231831931e+01
4.275457303348795080e+01
4.272386824026774832e+01
4.268128510754898031e+01
4.274193138003249004e+01
4.266250758420918743e+01
4.331453819505607328e+01
4.338312684712191469e+01
4.340394183156205088e+01
4.349369776681736965e+01
4.345498796312606515e+01
4.341393341553637697e+01
4.349788033585814162e+01
4.330503395768500496e+01
4.320834165149825168e+01
4.321766191063355222e+01
4.311147906758264270e+01
4.320752744994421590e+01
4.324344235022410032e+01
4.319416749848316073e+01
4.311838803750024596e+01
4.321000724169651619e+01
4.321644647994833122e+01
4.315716634372614635e+01
4.324456579179143745e+01
4.319012584894212381e+01
4.310378721155539949e+01
4.314912023173428679e+01
4.331920419626954555e+01
4.337639402657898557e+01
4.334536629283854836e+01
4.344484567357563520e+01
4.341483960620828952e+01
4.349406180885835482e+01
4.354585363944180187e+01
4.353359560018006391e+01
4.365464740766837082e+01
4.368969917601236830e+01
4.372329281897715703e+01
4.367285146693284759e+01
4.374239328283717754e+01
4.370227232693324027e+01
4.373233319632826266e+01
4.374290411602372330e+01
4.377196093398313081e+01
4.381463605581978271e+01
4.374918286262305855e+01
4.369380541365745074e+01
4.354296283248194754e+01
4.357110563090834177e+01
4.357382616013935461e+01
4.352283091617246669e+01
4.354186287749789841e+01
4.360711839195192852e+01
4.356404595541463465e+01
4.360136026461550784e+01
4.350058716458223529e+01
4.348519562366664815e+01
4.343763920693636749e+01
4.348074687334860045e+01
4.347448769890200282e+01
4.346141154365568582e+01
4.338321883623979858e+01
4.337148533067151845e+01
4.343485213238604103e+01
4.345249642808212798e+01
4.340336445305619151e+01
4.343459377996985893e+01
4.337800677196484855e+01
4.339690368543636367e+01
4.339394633315718153e+01
4.340147574031667688e+01
4.342198148474350461e+01
4.347357759379953990e+01
4.342710938876167148e+01
4.346102988667723821e+01
4.344701426809934475e+01
4.345604094494353120e+01
4.348289002407374682e+01
4.348995752842855467e+01
4.339332981034583980e+01
4.343330788953476684e+01
4.351727046757872586e+01
4.351961716869238472e+01
4.341512731685357807e+01
4.347184545828195468e+01
4.349391697492806941e+01
4.344216037421956145e+01
4.339899007691855815e+01
4.335005773785058381e+01
4.333789560213728009e+01
4.335056661382185439e+01
4.322652809582525890e+01
4.319532029827960429e+01
4.323317479889612969e+01
4.317154404712974269e+01
4.306599729904291962e+01
4.302051553050319654e+01
4.304697903822441418e+01
4.303311803965318205e+01
4.297032665922925077e+01
4.295978314054762848e+01
4.303000019572152723e+01
4.305179183058344705e+01
4.307638619771788768e+01
4.317234650539212737e+01
4.319301665590198525e+01
4.325994754663065578e+01
4.328896326306930575e+01
4.340618088583563150e+01
4.340559763568394658e+01
4.350727301195858843e+01
4.354903019983167667e+01
4.354509619713072510e+01
4.353483060301802254e+01
4.363368954651322440e+01
4.363001976787426628e+01
4.372095590393987408e+01
4.372963419646526972e+01
4.372529700741784353e+01
4.372548490008416167e+01
4.377323703834184698e+01
4.379211633687589256e+01
4.380356996065997066e+01
4.395169005538919293e+01
4.391170414733916516e+01
4.384293543146810634e+01
4.393661754056328306e+01
4.395574931986769229e+01
4.395522674338950253e+01
4.412902550251502021e+01
4.415306402051161427e+01
4.417859393654708100e+01
4.418708825083670888e+01
4.415550466795843221e+01
4.418128706476425549e+01
4.415406611473196108e+01
4.416935000880746998e+01
4.420728671246550334e+01
4.415715460043450236e+01
4.413915800598908135e+01
4.413819701328949208e+01
4.424559332981034743e+01
4.363691308006967517e+01
4.354617853717730469e+01
4.347030121543068759e+01
4.345601158671442477e+01
4.349453349773941824e+01
4.344661303896815951e+01
4.345669465484508720e+01
4.350303759810541493e+01
4.355160002348658566e+01
4.356210244064744330e+01
4.350618675748145847e+01
4.363043274029710261e+01
4.350587164582232447e+01
4.349913295363356980e+01
4.345175855792378883e+01
4.337940422367056215e+01
4.325419724815532163e+01
4.330416495410329958e+01
4.321451862290333423e+01
4.325499187755661268e+01
4.312661421329732292e+01
4.305555164112500677e+01
4.295969310864501978e+01
4.298040044624508482e+01
4.297621396277376249e+01
4.302162527156362160e+01
4.308412306969643879e+01
4.305733466423971834e+01
4.306845164699664963e+01
4.304244417043430815e+01
4.307766230207660385e+01
4.371190965494295000e+01
4.395560448593740688e+01
4.398989881197032759e+01
4.403217857632161270e+01
4.405253557238760465e+01
4.416746325328323053e+01
4.411699645744035081e+01
4.426158965024563230e+01
4.428924118763822548e+01
4.432796469183645627e+01
4.447792456892333490e+01
4.450085530307478621e+01
4.440942594876010219e+01
4.447158906308104775e+01
4.436467226430234945e+01
4.431922181120701509e+01
4.432371557747636359e+01
4.433691112285440283e+01
4.428571624292955988e+01
4.440450550956099818e+01
4.440065370990155458e+01
4.446057776994891952e+01
4.459259389740277868e+01
4.466028418765780117e+01
4.464977589885111797e+01
4.473625349852230215e+01
4.471811794179242128e+01
4.480630419039790269e+01
4.482835026324545424e+01
4.480302781202904328e+01
4.484548372575499542e+01
4.500861370442135012e+01
4.507525492728944982e+01
4.479333372477638875e+01
4.483388331082535672e+01
4.477493590119977540e+01
4.479476053471121588e+01
4.475079169357837827e+01
4.483969036854363566e+01
4.476859256649638752e+01
4.469830309435734961e+01
4.476363494020707634e+01
4.476445109897637309e+01
4.478363572309318386e+01
4.475946802888849874e+01
4.473313761180592252e+01
4.498423071653650851e+01
4.502895504276515481e+01
4.497371851329927495e+01
4.502074843912081548e+01
4.499141565380776342e+01
4.500402207738829219e+01
4.502322823087311576e+01
4.501006204372419006e+01
4.497397686571545705e+01
4.503896424167694335e+01
4.444263010588534968e+01
4.438166089288160521e+01
4.434050652731293951e+01
4.432210283209050061e+01
4.423996437868201070e+01
4.424935118313663196e+01
4.427903626719903230e+01
4.426845556142720284e+01
4.432775722701740051e+01
4.427397099406963576e+01
4.429583896032724510e+01
4.443693265222241706e+01
4.440192394261444520e+01
4.439177578141819680e+01
4.449469790382244128e+01
4.450101383751199080e+01
4.448554987963125740e+01
4.447836102792945923e+01
4.440967451509991548e+01
4.462603683479145644e+01
4.465925469242362311e+01
4.474291194488481693e+01
4.470516900553892015e+01
4.474377899125124713e+01
4.474004853893880096e+01
4.466157399252343652e+01
4.457057913999960874e+01
4.463617716712661121e+01
4.462496623803652085e+01
4.458895934863875965e+01
4.456926193412013504e+01
4.462481748967569217e+01
4.466555496839097117e+01
4.466171882645372193e+01
4.467619439062102771e+01
4.467113303192218154e+01
4.462209696044467933e+01
4.454420370696573173e+01
4.463898772826023276e+01
4.469484469496799761e+01
4.466166598164132040e+01
4.463061476131759520e+01
4.471724893821071589e+01
4.460969995889848150e+01
4.472864971718239246e+01
4.470507114477521071e+01
4.476058951324056068e+01
4.475017321355176136e+01
4.482063492063492305e+01
4.477513945158828079e+01
4.475736793689937798e+01
4.481079012780615756e+01
4.483992914880708014e+01
4.498009120623177637e+01
4.498214041062376367e+01
4.502975945824281467e+01
4.507530972931712654e+01
4.518441078034172875e+01
4.525158240854911895e+01
4.525511909654942855e+01
4.520675434991094477e+01
4.526415751668525900e+01
4.535381754839215063e+01
4.534894995400544104e+01
4.541041042804297945e+01
4.547653690329399012e+01
4.552697042647720593e+01
4.545987121523496199e+01
4.556518309748889095e+01
4.553025659092243416e+01
4.563405554576947765e+01
4.561947820640792628e+01
4.567828665374904773e+01
4.565068600395357379e+01
4.581758362202258894e+01
4.570723582486837699e+01
4.568598829585265975e+01
4.571807292584111337e+01
4.572860274401581648e+01
4.573703638463194920e+01
4.570968038674573819e+01
4.577828078210322360e+01
4.578305247294149893e+01
4.570849822872017398e+01
4.562134147534887063e+01
4.565452410310609821e+01
4.562954807899320997e+01
4.560823596187344720e+01
4.562705458673399761e+01
4.562635586088114081e+01
4.573336660599299108e+01
4.574410193177147477e+01
4.563068326385219109e+01
4.566564695750885505e+01
4.567719844205664259e+01
4.569389153112950908e+01
4.580679936586225409e+01
4.579209480750787975e+01
4.578391756209265395e+01
4.585892000861174722e+01
4.590458966981778133e+01
4.596011390992894974e+01
4.602649482316559926e+01
4.597236803476014444e+01
4.600294365177225586e+01
4.601239504433092264e+01
4.598799052707807533e+01
4.599263499892353479e+01
4.603033096510284850e+01
4.593772336719315774e+01
4.591256140762922655e+01
4.596700917933963382e+01
4.654282974184330612e+01
4.664289628716262825e+01
4.663680934766014730e+01
4.669827960777406162e+01
4.664836278942321002e+01
4.670410036599925974e+01
4.673997220754310433e+01
4.667631769518329321e+01
4.672404830407296572e+01
4.674311745248859751e+01
4.671930597146380393e+01
4.654722760456422748e+01
4.648985575323429487e+01
4.648982835222046361e+01
4.655364531344802970e+01
