1.046049654532014586e+02
5.607387577814296264e+01
5.608553310811223724e+01
5.578787715879309417e+01
5.574130159874397350e+01
5.854676310853987076e+01
5.822091257307976520e+01
5.825926532307823891e+01
5.817266679292080767e+01
5.804665497797680018e+01
5.826870139470099019e+01
5.819100744695798966e+01
5.781545961598377659e+01
5.776408110403137641e+01
5.791812744744671448e+01
5.795159049672859197e+01
5.771245578559603473e+01
5.775345131986486535e+01
5.799841041963210841e+01
5.756940454881453206e+01
5.747672627083957053e+01
5.790179789970126478e+01
5.778788326786445140e+01
5.800784649125486681e+01
5.881651037625770329e+01
5.921114172434648282e+01
5.875014020318771202e+01
5.905987989565706187e+01
5.936798724425899820e+01
5.907558998356660140e+01
5.891754708566750764e+01
5.903446371517065927e+01
5.914709544202185754e+01
5.915442999309674832e+01
5.946785467741048592e+01
5.909061707729807722e+01
5.857364790978123636e+01
5.879742197188605246e+01
5.888361730333372179e+01
5.853255585218490609e+01
5.836940332700026346e+01
5.867681546328142872e+01
5.882005608127508367e+01
5.890486098808120374e+01
5.855679542552736905e+01
5.882388280357503163e+01
5.913868813801614266e+01
5.906028065073827804e+01
5.898987115968501627e+01
5.912709556420328738e+01
5.908866095264858842e+01
5.864266331075013028e+01
5.894505867763041351e+01
5.906570061884892908e+01
5.840669676402490040e+01
5.812042690190664018e+01
5.786096120128779319e+01
5.676245975649241871e+01
5.646547091776579208e+01
5.670744268163796420e+01
5.646735617718750433e+01
5.672922029922231246e+01
5.729399417194592559e+01
5.726102717925848395e+01
5.719755514964170118e+01
5.751511323163765610e+01
5.765801051982088410e+01
5.771003903696598769e+01
5.775121173430427035e+01
5.811517798779407684e+01
5.794845287767806497e+01
5.799807197707876583e+01
5.827196608243581011e+01
5.842350281933643430e+01
5.837759803532264868e+01
5.860029079179673772e+01
5.861114050253220853e+01
5.842685303407029096e+01
5.878648062508018057e+01
5.902141596055983541e+01
5.876578920038365084e+01
5.861229511701926498e+01
5.892154608377980196e+01
5.937281951970481231e+01
5.943372207390754625e+01
5.910410468504682768e+01
5.908437116273955070e+01
5.895550641147039528e+01
5.919411452065171630e+01
5.913097971177401035e+01
5.896813508378591706e+01
5.894377210720198690e+01
5.895848763829410188e+01
5.884125578070877793e+01
5.882974995570923227e+01
5.912656774043777830e+01
5.907998240587448180e+01
5.884516925182202840e+01
5.865171939813428992e+01
5.873288207659553706e+01
5.869875558216395461e+01
5.840511940179973038e+01
5.837290626851812192e+01
5.843431954108655901e+01
5.815195948463873776e+01
5.803660066833240450e+01
5.780916849429718241e+01
5.746936606166496375e+01
5.730387864940650644e+01
5.688422576684118326e+01
5.767347502306174789e+01
5.790977756871178173e+01
5.703707351045567719e+01
5.714599580917704458e+01
5.729508769571937421e+01
5.697400101410584483e+01
5.697809287010281309e+01
5.712516509765350747e+01
5.713782920258291398e+01
5.703462255102601830e+01
5.730239658869454900e+01
5.735550763328466672e+01
5.704822378750206013e+01
5.686744903507217686e+01
5.674173412099627001e+01
5.661070431483710053e+01
5.645217391304348098e+01
5.681369775980353154e+01
5.677509453787929772e+01
5.629805059532900202e+01
5.623033398293125629e+01
5.624873694949630476e+01
5.609652210567471542e+01
5.630149733339035123e+01
5.656505122456335499e+01
5.655218307665052180e+01
5.642322668931095819e+01
5.674712965282147792e+01
5.679337410120287899e+01
5.664620412851042630e+01
5.673003769297029208e+01
5.698083339951494253e+01
5.677936477875998378e+01
5.714023495488450521e+01
5.863792755863181583e+01
5.840855758716117663e+01
5.757428936227404392e+01
5.779215717418794895e+01
5.813355651807368929e+01
5.810742435442388398e+01
5.778576586373105073e+01
5.757961891612855965e+01
5.755096614963559176e+01
5.742626656321972689e+01
5.751954108655943543e+01
5.710405459066167566e+01
5.678882406485389822e+01
5.685642827033862545e+01
5.704025267119145326e+01
5.676225571350899202e+01
5.670625996542265312e+01
5.684401463733497906e+01
5.650601682438252737e+01
5.638557159526180129e+01
5.647374260038731819e+01
5.649908180657457990e+01
5.663121979827846530e+01
5.712190774080431765e+01
5.706468773481743284e+01
5.714755973144522017e+01
5.709355798425081474e+01
5.675749308147668160e+01
5.665690599971897967e+01
5.694036324538306815e+01
5.751906457899334413e+01
5.728380912817442550e+01
5.731272336292160219e+01
5.747876670067383031e+01
5.724721945617046970e+01
5.720671142579616486e+01
5.759247118045585978e+01
5.726350379678785174e+01
5.690559896390149675e+01
5.737448363074329194e+01
5.734069802249359782e+01
5.698809341991923816e+01
5.694824150380900818e+01
5.705566219279007356e+01
5.681874018730412956e+01
5.692827461497577701e+01
5.737481718603955017e+01
5.740135377021339025e+01
5.753023684869663157e+01
5.762037253117153313e+01
5.773201092301959392e+01
5.753152586275360392e+01
5.732458595768856924e+01
5.720690080700832425e+01
5.730234771612366984e+01
5.708955287706715609e+01
5.702693611744079050e+01
5.697311519875863439e+01
5.664537940387681658e+01
5.652217409631561651e+01
5.654678998845385252e+01
5.658170699671942572e+01
5.681626112614621604e+01
5.663568308581412225e+01
5.635765313914631491e+01
5.650155475866113619e+01
5.654391383765753432e+01
5.638644030520920580e+01
5.614898803232920699e+01
5.593709244857689100e+01
5.603081171231161051e+01
5.646349768771649025e+01
5.634825738739453982e+01
5.614895504334386089e+01
5.658122193645343856e+01
5.654213243244894471e+01
5.604697631513033684e+01
5.637086339505531640e+01
5.662727700362268024e+01
5.621983982014894110e+01
5.605786390210823811e+01
5.637863291201104232e+01
5.658116939843974080e+01
5.617068012291451851e+01
5.623602519381029197e+01
5.625402251803703280e+01
5.592955874177566500e+01
5.584743693911088513e+01
5.596671655741610607e+01
5.591077823460055640e+01
5.584612348876846966e+01
5.563985802518158863e+01
5.556891704491999917e+01
5.554286552101215335e+01
5.559031223463721005e+01
5.565368285366941592e+01
5.536097280852337832e+01
5.464819202033098833e+01
5.502904374706000823e+01
5.570095362603930766e+01
5.512397871599538490e+01
5.723972118198312842e+01
5.765443304763243049e+01
5.780179362335131543e+01
5.738838665534451877e+01
5.754850175024894554e+01
5.760073675400602156e+01
5.707955232725073813e+01
5.704979870609868442e+01
5.735040778051328658e+01
5.698159214617786006e+01
5.698883994843944123e+01
5.755119340709018871e+01
5.775013042867353619e+01
5.760366422100176464e+01
5.748346702017826004e+01
5.774988240037632181e+01
5.766486489788687209e+01
5.801043185025444160e+01
5.823578571821297345e+01
5.780996389538826463e+01
5.786640438386960739e+01
5.823526155989028297e+01
5.827012358651361268e+01
5.808164773872723430e+01
5.784609416522594216e+01
5.773379355004245639e+01
5.858328558075886860e+01
5.865386856943875671e+01
5.828183834175366940e+01
5.825283491456463736e+01
5.853165170962361685e+01
5.919987904038707427e+01
5.933846454600436005e+01
5.906833851586220163e+01
5.827180602476617821e+01
5.841063100598078250e+01
5.854100103243305853e+01
5.807398696324171539e+01
5.813523773451197485e+01
5.890476079931089970e+01
5.931246433829593911e+01
5.904299320060357559e+01
5.963923489990286697e+01
5.989878612752075782e+01
5.950404481614749841e+01
5.913315820662101174e+01
6.003287046935994908e+01
5.998705732141657165e+01
5.943127355810643309e+01
5.992119542308373781e+01
6.011772669236549405e+01
6.001852270436371128e+01
6.031914033147820930e+01
6.036677520450116674e+01
6.026761764544171740e+01
6.079070077157571461e+01
6.151029317433457066e+01
6.131342224068519187e+01
6.183719813551142153e+01
6.233156862625312300e+01
6.204985124411238218e+01
6.195920484327177746e+01
5.883563787868605743e+01
5.800570831627884161e+01
5.804387046325088306e+01
5.882591956796647281e+01
5.891304347826086740e+01
5.905379159513962151e+01
5.893340134766113891e+01
5.851063772595927759e+01
5.815875765924821650e+01
5.822558845629875890e+01
5.824251669303749424e+01
5.819321037809042707e+01
5.835997702989168801e+01
5.853202191934803977e+01
5.836979064212449231e+01
5.818577930368804374e+01
5.789011002437519693e+01
5.807647579891380474e+01
5.814046221233910217e+01
5.830954542400009899e+01
5.842883603863376862e+01
5.848107959509074760e+01
5.873011466726942587e+01
5.885340672364393555e+01
5.860938597723760068e+01
5.848937937944052834e+01
5.868632117831768369e+01
5.785839783494510868e+01
5.761407285678504309e+01
5.802171163961366318e+01
5.758380240819592899e+01
5.692093762027234050e+01
5.749059630645545838e+01
5.784492488896762552e+01
5.752167803972118065e+01
5.734953540512307057e+01
5.790284132908956849e+01
5.810802548704571535e+01
5.755242133043356034e+01
5.747115968501628203e+01
5.795158805310004624e+01
5.776414830381633436e+01
5.796904166997574492e+01
5.880015028315546033e+01
5.876765368896273856e+01
5.826805016769400680e+01
5.771468315301390817e+01
5.766616246464374740e+01
5.821214727749234896e+01
5.829160552504414028e+01
5.795224050192130250e+01
5.765770628806715337e+01
5.737793769969027124e+01
5.737262525123556145e+01
5.751394517719361232e+01
5.729820820937009529e+01
5.654025572572713543e+01
5.628141803764409445e+01
5.648514579298800697e+01
5.678370344123990066e+01
5.672243434275555529e+01
5.703203597021217064e+01
5.704965086657177409e+01
5.698981617804277278e+01
5.742947016024093898e+01
5.788635538911729839e+01
5.802017948451656082e+01
5.753350642368853585e+01
5.763323823545582769e+01
5.838347740559957799e+01
5.817233201581027657e+01
5.786205105961843032e+01
5.830539858636088724e+01
5.868442247893897701e+01
5.850562462200120706e+01
5.843504529876413756e+01
5.849222620669431905e+01
5.818529668705060232e+01
5.799408397529491310e+01
5.775579475963859011e+01
5.776581119304054823e+01
5.779171243379293799e+01
5.750673036391738435e+01
5.710141669364839601e+01
5.745227165818523929e+01
5.743001997666334546e+01
5.741488414146165553e+01
5.779636143709794993e+01
5.833811877256538025e+01
5.852899304176771977e+01
5.836886328509203281e+01
5.869263307084690240e+01
5.917912652497693671e+01
5.913282709495329925e+01
5.937463024845592940e+01
6.027188666450813059e+01
6.040345040350416639e+01
6.028192264693844038e+01
6.030870359396668334e+01
5.761880983071763040e+01
5.741170253709733373e+01
5.763514182209162584e+01
5.778720882638629774e+01
5.749563506851323780e+01
5.761911161884282251e+01
5.844663665076271997e+01
5.854932891851109389e+01
5.845832819153160642e+01
5.856449652088385704e+01
5.821749638037521635e+01
5.791459151694350993e+01
5.808374681564655617e+01
5.813994905034486038e+01
5.829210035982430327e+01
5.836308654721396039e+01
5.805428520810551873e+01
5.800645117935622608e+01
5.785462975973022282e+01
5.770860218338210501e+01
5.753650719954060122e+01
5.780155659138254265e+01
5.778664068274981247e+01
5.769735660482250239e+01
5.744987445858355102e+01
5.728787654788595773e+01
5.743107684600863649e+01
5.763806440183027746e+01
5.759886371272703087e+01
5.764510816110843194e+01
5.761810117843986490e+01
5.730963583825622720e+01
5.729621420847816893e+01
5.789161529955831753e+01
5.793450953320585484e+01
5.767235217574576467e+01
5.733226994764525841e+01
5.729224453390840210e+01
5.767075037723515862e+01
5.783543750114544935e+01
5.735801846161365347e+01
5.705791888375048160e+01
5.736293626405849722e+01
5.760359091214544236e+01
5.741240508030374201e+01
5.787397963235608245e+01
5.792930460440708629e+01
5.758461491468681714e+01
5.793180199277907860e+01
5.787268084378493427e+01
5.747987977347563060e+01
5.762501909084799934e+01
5.844717791448521638e+01
5.912239280107031192e+01
5.910994617908131943e+01
5.884530609502049714e+01
5.874843577227825620e+01
5.816156294481675815e+01
5.798397590582255390e+01
5.778896090805236696e+01
5.740269898772687895e+01
5.708635050186020976e+01
5.712397138510974770e+01
5.710687209437293177e+01
5.690121875973633081e+01
5.672494150564173054e+01
5.670402893256196108e+01
5.661996566701895972e+01
5.655687728708358719e+01
5.691713044700075130e+01
5.674585774416431150e+01
5.633327916623394316e+01
5.610197995002779692e+01
5.630731439113939985e+01
5.638013085630853283e+01
5.609829862362622066e+01
5.584350147534073017e+01
5.599137399123959113e+01
5.626845947547513305e+01
5.646437128492097912e+01
5.665883646626875958e+01
5.669583666786811449e+01
5.670650677190560174e+01
5.650834438057071196e+01
5.664384602696544135e+01
5.700496423138718427e+01
5.764058989193052440e+01
5.733779621359757073e+01
5.675513375811743089e+01
5.655077676842343237e+01
5.679723259067389307e+01
5.663795566036007045e+01
5.624475383496954350e+01
5.618892303180993508e+01
5.656629747512080542e+01
5.640248394841500357e+01
5.621228656431935633e+01
5.612766615146831839e+01
5.613139635044076670e+01
5.632975423205918730e+01
5.603835030636992798e+01
5.604263154357906274e+01
5.604487235095393061e+01
5.588289643291323472e+01
5.617969589042769485e+01
5.662135731347478185e+01
5.660385115858538541e+01
5.647968306137784111e+01
5.611950198850272642e+01
5.598737499312729682e+01
5.609016134057461755e+01
5.590001282904985658e+01
5.569720754348131209e+01
5.555296015052751812e+01
5.558014918352261446e+01
5.602354680465022341e+01
5.595098203322113051e+01
5.536137356360459449e+01
5.517300523547415736e+01
5.513940534299381113e+01
5.562775106756021870e+01
5.543709916855538467e+01
5.515073033948109327e+01
5.534625727743125623e+01
5.542822635331203429e+01
5.506994520162989915e+01
5.504139873297859964e+01
5.511932849087610009e+01
5.533785486068262571e+01
5.579680373386441516e+01
5.622528666817357390e+01
5.599525325155322975e+01
5.531281744262054900e+01
5.555964225278115265e+01
5.603310383588591037e+01
5.575303468119810901e+01
5.563513693483453437e+01
5.599433200359213458e+01
5.597168567606038181e+01
5.602407951567282396e+01
5.588139360135865985e+01
5.591128162208062946e+01
5.646410004215259448e+01
5.676531635826037814e+01
5.645635618329657746e+01
5.636390516277620577e+01
5.678826080847450442e+01
5.711731371914155631e+01
5.741495867213225068e+01
5.749445113048365386e+01
5.739117850095607309e+01
5.740596001001888027e+01
5.727490454576000189e+01
5.729778423981770885e+01
5.707689488120910681e+01
5.695079143019469825e+01
5.682933576067102166e+01
5.690288653621762904e+01
5.709852710289509048e+01
5.680663200786848677e+01
5.687184512282288296e+01
5.687085056600545840e+01
5.670189320121448162e+01
5.700935054462371454e+01
5.737138022249237679e+01
5.710766993909255973e+01
5.635498103133343051e+01
5.662854402502275519e+01
5.712724340373019771e+01
5.700654770268371152e+01
5.712775045665308227e+01
5.702755435546242779e+01
5.707401139952715852e+01
5.730837981318460095e+01
5.740112895638733903e+01
5.768834450275213754e+01
5.806365285812903920e+01
5.830326529864195351e+01
5.808753688351833944e+01
5.840630089620076859e+01
5.849981367332351567e+01
5.864366764208173066e+01
5.849107159220726970e+01
5.833013910355487042e+01
5.802686403039874108e+01
5.771948366128864905e+01
5.779597778741653258e+01
5.783123446004972834e+01
5.789261718726136507e+01
5.770284621634665001e+01
5.762486514224972467e+01
5.749867616423627226e+01
5.727748379568821946e+01
5.744760921492324002e+01
5.741468987299240467e+01
5.724889700716594376e+01
5.746024766175293763e+01
5.788959441875240231e+01
5.740053271102259913e+01
5.711833393405868264e+01
5.750154864958977896e+01
5.785191488841780938e+01
5.746840815927571100e+01
5.736116218973553771e+01
5.708874892327617090e+01
5.710351577056771788e+01
5.779071909878979341e+01
5.767036184029665691e+01
5.697768967139305119e+01
5.683265176460525936e+01
5.775635068513235382e+01
5.865235351974146738e+01
5.806240660757158167e+01
5.745102907307060036e+01
5.746360032011534003e+01
5.741725934840644641e+01
5.751133049465151004e+01
5.703772718109119921e+01
5.620589403204818524e+01
5.658030435393515489e+01
5.670111124008039383e+01
5.632842245450269303e+01
5.692835158927491079e+01
5.706717534867524932e+01
5.675188128852533254e+01
5.697103078361057982e+01
5.699894313065470897e+01
5.729716722361033732e+01
5.746041505030819962e+01
5.692645655533902271e+01
5.696293259861568714e+01
5.722778650017411195e+01
5.655942354802646577e+01
5.563925689255976437e+01
5.564721701254192254e+01
5.566836295214764618e+01
5.567965129420677073e+01
5.591828994874489211e+01
5.599124447892675960e+01
5.538265879003732550e+01
5.519781417426737136e+01
5.526251168359897292e+01
5.499957969589042506e+01
5.494532381132744092e+01
5.512197249696073698e+01
5.495643254668857480e+01
5.503257112486330982e+01
5.535240544684802444e+01
5.522973285030942492e+01
5.496302179105754249e+01
5.482512172324685196e+01
5.536133202191934544e+01
5.583062966198507837e+01
5.568189454521018433e+01
5.603365365230830974e+01
5.623739729123776243e+01
5.588148768105759956e+01
5.560222003653224476e+01
5.566917057138144287e+01
5.583620968776536131e+01
5.576467857121038918e+01
5.559163301586525563e+01
5.550090597528269853e+01
5.575785840394401305e+01
5.566675504456567580e+01
5.550250288653622022e+01
5.588607070639191932e+01
5.610600949349689159e+01
5.640817027203694778e+01
5.666983890378823219e+01
5.698977341454325796e+01
5.689319021815494182e+01
5.696425948891508995e+01
5.684031620553359687e+01
5.645044504584858203e+01
5.689287865551557388e+01
5.675383863498909420e+01
5.655352462872118480e+01
5.704621512483887358e+01
5.716275054828915358e+01
5.694131503870096367e+01
5.693977921816104981e+01
5.719877940754226131e+01
5.683707717589849295e+01
5.660653304091245275e+01
5.663445027521366626e+01
5.637050051621653068e+01
5.638351406002773558e+01
5.669827174371224032e+01
5.658729190975680012e+01
5.651364461088270019e+01
5.655737090004948442e+01
5.648416223249903823e+01
5.644929409680434418e+01
5.610453598548484422e+01
5.613235303101575369e+01
5.666403284236763227e+01
5.689904881758923949e+01
5.666805994220818832e+01
5.691310334716019526e+01
5.773122529644268752e+01
5.781737786439083493e+01
5.742492256752051105e+01
5.708055910221087004e+01
5.655636290327507254e+01
5.642667098374376167e+01
5.682627633773390130e+01
5.700392202381316054e+01
5.679701144229066045e+01
5.669356898057926486e+01
5.681681827345425262e+01
5.726074005290455915e+01
5.767298751916720789e+01
5.730823563910050211e+01
5.689473459139475864e+01
5.675948586055433509e+01
5.660101044040295193e+01
5.631797227703416553e+01
5.539410230250899758e+01
5.546317268512013499e+01
5.640596123183314603e+01
5.645383435863914201e+01
5.627339193969124409e+01
5.602530010813056549e+01
5.605779548050900729e+01
5.581916904411360747e+01
5.600993823728855148e+01
5.612456885228876047e+01
5.569785021778839251e+01
5.504216236689860864e+01
5.528021455058616596e+01
5.560028223909683476e+01
5.527578669566439373e+01
5.505973327794441730e+01
5.541799610241247365e+01
5.519396301568198737e+01
5.500544929165317853e+01
5.528026464497131798e+01
5.487505971617254374e+01
5.421069209669438038e+01
5.426771783421202144e+01
5.460742985258810478e+01
5.454091428361974891e+01
5.417570422320103063e+01
5.413003647115601780e+01
5.429345413003769494e+01
5.427404072306968885e+01
5.410540469543224873e+01
5.385354723228522289e+01
5.420993823728854721e+01
5.462332932170980371e+01
5.460566677459359397e+01
5.463326755899835518e+01
5.462323035475377253e+01
5.501867298751916735e+01
5.495354417774954214e+01
5.485853589995785029e+01
5.460101410584577053e+01
5.491834004313004414e+01
5.511979033667092409e+01
5.518522093456573430e+01
5.526185434752063230e+01
5.537847896341277476e+01
5.511897172110867160e+01
5.532076656627425848e+01
5.537205466397053044e+01
5.530275091483343886e+01
5.511768881612306359e+01
5.495727071127917895e+01
5.523342517303944277e+01
5.529066350624041348e+01
5.500627157265824252e+01
5.460353959594601747e+01
5.477835067291420756e+01
5.509223231576567770e+01
5.487830729850755063e+01
5.504734041578339543e+01
5.495107000384871299e+01
5.470212045866907857e+01
5.474820729300938638e+01
5.479495268524231477e+01
5.515101502220647234e+01
5.569540658924437082e+01
5.546755411109957379e+01
5.485129420676762635e+01
5.509144302374595981e+01
5.504741861189680208e+01
5.495428581901265375e+01
5.494087762919158990e+01
5.529852343745227472e+01
5.529137826758954333e+01
5.517651550787764592e+01
5.547139305154223621e+01
5.501334099003610589e+01
5.448262885558766300e+01
5.495346964707894699e+01
5.524177627358864839e+01
5.492392251253886570e+01
5.437686005950235568e+01
5.463771740657702480e+01
5.492150332028028714e+01
5.471138303266520353e+01
5.427659553671246329e+01
5.420815927570849624e+01
5.443435741732898947e+01
5.433806867818022823e+01
5.417882229322320597e+01
5.410165739105998739e+01
5.400373875167235838e+01
5.407769516955727340e+01
5.425386734762448526e+01
5.434611676878997599e+01
5.437694314287285380e+01
5.448823576128192769e+01
5.460099822226023747e+01
5.472090096584418006e+01
5.462325234741066993e+01
5.437466323744127550e+01
5.440651471369837111e+01
5.454860926990487968e+01
5.490402404530487246e+01
5.493406968006793534e+01
5.465520401243806958e+01
5.408550867182679411e+01
5.415998802622013386e+01
5.441749882400376492e+01
5.438904154779432076e+01
5.434074200780739261e+01
5.399454704290400997e+01
5.337504933075123148e+01
5.328731573513510256e+01
5.328238937999034874e+01
5.314753040790269267e+01
5.547498885094476861e+01
5.519131534415453189e+01
5.599342786103084535e+01
5.608139971043001992e+01
5.523983236708188116e+01
5.499615983774306471e+01
5.492930704803562492e+01
5.415473178122193332e+01
5.403760988692108924e+01
5.513753718897190481e+01
5.559419027313658290e+01
5.514806311892529322e+01
5.566647280546884247e+01
5.574982619691980545e+01
5.558284328399240337e+01
5.533051297872210483e+01
5.540718793336225190e+01
5.537320683482904116e+01
5.545377326792554129e+01
5.580388048212790864e+01
5.579585194054651964e+01
5.546078281640407681e+01
5.561423413626894785e+01
5.587612025096065338e+01
5.556545075783030541e+01
5.552885131131216667e+01
5.602671252542901215e+01
5.612270680733821848e+01
5.569888998173387762e+01
5.550647989199161714e+01
5.528231484931975359e+01
5.538182673451808569e+01
5.540406619789725795e+01
5.607936294603857164e+01
5.609622764843516052e+01
5.515665736051462886e+01
5.493883231210023865e+01
5.506496142121436321e+01
5.501278628635660795e+01
5.489790031217354738e+01
5.473668069716722329e+01
5.435264858788815445e+01
5.444231509368260902e+01
5.453488340837309067e+01
5.412494883652735922e+01
5.346792920808108107e+01
5.334662993078422488e+01
5.368264229554465317e+01
5.381454692072258439e+01
5.624122401353770329e+01
5.580794057095381078e+01
5.583137374687673571e+01
5.593066814913464668e+01
5.518434245010416106e+01
