1.931332494537598450e+02
1.125667665038175471e+02
1.079207301205410801e+02
1.075944749957037345e+02
1.072691098126825864e+02
1.131327363562713231e+02
1.130910833967544704e+02
1.120117631895514734e+02
1.121536763803304382e+02
1.123419978886897610e+02
1.122411054918616315e+02
1.121503682517860199e+02
1.122241880048118219e+02
1.127289347703336375e+02
1.122911754597009804e+02
1.122650344929172945e+02
1.128053691110401928e+02
1.126981292809270059e+02
1.124192902560577352e+02
1.122722104927208875e+02
1.123985773206000118e+02
1.126473559521763690e+02
1.132572140524881519e+02
1.136273267375346734e+02
1.137389242137824397e+02
1.133785959786904982e+02
1.129696339577246960e+02
1.129249060957945687e+02
1.123477696216826587e+02
1.121950015957577449e+02
1.127597095720914240e+02
1.130382957307342906e+02
1.130108020523899484e+02
1.129849065867969529e+02
1.125567746053568357e+02
1.126261090516289016e+02
1.133670832003535196e+02
1.142704809368325414e+02
1.145833194215991995e+02
1.147734981464660109e+02
1.150987258488203651e+02
1.155421292318267774e+02
1.153658814720251371e+02
1.152855596199641610e+02
1.150783615250533956e+02
1.149961885940146828e+02
1.152765153560994804e+02
1.154092738074779732e+02
1.156113041023248940e+02
1.152337588687305185e+02
1.148139591977021041e+02
1.146599427982225734e+02
1.146104006579431882e+02
1.150840497876414759e+02
1.152826700709498482e+02
1.155019370043944775e+02
1.155817653990621920e+02
1.154098421427343908e+02
1.151706589251957809e+02
1.144944578106203750e+02
1.148353042987258448e+02
1.149151523334888196e+02
1.144488596469692823e+02
1.141755100287236360e+02
1.141183831291581754e+02
1.142224093486853462e+02
1.142045245869442454e+02
1.141310485355853928e+02
1.139674023519014128e+02
1.141832506812658039e+02
1.148690410723492050e+02
1.156336091130041979e+02
1.155365035720423208e+02
1.149874266565192897e+02
1.143405187440159096e+02
1.152102545847347415e+02
1.160045000368251777e+02
1.161284781381189646e+02
1.156702391181597278e+02
1.161569157685414808e+02
1.155412122848795775e+02
1.144673814843002049e+02
1.147676208479611120e+02
1.156914393734809607e+02
1.160304482851741881e+02
1.157662018510789750e+02
1.158772641347310497e+02
1.161815567230501074e+02
1.161072030049345756e+02
1.160762673998968921e+02
1.160332924164682140e+02
1.157288918076252600e+02
1.156876942528171242e+02
1.158294662804114665e+02
1.160402707878133270e+02
1.164188373063609419e+02
1.166556514374094746e+02
1.164743205754547972e+02
1.164445596936145080e+02
1.167599833059190360e+02
1.170155844155844136e+02
1.162567525102496688e+02
1.157292158691969632e+02
1.150707288930351382e+02
1.154394716814376523e+02
1.148663307392040878e+02
1.138008604816733396e+02
1.133506616257088808e+02
1.139163123266147863e+02
1.144972037414381418e+02
1.142065352416959172e+02
1.140600238136155014e+02
1.141133871799278268e+02
1.140768750153438305e+02
1.136073343480715891e+02
1.134451083887756795e+02
1.137278103748803204e+02
1.140659858100311794e+02
1.141704293815824940e+02
1.143096076890972910e+02
1.145202919009157227e+02
1.147356418628630337e+02
1.141843284314928866e+02
1.143336741708197337e+02
1.146216838926668800e+02
1.151012557385903392e+02
1.145292121866791035e+02
1.143840301475462127e+02
1.146367883534235119e+02
1.148450396484422953e+02
1.146891586674195338e+02
1.143878869712518167e+02
1.142076890972921177e+02
1.143965016080327928e+02
1.145515024672869657e+02
1.146258328627893803e+02
1.145905911668671564e+02
1.145863083985957331e+02
1.145679215869196952e+02
1.140610696486877913e+02
1.136585557164952291e+02
1.135109604006579502e+02
1.135078879532565708e+02
1.137199985269928533e+02
1.139293643974173307e+02
1.137373468686323150e+02
1.133240836668057909e+02
1.138059128961775457e+02
1.146705705447671448e+02
1.155585458964475976e+02
1.157454815505855237e+02
1.153107566346696728e+02
1.153411005818378214e+02
1.155929479782977012e+02
1.154312461640438983e+02
1.151096432867699377e+02
1.146175778852527429e+02
1.144542950433309585e+02
1.142381508850317857e+02
1.141362666633933145e+02
1.146002393636609185e+02
1.146009525446198438e+02
1.142536641052709143e+02
1.138448297449242688e+02
1.137776581641420961e+02
1.132946750791741408e+02
1.129269854908796304e+02
1.133415191613679269e+02
1.135757187047357206e+02
1.135820207203004912e+02
1.133767633123020602e+02
1.133278791152137046e+02
1.137157636314536120e+02
1.144646907912503337e+02
1.150048044583016207e+02
1.158340620627010082e+02
1.161704772543146902e+02
1.159864765669113496e+02
1.163548461935040450e+02
1.162638683622615616e+02
1.154710198119460927e+02
1.150909827412663020e+02
1.153309687476984209e+02
1.159504320820956025e+02
1.161235055115017332e+02
1.158036776078363914e+02
1.158854135467557001e+02
1.159836839908673625e+02
1.156148515945302364e+02
1.152610868337711452e+02
1.154681302629317798e+02
1.149784192178332063e+02
1.152085986792035897e+02
1.153042717207178498e+02
1.149809503351091280e+02
1.146819372498956682e+02
1.145604411656396593e+02
1.149570998944344922e+02
1.151373039059239431e+02
1.150549873566886845e+02
1.147447511845432473e+02
1.151445240959418612e+02
1.154725554218938015e+02
1.153571477671666656e+02
1.151986313308619572e+02
1.156708860137971726e+02
1.157908673557066805e+02
1.156775096359217372e+02
1.157157034836618976e+02
1.158057422728500256e+02
1.157356504554047092e+02
1.159278766602018038e+02
1.158419942061719041e+02
1.159312424815260414e+02
1.162694351017602372e+02
1.162787972896668549e+02
1.162189846070753418e+02
1.162109419880686403e+02
1.162280460560233735e+02
1.162309429700734000e+02
1.163166204306090918e+02
1.162816463309846995e+02
1.164016043502811044e+02
1.162469926104141535e+02
1.162656936636142717e+02
1.166620639285100509e+02
1.167465470257530740e+02
1.159175926153241818e+02
1.153741548621510873e+02
1.151852466059460340e+02
1.157145336704883078e+02
1.159533633663123311e+02
1.162089988461444108e+02
1.161522831610733277e+02
1.162041686102177636e+02
1.160556772150344926e+02
1.155004271720717810e+02
1.157282105418211273e+02
1.162988461444037966e+02
1.159995249551960370e+02
1.160222669579947450e+02
1.165133638573147010e+02
1.161775059534038803e+02
1.159472025139321971e+02
1.152665799229126264e+02
1.150522217857756573e+02
1.150441975793582543e+02
1.152292330542803143e+02
1.153665148650971020e+02
1.151855313873272308e+02
1.143038715537770429e+02
1.142848955392433652e+02
1.139903174330395501e+02
1.143774985883681552e+02
1.167183180713426509e+02
1.171007770112685051e+02
1.167399430437237555e+02
1.164345481550585504e+02
1.166142206564701809e+02
1.165337588687305157e+02
1.165952667370436728e+02
1.173778742051898973e+02
1.175736810448530605e+02
1.176551260648614203e+02
1.171385203643237674e+02
1.168299977904892870e+02
1.169794355927626270e+02
1.173963408047529100e+02
1.180043281859916959e+02
1.180973780472835273e+02
1.178624125402008218e+02
1.176201200500822495e+02
1.176023973191269931e+02
1.172322330788304328e+02
1.165544079738786678e+02
1.162145324429823461e+02
1.161549382564505493e+02
1.159258181327179500e+02
1.155942884147988110e+02
1.154919684285468833e+02
1.156984066972724747e+02
1.159729150811381402e+02
1.159410072913853611e+02
1.157759126506763607e+02
1.158258390003191494e+02
1.157997999165295937e+02
1.164405506591706967e+02
1.169040151719735832e+02
1.169608450150983288e+02
1.167249085508064752e+02
1.169114624505928788e+02
1.169497802764343390e+02
1.172328456043011755e+02
1.175522352883411514e+02
1.177628274372130761e+02
1.178275390960646121e+02
1.181040139444676242e+02
1.180229825939655797e+02
1.177661024230967541e+02
1.175866729678638904e+02
1.177534750693540815e+02
1.178333525642599398e+02
1.168183328014140869e+02
1.166897012250509391e+02
1.169972233815334022e+02
1.171764404782363158e+02
1.168676233029730156e+02
1.165743340780202715e+02
1.167958227972405609e+02
1.167645754056907208e+02
1.162172513686691389e+02
1.157215157243512635e+02
1.158454790955736087e+02
1.158401762698549078e+02
1.157867478457270494e+02
1.159560196891954860e+02
1.162766356516829092e+02
1.153183057962831128e+02
1.143118773476051331e+02
1.137241425870915492e+02
1.133442920973166679e+02
1.131750533965089716e+02
1.135471485036702433e+02
1.143805968133945470e+02
1.146985110352785142e+02
1.148409741487246265e+02
1.152296835489652125e+02
1.155313063118356069e+02
1.149814818451869485e+02
1.146974455601109639e+02
1.150075823042741803e+02
1.156944700856799102e+02
1.160094358382638120e+02
1.158499815874106957e+02
1.158468944099378888e+02
1.164303034394716860e+02
1.161254032357056900e+02
1.161676920433064168e+02
1.157198561363022549e+02
1.150305010679301745e+02
1.151567095475413112e+02
1.153709535266246036e+02
1.160214801266786111e+02
1.162416357744335045e+02
1.165168426091866536e+02
1.164063891684874648e+02
1.164950138708172744e+02
1.157726757174772274e+02
1.153143925073036655e+02
1.153915240713917427e+02
1.156394532688483565e+02
1.154516694080966346e+02
1.150037070679792777e+02
1.151583212628581236e+02
1.148382036677877949e+02
1.152993408293030200e+02
1.161560957945646066e+02
1.170436599317506676e+02
1.175562553703385476e+02
1.178284597255296688e+02
1.181307883043232749e+02
1.179316095058061080e+02
1.174222632754768796e+02
1.174105675987528485e+02
1.176859229617263622e+02
1.179200991824810387e+02
1.175081530945425072e+02
1.171244776962168288e+02
1.175575295215181768e+02
1.173840534701593299e+02
1.168422028821839831e+02
1.163299302776618447e+02
1.166711045098568746e+02
1.168836262980875489e+02
1.166400915719441258e+02
1.169647141138634510e+02
1.169108769302531101e+02
1.168361316377384469e+02
1.169640353030712134e+02
1.168571048044583023e+02
1.170735312891267483e+02
1.170511145754056912e+02
1.170631527262907241e+02
1.170817162988240483e+02
1.174594751184543213e+02
1.176627992045761459e+02
1.176297608818402836e+02
1.175433739228635233e+02
1.175633540372670751e+02
1.169442110819237541e+02
1.161815493580143794e+02
1.149858787715120485e+02
1.155949426754719696e+02
1.152504198070360673e+02
1.143986706110524665e+02
1.133352932511722742e+02
1.128646588760955467e+02
1.133882760906390388e+02
1.134613826627059154e+02
1.136052242653376823e+02
1.138529030515798013e+02
1.142048977487540782e+02
1.143071158520118757e+02
1.141320342228659825e+02
1.141318402769253453e+02
1.139776974443326054e+02
1.139078904082684858e+02
1.143730464242751594e+02
1.146875408145729551e+02
1.144082954852330971e+02
1.138282436844818761e+02
1.133365219846316307e+02
1.134365428522328330e+02
1.138286598090000723e+02
1.142068850808926470e+02
1.140021088552279451e+02
1.141480519480519433e+02
1.141903284805931378e+02
1.143292784720005955e+02
1.141811700586747804e+02
1.144659440748287693e+02
1.147342216384749491e+02
1.147324392998306024e+02
1.152140230280116810e+02
1.150717747281074281e+02
1.151367981734711350e+02
1.151002099035180350e+02
1.150059055311418206e+02
1.149816892936930799e+02
1.146994095696364155e+02
1.146394201261876162e+02
1.150378378710136786e+02
1.146080585765840993e+02
1.137529644268774689e+02
1.128020597549898127e+02
1.127425036211425606e+02
1.129779687231483081e+02
1.131281135688508073e+02
1.134947560945670517e+02
1.132951243463530773e+02
1.132466255861340869e+02
1.137139886578449932e+02
1.141005388751135428e+02
1.139010335600127632e+02
1.132100176760857266e+02
1.130354945621486280e+02
1.131468318071342622e+02
1.131812437090319889e+02
1.130768394176711809e+02
1.129366533277686386e+02
1.126467053740210673e+02
1.122154898976260000e+02
1.119690680774801734e+02
1.121633933174575901e+02
1.127550303193970507e+02
1.128095499963174859e+02
1.130163859769719892e+02
1.131924888910711218e+02
1.133888579284609506e+02
1.133329401222595862e+02
1.134615041857953059e+02
1.130207779932732706e+02
1.124011145754056855e+02
1.118969545577296003e+02
1.115653033167210850e+02
1.110143618196548232e+02
1.104056060196892020e+02
1.096760660889205354e+02
1.091680406549971707e+02
1.093276606191540026e+02
1.095493923845530588e+02
1.094957822895441097e+02
1.095522389708590083e+02
1.097916406844573203e+02
1.096227505953403920e+02
1.089365514447745085e+02
1.086805612157218945e+02
1.085302383816561473e+02
1.084299879704416583e+02
1.084364593818280014e+02
1.090488841970883556e+02
1.090692706159624805e+02
1.084187280583310837e+02
1.082815653155917772e+02
1.084234944639481455e+02
1.084208013158863793e+02
1.081053273758377742e+02
1.080507463236196628e+02
1.083596531068175750e+02
1.089219784940956970e+02
1.093847556035646704e+02
1.088800824884000633e+02
1.080829266196941063e+02
1.079906844573196167e+02
1.082309601551567511e+02
1.079965003805268395e+02
1.081458547123953622e+02
1.082036641052709172e+02
1.085989271597967303e+02
1.084356897355952185e+02
1.076338214715341337e+02
1.073621940441411198e+02
1.073307895318292253e+02
1.071844045368620044e+02
1.072655132202391144e+02
1.069290464733753936e+02
1.066823754695210340e+02
1.066516006677632333e+02
1.066724216237448815e+02
1.068484582525225193e+02
1.083459921930621306e+02
1.089638499496722517e+02
1.092770640512606519e+02
1.098240836668057909e+02
1.104423735055114975e+02
1.100818108167824647e+02
1.099588171752633059e+02
1.103502737338276063e+02
1.107850858026661456e+02
1.108463125721159770e+02
1.110219318488694711e+02
1.111253136277710922e+02
1.115372830383227409e+02
1.113359769719883161e+02
1.110198021260403181e+02
1.109564137186065409e+02
1.113195271647067557e+02
1.115069832813689175e+02
1.115805759457933419e+02
1.115407544251589655e+02
1.112945596936145165e+02
1.112954827780914684e+02
1.117162497238111598e+02
1.121070581592320679e+02
1.117172084059607755e+02
1.117974553801585955e+02
1.115348758991481048e+02
1.109998060540593627e+02
1.106313222694130047e+02
1.103193221712125336e+02
1.109074497336312106e+02
1.109438870203520509e+02
1.107609309405150668e+02
1.107173311565561136e+02
1.108142906243095211e+02
1.108800542557631417e+02
1.107223811160484104e+02
1.111413387179927810e+02
1.106670341001153872e+02
1.102443461075786217e+02
1.094022230132816134e+02
1.085317396214371684e+02
1.085922360248447234e+02
1.085412392900105516e+02
1.083573760832740049e+02
1.090835268701053167e+02
1.091102607222644991e+02
1.088145115753811467e+02
1.089812351164903106e+02
1.093362629808754605e+02
1.093564701838803899e+02
1.095358738614882270e+02
1.096644195124346339e+02
1.100011329879949926e+02
1.103511587656200135e+02
1.103698254486534296e+02
1.102347040483146401e+02
1.111379066113470628e+02
1.123325080401640008e+02
1.125059399013085226e+02
1.124135872633982274e+02
1.125859143691846924e+02
1.122246937372646300e+02
1.120244175484251059e+02
1.115140181179878738e+02
1.106160729629538650e+02
1.105521297228291502e+02
1.109370829548523290e+02
1.110437605872388502e+02
1.112632582918027140e+02
1.117309982078413100e+02
1.121323619669555427e+02
1.120078879532565708e+02
1.120924790710234902e+02
1.122256904720987905e+02
1.125235447916922453e+02
1.124724032111555800e+02
1.121986902511477240e+02
1.120725922470723930e+02
1.119540335845628789e+02
1.115598151376034224e+02
1.114440146809712076e+02
1.119731397147276226e+02
1.115615925662239505e+02
1.112022807060614298e+02
1.109918419954336741e+02
1.110831659833550162e+02
1.107110856062651862e+02
1.100485822306238219e+02
1.095917376574276432e+02
1.096533658213242290e+02
1.098253762305747188e+02
1.094846168953919374e+02
1.097908084354209137e+02
1.100745488915621308e+02
1.096307981243708980e+02
1.091522586109542630e+02
1.094308361770554541e+02
1.090475302580217516e+02
1.088555041366950604e+02
1.092082463849949647e+02
1.092793300272506372e+02
1.088571035769523547e+02
1.085023113937102579e+02
1.091247366999729991e+02
1.091491714334814560e+02
1.094068298431247399e+02
1.091979967102840448e+02
1.090486288758500422e+02
1.091444246679596404e+02
1.092306925588589053e+02
1.090632104190705292e+02
1.084320600004910062e+02
1.083273034149215590e+02
1.089418910956718207e+02
1.089834556747600232e+02
1.088346549480765049e+02
1.095228524783345136e+02
1.098601747968477582e+02
1.097008052439054353e+02
1.095207644907077764e+02
1.097216433849704202e+02
1.106455932536272826e+02
1.113807306115434699e+02
1.122566260771364739e+02
1.115713684236368550e+02
1.112798738123879900e+02
1.114450715635970823e+02
1.112433002725063176e+02
1.111762109346230289e+02
1.109508162914590201e+02
1.102411018093437747e+02
1.099199506542606741e+02
1.098032087005621946e+02
1.099206184174993268e+02
1.095652358038936427e+02
1.097978788697125196e+02
1.099292453293398495e+02
1.107226806275010489e+02
1.115056146122308718e+02
1.117688643114919103e+02
1.125683548965212424e+02
1.130666572557876890e+02
1.130722890531019118e+02
1.127354466894164489e+02
1.134099550732821058e+02
1.139279920457614281e+02
1.140536321901161187e+02
1.141524390543294203e+02
1.140447278619301272e+02
1.143148675521076285e+02
1.141658200967274723e+02
1.137847924287432733e+02
1.140493040041244228e+02
1.140366975179829581e+02
1.138742199199666061e+02
1.135674919598360049e+02
1.133590639039599353e+02
1.128796921415068795e+02
1.123877519455969320e+02
1.129655218127807927e+02
1.136418039427491209e+02
1.136984815751356450e+02
1.137826725259617575e+02
1.141258647779441731e+02
1.142077578376255076e+02
1.136640095254462040e+02
1.133027447033118165e+02
1.135288537549407124e+02
1.132666376156924315e+02
1.133246753246753258e+02
1.141546326074681446e+02
1.146211953452974228e+02
1.142855461173986669e+02
1.134254020081997396e+02
1.134006923133577232e+02
1.139415768541477405e+02
1.141702354356418567e+02
1.138536235975744546e+02
1.139028453587999934e+02
1.141501730783394351e+02
1.139560417843026556e+02
1.138484263373677408e+02
1.142927785824761315e+02
1.145343480715881412e+02
1.149196585078437636e+02
1.155192546583850941e+02
1.152291213512385468e+02
1.138907212824982196e+02
1.132867232956079846e+02
1.134783467949819595e+02
1.135746041293300266e+02
1.137931787494169384e+02
1.144592296172636452e+02
1.146413755431713781e+02
1.148395821569734636e+02
1.147647632141015919e+02
1.143679645496280699e+02
1.145083703630962617e+02
1.148794883755186191e+02
1.153237424201507366e+02
1.155697616183438470e+02
1.154400044190214345e+02
1.158569120860236126e+02
1.159945105933763756e+02
1.158239670537402048e+02
1.155650553605184996e+02
1.155729420862691228e+02
1.159646993837920093e+02
1.156275722387253637e+02
1.147750239363660967e+02
1.149783013772616727e+02
1.145431492892740550e+02
1.145783234723688366e+02
1.145762551248373597e+02
1.153034001914909226e+02
1.153606547516755398e+02
1.152138769548032258e+02
1.155053396508973123e+02
1.154339270370461321e+02
1.153186556354798284e+02
1.160457798345321976e+02
1.161713622861070832e+02
1.158299769228880791e+02
1.161979832077185506e+02
1.172654076547271274e+02
1.172280583310829059e+02
1.168800689858345834e+02
1.168732145925907702e+02
1.170789765055360476e+02
1.172485539979868889e+02
1.170058576584096386e+02
1.170467041465151112e+02
1.167552009427245707e+02
1.172239572336925875e+02
1.173472773917953447e+02
1.172565241941423437e+02
1.172440858763165039e+02
1.169798750398939404e+02
1.164760439938133629e+02
1.162332948714801262e+02
1.163233962634718779e+02
1.165511059828640157e+02
1.167259666609383117e+02
1.165689195492598174e+02
1.160767669948199199e+02
1.156840583801831457e+02
1.160051886676650383e+02
1.162989382073503037e+02
1.165778165124100809e+02
1.167289421353693513e+02
1.163538310460805718e+02
1.161668917094247888e+02
1.167250239363660853e+02
1.167004419021432255e+02
1.164540605896938530e+02
1.169086575994893593e+02
1.173600900989369791e+02
1.172405715267719017e+02
1.166090393538408705e+02
1.165069427736724492e+02
1.165054268038200007e+02
1.165414160508678521e+02
1.167426190067021849e+02
1.172942564996440211e+02
1.174239363660913824e+02
1.175610573736282589e+02
1.178004774998158695e+02
1.177374242015073804e+02
1.172627734269511137e+02
1.162844695946775317e+02
1.162571710897797885e+02
1.166603527852110034e+02
1.169895256916996118e+02
1.175768615127783363e+02
1.174334065745218822e+02
1.172290170132325073e+02
1.171418726830825108e+02
1.164935605037684496e+02
1.166358615864286890e+02
1.166044656666584842e+02
1.160207951783566216e+02
1.154523543564186241e+02
1.152637235165590539e+02
1.156269511207129312e+02
1.155939422581199523e+02
1.153697235656592994e+02
1.152857277882797717e+02
1.152602288071097121e+02
1.157856124027201474e+02
1.158434132030540411e+02
1.155538015859376912e+02
1.153743254854786073e+02
1.154199825694154669e+02
1.155408305305280692e+02
1.157555716495224942e+02
1.155220005892028610e+02
1.150484066972724833e+02
1.151045380895097310e+02
1.154152063437507678e+02
1.156550020867601205e+02
1.155209424790710244e+02
1.152039660717354508e+02
1.146142034713868298e+02
1.147029705644072379e+02
1.149649227898755299e+02
1.151554562639628756e+02
1.149907090074386815e+02
1.149233974909778340e+02
1.147481673336115620e+02
1.147666167480912236e+02
1.145820784130803105e+02
1.148055200942724525e+02
1.149440736012569602e+02
1.152604927208897010e+02
1.155892544128839035e+02
1.154437470846733618e+02
1.151514042668107010e+02
1.154422041096899250e+02
1.154671814008297872e+02
1.159412797977070255e+02
1.158990216777551439e+02
1.156541857953011032e+02
1.158626384012962518e+02
1.160663614268529216e+02
1.156398755308963189e+02
1.148334728598433685e+02
1.147836606682542424e+02
1.144730771119239989e+02
1.142634596027790792e+02
1.145031436427466645e+02
1.148209093364102813e+02
1.146672280460560245e+02
1.147341344855522607e+02
1.147774028429037827e+02
1.142480924557484059e+02
1.136745415265263972e+02
1.136850330199101506e+02
1.137384675815677753e+02
1.133508874868043108e+02
1.135178921267768146e+02
1.140128875850047905e+02
1.139449168978469515e+02
1.141969324626224420e+02
1.147101858444013516e+02
1.148619829131171315e+02
1.148082783001497518e+02
1.148468244420985371e+02
1.151988829695823995e+02
1.154369381091498354e+02
1.148318365944074770e+02
1.141832801414086873e+02
1.140400842069084035e+02
1.142060417843026556e+02
1.144043907887953253e+02
1.140697051530699895e+02
1.138154064272211770e+02
1.136709866692853410e+02
1.135733262956325405e+02
1.135490965556182914e+02
1.138665443252399712e+02
1.139867024280067795e+02
1.136946505290550675e+02
1.134527569783713403e+02
1.129595843664841794e+02
1.125256401443546963e+02
1.127331402057299954e+02
1.131364520167922763e+02
1.132477094738909500e+02
1.134590246237694231e+02
1.133935605037684411e+02
