4.225706972283143514e+00
1.124325711248633092e-01
1.209473947865185028e-01
1.172428539137765624e-01
1.047363630254564970e-01
6.083291078923092760e-02
5.078104477338400008e-02
5.296687050601438240e-02
4.594388207048646228e-02
5.455645087390265796e-02
5.636962325356922182e-02
5.323566964585713102e-02
5.187090310401915733e-02
4.987445858355071121e-02
5.558888393375323311e-02
5.055378731878967108e-02
5.238039965544837723e-02
4.811382421758068212e-02
5.341405452957095901e-02
5.324177871721719885e-02
5.276893659394835123e-02
5.281658735055683868e-02
5.283735819318105542e-02
5.563653469036172056e-02
5.414103402141840632e-02
4.939428557464979608e-02
5.108527652711511435e-02
5.033630437837144367e-02
5.228143269941536164e-02
5.198575364558833539e-02
4.864531342590612539e-02
4.691033715964836037e-02
4.975472078489348582e-02
4.968263374284474787e-02
4.836918340043130232e-02
4.973150631372524888e-02
4.489189998228369088e-02
4.688956631702415057e-02
5.048170027674093313e-02
4.712415465725055402e-02
4.818591125962942701e-02
4.898986505061365959e-02
4.878948751000360129e-02
5.245004306895308804e-02
5.178293247643425690e-02
4.591578034223017801e-02
4.782058879229768300e-02
4.889700716594070490e-02
4.753224062410273121e-02
5.515391805291677829e-02
4.888356720894856955e-02
4.576916262958867498e-02
4.861843351192185470e-02
5.081769920154437237e-02
4.821523480215772484e-02
4.619191036770500802e-02
4.606850712623174193e-02
5.290333616386973248e-02
5.050124930509312937e-02
4.680281750371126370e-02
5.692554874733491560e-02
5.130031583898931463e-02
4.554557061781038668e-02
4.688467905993609630e-02
5.000641452492806532e-02
5.117569078324404191e-02
4.939795101746583678e-02
5.056844909005381999e-02
5.203462621646883640e-02
4.648025853589995982e-02
4.901674496459793029e-02
4.611249244002418868e-02
4.599519826991099042e-02
4.926843870463250979e-02
4.439950883066265397e-02
4.802463177572377506e-02
4.588767861397388681e-02
5.166441649204904507e-02
4.956167412991550891e-02
4.806983890378823537e-02
4.456445375738433967e-02
5.169374003457734290e-02
4.899963956478975424e-02
5.555467313413688102e-02
4.689323175984018433e-02
4.700563867286533526e-02
4.869296418251461284e-02
5.274205667996408053e-02
4.604162721224746430e-02
4.517169545057456159e-02
4.960199400089192190e-02
4.617480496789683198e-02
4.699219871587319991e-02
4.760066222333542846e-02
4.636907343714682245e-02
4.576549718677264122e-02
4.713881642851470294e-02
4.579726435784496619e-02
4.891044712293284025e-02
4.929531861861678743e-02
4.905339939275830952e-02
4.488212546810759623e-02
4.690056264547225878e-02
5.147870072270314262e-02
4.513259739387015523e-02
4.505562309473336996e-02
4.647170583599587179e-02
4.724877971299582674e-02
4.803929354698792398e-02
4.768374559383228156e-02
4.431398183162177373e-02
4.971928817100512710e-02
4.880659290981177734e-02
4.557611597461069808e-02
4.894710155109321947e-02
4.790733760561056986e-02
4.886646180914039350e-02
5.036684973517175506e-02
4.916336267723943332e-02
4.314348375903379051e-02
6.053478810685987421e-02
4.995387651123153055e-02
4.733552852630871360e-02
4.459866455700069177e-02
5.006872705280070168e-02
4.999541819647995017e-02
5.191855386062764477e-02
4.959344130098783388e-02
5.180125969051444651e-02
4.886768362341240707e-02
4.908516656383063448e-02
5.192955018907575993e-02
4.846815035646431097e-02
4.321068354399447420e-02
4.820057303089357592e-02
5.104129121332266067e-02
4.959710674380387457e-02
4.758355682352725241e-02
4.739417561136531620e-02
5.008949789542491843e-02
4.679915206089522300e-02
5.092033160039342171e-02
4.476238766945036390e-02
4.901918859314195742e-02
4.788901039153038025e-02
4.297609520376807768e-02
4.310805114514542485e-02
4.918779896267968382e-02
4.777660347850522932e-02
4.742838641098166830e-02
5.270784588034772844e-02
5.169740547739338360e-02
4.550402893256196013e-02
4.710827107171439154e-02
4.756400779517505617e-02
5.172917264846570856e-02
4.893854885118913145e-02
4.744304818224581721e-02
5.165097653505690278e-02
4.650836026415624408e-02
5.038639876352395824e-02
4.806250801815616092e-02
4.962643028633217240e-02
4.520957169300694745e-02
5.398708542314482883e-02
4.931486764696898367e-02
4.294921528978380004e-02
5.163998020660879457e-02
4.922445339084005611e-02
5.037906787789188379e-02
5.056234001869375910e-02
4.672462139030245792e-02
4.406717534867524849e-02
5.084580092980066357e-02
5.229731628495152412e-02
4.710704925744237798e-02
4.519124447892675783e-02
4.787923587735428560e-02
4.934419118949728150e-02
4.528043692078367183e-02
5.764153191073424776e-02
4.756767323799108993e-02
4.426999651782932699e-02
4.835696525771117360e-02
4.744426999651783078e-02
4.957144864409161050e-02
4.882858556670800765e-02
4.901674496459793029e-02
5.111582188391542575e-02
4.863553891173003074e-02
4.889945079448473203e-02
5.109505104129121594e-02
4.643138596501945881e-02
4.665131253398170641e-02
5.250869015400969064e-02
4.770573825072850493e-02
4.837407065751934965e-02
4.843638318539198601e-02
4.430909457453372641e-02
4.834230348644702469e-02
4.474528226964219479e-02
4.900208319333378137e-02
4.961543395788406419e-02
5.034119163545949099e-02
5.108894196993114811e-02
4.723289612745966426e-02
4.938084561765766073e-02
5.062343073229438190e-02
4.426999651782932699e-02
4.599275464136696329e-02
4.804540261834798487e-02
4.416003323334819625e-02
4.857811364094544171e-02
4.914137002034320995e-02
5.259299533877855037e-02
4.864042616881807807e-02
4.980359335577398683e-02
4.906683934975044487e-02
5.087390265805694783e-02
4.524133886407927241e-02
4.545637817595347269e-02
4.600252915554306488e-02
5.005528709580856633e-02
4.884691278078819032e-02
4.514481553659028396e-02
5.322711694595304299e-02
4.937229291775357271e-02
5.050002749082112274e-02
4.501285959521292984e-02
4.880537109553976377e-02
4.572639913006823487e-02
5.119890525441227885e-02
4.799286460465145010e-02
5.047314757683684511e-02
4.397676109254632093e-02
4.739173198282128907e-02
4.617113952508079128e-02
4.963987024332431469e-02
5.077982295911198651e-02
4.849991752753663593e-02
6.074494016164602717e-02
4.880292746699574358e-02
4.683091923196754797e-02
5.162531843534464565e-02
5.140417005211037754e-02
4.905950846411837041e-02
4.730253954096437508e-02
5.217757848629429873e-02
4.970218277119695105e-02
5.267119145218735615e-02
5.146159532289496658e-02
5.218368755765435962e-02
4.381059435155262166e-02
4.934419118949728150e-02
5.278115473666847995e-02
4.820546028798162325e-02
4.951157974476300128e-02
4.900697045042182870e-02
5.426077182007563171e-02
5.221912017154272528e-02
4.990133849753498885e-02
4.924033697637621859e-02
4.710338381462633728e-02
4.801485726154767347e-02
4.804418080407597130e-02
4.773506179325680970e-02
5.364253379843730157e-02
5.054645643315759662e-02
4.865142249726619322e-02
4.962643028633217240e-02
5.040716960614816805e-02
4.778637799268133091e-02
4.444838140154314804e-02
4.644482592201159415e-02
5.200530267394053163e-02
5.401029989431306577e-02
5.086168451533682605e-02
4.468541337031357863e-02
4.965086657177242291e-02
5.019090848000195421e-02
4.446915224416736478e-02
4.773750542180082990e-02
4.867341515416241660e-02
4.829953998692658457e-02
5.354234502813227242e-02
4.629332095228204380e-02
5.077615751629594582e-02
4.727443781270809081e-02
5.339817094403479653e-02
5.100585859943430195e-02
4.639595335113109315e-02
5.031064627865917960e-02
4.750169526730241981e-02
4.872717498213096493e-02
5.110604736973932416e-02
4.532442223457612551e-02
5.066252878899878132e-02
4.728054688406815170e-02
5.326988044547348311e-02
4.371895828115168053e-02
6.025621445284102401e-02
4.792077756260271215e-02
4.530242957767989520e-02
5.376349341136654053e-02
5.114881086925976428e-02
5.039372964915603270e-02
4.735263392611688965e-02
4.886768362341240707e-02
4.539895290516888365e-02
4.915847542015138599e-02
4.520712806446292031e-02
5.182569597595469701e-02
4.864042616881807807e-02
4.539650927662486346e-02
4.901918859314195742e-02
4.893488340837309075e-02
4.999297456793592997e-02
4.974005901362933690e-02
5.229120721359146323e-02
5.356311587075648917e-02
5.270295862325968111e-02
4.873328405349102582e-02
4.757989138071121865e-02
4.855978642686525210e-02
4.628110280956191508e-02
4.703618402966565359e-02
4.856467368395329942e-02
5.216780397211819714e-02
5.487900984171396185e-02
4.919757347685578541e-02
5.128198862490912502e-02
5.055623094733369821e-02
4.473306412692206607e-02
5.171451087720155965e-02
4.656456372066881955e-02
4.929898406143282119e-02
4.572151187298018754e-02
4.853657195569701516e-02
4.936251840357747112e-02
4.838873242878349856e-02
4.997464735385574036e-02
4.844493588529607403e-02
5.015669768038560211e-02
5.153001692212767076e-02
4.393277577875387419e-02
4.818346763108539987e-02
5.129542858190126731e-02
4.875894215320328989e-02
4.854268102705707605e-02
5.044138040576452015e-02
4.728299051261217884e-02
4.336707577081207882e-02
4.443738507309503982e-02
5.100219315661826125e-02
4.637518250850688334e-02
5.362420658435711196e-02
4.248370405214703383e-02
4.735507755466091678e-02
5.075538667367173601e-02
4.315936734456995300e-02
5.862387058543230833e-02
4.849869571326462930e-02
4.735263392611688965e-02
4.976449529906958741e-02
4.281359390559041217e-02
5.006994886707271525e-02
5.204684435918895818e-02
4.631775723772229431e-02
4.480148572615477026e-02
5.511481999621237887e-02
5.014203590912145320e-02
4.671729050467038347e-02
4.878460025291555396e-02
4.941872186009004658e-02
5.077371388775192562e-02
4.893977066546114502e-02
5.134674478132578851e-02
3.954279709941291993e-02
4.703984947248168735e-02
5.091910978612141508e-02
4.549547623265787211e-02
4.854390284132908961e-02
4.486624188257143375e-02
4.968752099993280213e-02
5.026177370777867859e-02
4.751269159575052803e-02
4.905462120703031614e-02
4.825677648740615139e-02
4.579970798638898638e-02
4.400119737798657144e-02
4.886401818059636637e-02
4.833375078654293666e-02
4.935763114648942379e-02
4.654379287804460974e-02
5.052079833344533255e-02
4.786090866327409599e-02
4.692744255945653642e-02
4.825799830167816495e-02
4.976938255615764167e-02
4.890311623730076579e-02
5.163998020660879457e-02
4.871006958232278888e-02
5.208716423016537117e-02
4.600863822690312577e-02
5.065153246055067310e-02
5.240483594088862773e-02
4.793421751959484750e-02
4.368352566726332181e-02
4.839117605732752569e-02
5.278848562230055441e-02
4.926599507608848266e-02
4.851335748452877822e-02
5.363764654134924731e-02
5.038639876352395824e-02
4.995021106841548986e-02
4.912182099199100677e-02
4.947003805951457472e-02
5.206639338754116136e-02
4.696409698761691565e-02
4.851335748452877822e-02
5.759876841121381458e-02
4.733430671203670004e-02
4.833008534372690290e-02
4.808694430359641142e-02
4.746870628195808128e-02
4.688223543139207611e-02
5.098142231399405144e-02
5.190389208936349585e-02
4.978526614169380415e-02
4.963498298623626043e-02
4.668796696214208564e-02
4.862454258328191559e-02
4.882003286680391962e-02
4.518391359329468338e-02
4.923300609074414413e-02
4.817247130263728472e-02
4.863065165464197648e-02
4.742472096816562760e-02
4.819202033098948790e-02
5.012004325222522982e-02
4.838262335742343767e-02
4.670262873340623455e-02
4.943949270271426333e-02
4.645093499337165505e-02
4.723656157027570496e-02
4.910227196363881053e-02
4.683091923196754797e-02
4.955556505855544802e-02
4.505562309473336996e-02
4.901185770750988296e-02
4.754934602391090726e-02
5.235229792719208602e-02
5.006628342425668149e-02
5.155323139329590770e-02
4.219046862686402777e-02
4.681870108924742618e-02
4.602818725525532895e-02
5.066619423181482201e-02
4.746992809623009485e-02
5.536162647915890411e-02
4.763120758013574679e-02
5.132963938151761246e-02
4.875649852465926970e-02
4.512526650823808078e-02
4.616380863944871682e-02
4.618580129634494019e-02
4.446793042989535122e-02
4.800874819018761258e-02
4.840339420004764748e-02
4.873939312485109365e-02
4.337318484217213971e-02
4.938451106047369449e-02
4.653279654959649458e-02
4.540261834798492435e-02
4.469030062740162595e-02
4.939306376037778251e-02
4.812237691748477014e-02
4.816880585982125096e-02
4.423212027539693419e-02
5.283124912182099453e-02
6.065696953406112674e-02
4.843760499966399957e-02
4.301152781765643640e-02
4.813215143166087173e-02
4.707894752918608677e-02
4.697020605897697654e-02
4.680403931798327033e-02
4.561887947413113820e-02
4.789634127716246165e-02
4.601108185544715290e-02
4.757622593789517795e-02
4.702640951548955200e-02
5.013226139494535161e-02
4.631531360917826717e-02
4.455834468602427878e-02
4.947492531660262205e-02
5.102662944205851175e-02
4.967285922866865322e-02
4.846692854219230434e-02
4.988056765491077904e-02
5.012859595212931785e-02
4.978526614169380415e-02
4.277205222034198562e-02
4.586202051426162968e-02
4.837040521470331589e-02
4.473062049837803894e-02
4.794154840522692196e-02
4.699830778723326080e-02
4.811382421758068212e-02
4.844860132811211473e-02
4.653890562095655548e-02
5.105228754177077582e-02
4.721212528483545445e-02
4.700197323004930150e-02
4.761043673751153005e-02
4.874305856766712741e-02
4.966064108594852450e-02
5.017624670873780529e-02
4.489067816801167732e-02
4.502507773793305856e-02
4.358333689695829266e-02
4.517413907911858179e-02
4.701907862985747755e-02
4.450336304378371688e-02
4.660121814882919877e-02
4.575083541550848537e-02
4.817247130263728472e-02
5.029964995021107138e-02
4.812848598884483797e-02
5.001374541056013978e-02
5.007850156697680327e-02
4.456567557165635324e-02
4.750902615293449427e-02
4.734774666902884233e-02
4.789145402007440738e-02
4.691644623100842126e-02
5.444893121796555435e-02
4.772650909335272168e-02
4.956900501554758337e-02
4.965819745740449737e-02
5.901362933820430284e-02
4.788534494871434649e-02
4.269752154974922054e-02
4.942238730290608728e-02
4.741372463971751938e-02
5.229731628495152412e-02
4.586935139989370414e-02
4.908394474955862091e-02
4.698608964451313902e-02
4.993310566860731381e-02
4.892144345138095540e-02
4.874672401048316811e-02
4.836673977188727519e-02
5.028254455040289533e-02
4.935030026085734933e-02
4.760677129469549629e-02
4.424678204666109005e-02
4.835085618635111271e-02
4.517413907911858179e-02
4.816269678846118313e-02
5.106206205594687741e-02
4.385824510816110910e-02
4.373239823814382282e-02
4.750902615293449427e-02
4.597809287010281437e-02
4.437262891667837633e-02
4.730376135523638864e-02
4.596709654165470615e-02
4.736363025456500481e-02
4.842294322839985066e-02
5.078348840192802027e-02
5.012248688076925696e-02
4.714981275696281116e-02
4.341106108460453250e-02
4.896665057944541571e-02
4.459744274272867820e-02
4.719868532784331217e-02
4.844737951384010116e-02
5.184891044712293395e-02
5.130642491034937552e-02
4.985979681228656230e-02
5.133574845287768029e-02
4.733186308349267984e-02
4.762754213731970609e-02
4.882492012389196695e-02
4.963742661478028756e-02
5.076027393075978333e-02
4.449114490106358816e-02
4.632386630908235520e-02
4.445326865863120230e-02
4.665253434825371998e-02
4.563842850248333444e-02
4.780714883530554765e-02
5.109138559847517524e-02
4.568241381627578812e-02
4.732453219786060539e-02
5.184280137576287306e-02
4.961299032934003705e-02
5.058066723277394872e-02
4.832764171518287577e-02
6.226609893030160547e-02
4.705206761520181608e-02
5.024589012224251611e-02
4.899108686488566622e-02
4.149647812036092592e-02
4.797331557629924692e-02
4.319235632991429152e-02
4.509472115143776938e-02
4.758233500925524578e-02
4.966430652876456520e-02
4.821156935934168414e-02
4.992944022579128005e-02
4.822500931633382643e-02
5.113903635508366269e-02
4.667086156233390959e-02
4.827388188721432744e-02
5.048658753382898046e-02
5.209571693006945919e-02
4.640450605103518117e-02
4.534519307720033532e-02
4.590111857096602910e-02
4.508494663726166779e-02
4.934663481804130863e-02
4.663542894844554393e-02
3.733742233843033442e-02
4.650713844988423051e-02
4.533175312020819997e-02
4.999664001075196373e-02
4.721701254192350178e-02
4.820912573079766394e-02
4.348436994092527708e-02
4.698975508732917278e-02
4.743938273942977651e-02
5.154345687911980611e-02
4.597687105583080081e-02
4.412826606227587128e-02
4.478315851207458065e-02
4.842660867121589136e-02
4.495299069588432062e-02
4.536718573409655869e-02
4.762387669450366540e-02
4.527677147796763113e-02
4.578260258658081727e-02
4.852557562724890000e-02
4.242750059563445836e-02
4.741494645398952601e-02
4.710582744317036441e-02
4.480026391188275670e-02
4.730987042659645647e-02
4.689811901692823859e-02
4.939062013183376232e-02
5.035218796390760615e-02
4.531220409185599679e-02
5.151535515086351491e-02
4.754812420963889369e-02
4.655478920649271796e-02
4.522423346427109636e-02
4.878093481009952020e-02
4.952868514457117038e-02
4.854023739851304892e-02
5.836973321685370863e-02
4.878582206718756753e-02
4.249347856632313541e-02
4.727565962698010438e-02
4.768374559383228156e-02
4.638740065122700512e-02
5.101441129933838997e-02
4.805028987543603219e-02
4.652424384969240656e-02
5.134796659559780208e-02
4.698975508732917278e-02
4.462187902816892870e-02
4.738684472573324175e-02
5.028376636467490890e-02
4.763242939440775342e-02
4.705206761520181608e-02
4.605140172642356589e-02
4.557245053179466432e-02
4.810893696049263479e-02
4.491389263917992120e-02
4.769229829373636959e-02
4.859399722648160419e-02
4.976449529906958741e-02
4.608927796885595174e-02
4.582047882901320313e-02
4.785479959191403510e-02
4.819079851671747433e-02
4.913403913471113549e-02
4.739295379709330264e-02
4.687490454576000165e-02
4.610760518293614135e-02
4.514237190804625682e-02
4.659999633455718521e-02
4.986101862655857586e-02
4.847425942782437880e-02
5.231686531330372730e-02
4.439462157357459970e-02
4.588279135688583948e-02
4.648270216444398001e-02
4.615159049672859504e-02
4.664886890543768622e-02
4.559322137441887413e-02
4.598664557000690239e-02
4.812848598884483797e-02
4.716936178531501433e-02
4.777293803568919556e-02
4.928798773298470604e-02
5.563653469036172056e-02
4.378860169465639829e-02
4.204873817131057900e-02
4.437995980231045079e-02
3.978960358235944517e-02
4.615403412527261523e-02
4.990622575462304311e-02
4.550280711828994656e-02
4.473917319828212696e-02
4.654501469231662331e-02
4.924033697637621859e-02
4.342694467014069498e-02
4.005229365084213289e-02
5.825854811810056433e-02
4.963009572914821310e-02
4.542705463342517486e-02
4.398042653536236163e-02
4.419302221869253477e-02
4.621145939605720426e-02
4.968752099993280213e-02
4.717180541385904147e-02
4.900208319333378137e-02
4.625422289557764438e-02
4.801363544727565991e-02
4.735507755466091678e-02
4.724389245590777942e-02
4.504951402337330907e-02
4.944437995980231065e-02
5.009194152396893862e-02
4.732819764067663915e-02
4.559199956014686056e-02
4.707283845782602588e-02
4.759944040906341489e-02
4.976327348479757384e-02
4.901185770750988296e-02
4.579115528648489836e-02
4.758355682352725241e-02
4.889822898021271846e-02
5.264553335247509208e-02
4.689323175984018433e-02
4.738928835427726888e-02
4.321923624389856222e-02
5.027643547904282750e-02
4.651202570697228478e-02
4.912915187762308122e-02
4.558833411733082680e-02
4.845348858520016205e-02
4.745404451069393237e-02
5.098264412826606501e-02
4.893732703691711788e-02
4.942238730290608728e-02
4.529143324923178698e-02
4.826899463012627317e-02
4.851091385598475109e-02
4.616014319663268306e-02
4.751391341002254159e-02
4.387657232224129872e-02
4.627865918101789489e-02
4.654990194940467063e-02
4.913648276325515568e-02
4.301397144620046353e-02
4.873206223921901920e-02
4.890678168011680649e-02
4.681137020361535173e-02
4.795743199076308444e-02
4.397920472109034806e-02
4.446793042989535122e-02
5.330531305936184877e-02
4.515947730785443287e-02
5.102052037069845086e-02
4.860988081201776667e-02
4.290034271890329903e-02
4.320090902981837955e-02
5.747903061255658225e-02
4.407206260576329582e-02
4.752613155274267032e-02
4.864531342590612539e-02
5.017013763737774440e-02
4.937718017484162003e-02
4.774361449316089773e-02
5.013226139494535161e-02
4.632020086626632144e-02
4.998442186803184195e-02
4.413804057645197287e-02
4.771306913636057939e-02
4.629209913801003023e-02
5.410560140753004066e-02
4.690300627401628591e-02
4.440806153056674199e-02
4.769596373655240334e-02
4.792077756260271215e-02
4.744426999651783078e-02
4.259244552235614406e-02
5.332486208771404501e-02
4.956533957273154961e-02
4.292355719007153597e-02
4.478560214061860778e-02
4.524133886407927241e-02
4.936984928920954557e-02
4.708872204336218836e-02
4.966064108594852450e-02
4.881758923825989249e-02
4.885546548069227835e-02
4.958977585817180012e-02
4.770696006500051850e-02
4.457056282874440056e-02
4.939428557464979608e-02
4.609905248303205333e-02
4.544660366177737110e-02
4.836918340043130232e-02
5.141394456628647913e-02
4.765930930839203106e-02
4.652913110678046082e-02
4.943704907417023620e-02
4.773383997898479614e-02
4.880781472408379090e-02
4.275005956344576225e-02
4.847425942782437880e-02
4.749558619594235198e-02
4.600130734127105131e-02
4.740517193981343136e-02
4.782425423511372370e-02
4.857933545521745528e-02
5.144082448027075677e-02
5.113048365517957466e-02
4.771917820772064722e-02
4.999541819647995017e-02
4.796842831921119960e-02
4.394865936429003667e-02
4.378127080902431689e-02
4.560055226005094858e-02
4.645215680764366861e-02
4.592188941359023890e-02
5.673005846381291850e-02
5.064542338919061221e-02
4.505073583764532263e-02
5.033752619264345723e-02
4.966675015730858539e-02
4.662076717718139501e-02
4.920246073394383274e-02
4.078782584259366822e-02
4.847303761355236523e-02
4.504951402337330907e-02
5.235962881282416048e-02
4.724511427017979298e-02
5.102052037069845086e-02
4.979870609868593950e-02
5.115858538343586587e-02
5.053301647616546127e-02
5.001863266764819405e-02
4.746870628195808128e-02
4.830442724401463883e-02
5.092399704320946241e-02
5.078837565901607454e-02
4.832275445809482844e-02
4.962398665778815221e-02
4.970218277119695105e-02
4.965453201458846361e-02
4.847914668491242612e-02
4.383747426553689236e-02
4.512160106542204702e-02
5.071506680269532302e-02
4.813826050302093262e-02
4.815414408855709510e-02
4.855367735550519120e-02
5.019090848000195421e-02
5.122334153985252936e-02
5.088612080077707656e-02
4.584491511445345363e-02
5.606661331411012111e-02
4.601596911253520023e-02
4.810649333194860766e-02
5.081892101581638593e-02
4.853779376996902872e-02
4.989034216908687369e-02
5.227410181378328718e-02
5.247692298293736568e-02
4.415025871917210160e-02
4.304451680300077493e-02
5.275060937986816856e-02
4.890311623730076579e-02
4.819446395953350809e-02
4.845348858520016205e-02
5.309149556175965512e-02
4.781203609239359498e-02
5.195032103169996973e-02
