1.183270683244248147e+02
1.178339433728406505e+02
1.171761271206135291e+02
1.170331842125648762e+02
1.166765338136184056e+02
1.183774014253621516e+02
1.189832674877992105e+02
1.189073320938879874e+02
1.189681520644511608e+02
1.189974823766364551e+02
1.187991808040901702e+02
1.187381284375242103e+02
1.188531160430707274e+02
1.185435839336896748e+02
1.187325315671237149e+02
1.189687621039584826e+02
1.186756429622743809e+02
1.187918700131691025e+02
1.187174936091099227e+02
1.186661340924936070e+02
1.187693179177318115e+02
1.186890541482686530e+02
1.183641451700364087e+02
1.185752285227360687e+02
1.184544891161205413e+02
1.182623944534820737e+02
1.181878631187543505e+02
1.182567878999147837e+02
1.180873034317143038e+02
1.183421159656053874e+02
1.179486985823843810e+02
1.179961751491207735e+02
1.182366662793399996e+02
1.181817917731815015e+02
1.180830622046634062e+02
1.183781567123712080e+02
1.184307459911689477e+02
1.183819621969168736e+02
1.183253737702378174e+02
1.182453327136106651e+02
1.181690099930281264e+02
1.181341505926098137e+02
1.181671217755054641e+02
1.179586625610039476e+02
1.178202997908435918e+02
1.177322023394530959e+02
1.174975307924703714e+02
1.174549829576264557e+02
1.173401696490820427e+02
1.171073088542877088e+02
1.169592629173444891e+02
1.169094042915795200e+02
1.165111356418002941e+02
1.166017991323882512e+02
1.163055039119993808e+02
1.162006739484080811e+02
1.167034239677744267e+02
1.167587148501045817e+02
1.168769947323572751e+02
1.168064334960105413e+02
1.170460918738864393e+02
1.170253892633046746e+02
1.167766771244867954e+02
1.169832771709659909e+02
1.167442385157641951e+02
1.166918235339685452e+02
1.167177356882794896e+02
1.166224339608025389e+02
1.166984080873808978e+02
1.165997656673638545e+02
1.165713358896893652e+02
1.163805290882330183e+02
1.160956212719807894e+02
1.161425943140444588e+02
1.161663277558292720e+02
1.161510767681462539e+02
1.163228658300410530e+02
1.164408068014563469e+02
1.165336780540708048e+02
1.165990684793554948e+02
1.164095398559144741e+02
1.168056104268339936e+02
1.165992427763575847e+02
1.165683922069873688e+02
1.170720621271980804e+02
1.169182062901851396e+02
1.171905453559532049e+02
1.171444534820667798e+02
1.170581667828646744e+02
1.172031141064373685e+02
1.171647590828104484e+02
1.171609535982647827e+02
1.172093694321791020e+02
1.170386648849639784e+02
1.171732512200790097e+02
1.170651967619490250e+02
1.171151425362150462e+02
1.168592939034781892e+02
1.168476063211712699e+02
1.167921992408397216e+02
1.166726702300720433e+02
1.164973564954682814e+02
1.164146719343093963e+02
1.161666085676659748e+02
1.160550003873266718e+02
1.161183767139205258e+02
1.157386222790301389e+02
1.155156286311875391e+02
1.157694728484003406e+02
1.157003544039042566e+02
1.156616701526067033e+02
1.155442133395305575e+02
1.151660856766596908e+02
1.151946510186691484e+02
1.149616933922069819e+02
1.147619974436439634e+02
1.146209233867844119e+02
1.146617282516073999e+02
1.145429157951816563e+02
1.143570280424510059e+02
1.150654194747850312e+02
1.148930106902161299e+02
1.148482163606785917e+02
1.148037609419784673e+02
1.147586277016035297e+02
1.143995080951274304e+02
1.143212777906886686e+02
1.143068014563482819e+02
1.141177860407467648e+02
1.136530908668370898e+02
1.138239309783871676e+02
1.137292296072507582e+02
1.134549926407932503e+02
1.135820067394840862e+02
1.133603009528236072e+02
1.132722712836005883e+02
1.134465973351925072e+02
1.134497056317297989e+02
1.133809551475714557e+02
1.134935413277558354e+02
1.134039720350143341e+02
1.134532399876055422e+02
1.135252052831357901e+02
1.133595359826477704e+02
1.133227883647067955e+02
1.134303392981640712e+02
1.132352331706561301e+02
1.132315922999457740e+02
1.133878882949879880e+02
1.131585812224029723e+02
1.131266848710202169e+02
1.132517720195212689e+02
1.131902064451158054e+02
1.131659016964908204e+02
1.131478135409404331e+02
1.133215876520257126e+02
1.133698291889379561e+02
1.133088058718723374e+02
1.131411321558602481e+02
1.132406944767216714e+02
1.134580912541637616e+02
1.136354771864590560e+02
1.135379870632891794e+02
1.136361937408009908e+02
1.136755461306065484e+02
1.136476586102719040e+02
1.135747734138972760e+02
1.136828762878611769e+02
1.138277655124331886e+02
1.137784200945077089e+02
1.139928731892478169e+02
1.141570319157177096e+02
1.141857521883956963e+02
1.143514311720505106e+02
1.144175187853435602e+02
1.147272445580602636e+02
1.149711344798202788e+02
1.153075470601905579e+02
1.153771883956929258e+02
1.154671837477728786e+02
1.156576419552250314e+02
1.159583817491672448e+02
1.161987663645518580e+02
1.164421043458052480e+02
1.167364145170036380e+02
1.167345359826477704e+02
1.171359419784646434e+02
1.173395305600743654e+02
1.176771438531257274e+02
1.178269230769230802e+02
1.181213978619567797e+02
1.185246242931288236e+02
1.186856553567278638e+02
1.189420171973042102e+02
1.191888701680997684e+02
1.196737063289178025e+02
1.198386590750639158e+02
1.199181966070183591e+02
1.198276299480982203e+02
1.199892710512045824e+02
1.196332887907661302e+02
1.194689170346269975e+02
1.197610194437989009e+02
1.197363564180029414e+02
1.198516635680532971e+02
1.200270741343248915e+02
1.198929041753815170e+02
1.198293632349523534e+02
1.202363951506700772e+02
1.201272852273607583e+02
1.202754764118057125e+02
1.202705767294135910e+02
1.201998315128979726e+02
1.202566329692462688e+02
1.202579886125958666e+02
1.201040068944147521e+02
1.201161980013943804e+02
1.201539139360136375e+02
1.201616120536060066e+02
1.202167770547679879e+02
1.202516558215198756e+02
1.202619683941436222e+02
1.201514156789836534e+02
1.201370652258114546e+02
1.204135971027965013e+02
1.204971240994654949e+02
1.202436187930900928e+02
1.204312591990084371e+02
1.203470253311643035e+02
1.201663761716631740e+02
1.201398927105120435e+02
1.201411127895266873e+02
1.200034375242079108e+02
1.198812746920752943e+02
1.197245623208614091e+02
1.198366546595398603e+02
1.197484894259818731e+02
1.197500096831667804e+02
1.197968762103958511e+02
1.197108509566968735e+02
1.198431714307847216e+02
1.200220388875978017e+02
1.198113234952358823e+02
1.200075431869238543e+02
1.201802908823301550e+02
1.201271206135254488e+02
1.200770005422573377e+02
1.201543496785188694e+02
1.201818305058486374e+02
1.202085463630025544e+02
1.202736269269501861e+02
1.200972383608335292e+02
1.201176504764118107e+02
1.202528468510341639e+02
1.200501491207684523e+02
1.200393523898055577e+02
1.201269075838562230e+02
1.200939364009605725e+02
1.201007533503757116e+02
1.202025621659307433e+02
1.198292857696180960e+02
1.200029630490355572e+02
1.201388178789991485e+02
1.198374680455496133e+02
1.199543148191184514e+02
1.199221279727321985e+02
1.200373092416143805e+02
1.199012897978154797e+02
1.199097819350840552e+02
1.199428596328143186e+02
1.199529398094352786e+02
1.199428209001471828e+02
1.198423774111085294e+02
1.198408765202571828e+02
1.199663800449298918e+02
1.198642032690371053e+02
1.198115171585715331e+02
1.198222364242001703e+02
1.199419784646370744e+02
1.197460686342861607e+02
1.200248470059648298e+02
1.197810539158726471e+02
1.198718626539623529e+02
1.199189228445270743e+02
1.198904833836858046e+02
1.198121756139127712e+02
1.198494267565264551e+02
1.196534297776744893e+02
1.198668274072352631e+02
1.197366565961732192e+02
1.197273994887287927e+02
1.198314547989774610e+02
1.200060326129057273e+02
1.201414226508637455e+02
1.200418022310016255e+02
1.201539623518475537e+02
1.201043361220853711e+02
1.200685665039894587e+02
1.200359826477651239e+02
1.200278487876675229e+02
1.202651444728484051e+02
1.200495100317607893e+02
1.199784549539081269e+02
1.199100724300875385e+02
1.198462313114881113e+02
1.198102777132233285e+02
1.198143349601053558e+02
1.198423386784413935e+02
1.198428228367805417e+02
1.197002963049035600e+02
1.198118754357425075e+02
1.198470834301650001e+02
1.199250813386009753e+02
1.200607618715624767e+02
1.199147106669765321e+02
1.198823398404214089e+02
1.199695077078007586e+02
1.194063540940429107e+02
1.195155317995197208e+02
1.197486346734836218e+02
1.194092784104113463e+02
1.195029727322023376e+02
1.195396525679758355e+02
1.193301959872956814e+02
1.195583410798667643e+02
1.195322158958865941e+02
1.195229587884421676e+02
1.196392923541715021e+02
1.195003001781702636e+02
1.192733654814470583e+02
1.194840421411418419e+02
1.194031489658377865e+02
1.192379347741885454e+02
1.193692385157641951e+02
1.193887113641645357e+02
1.194410876132930497e+02
1.193444205592997065e+02
1.194662735300952789e+02
1.194213726857231421e+02
1.194329343868618736e+02
1.195455012007126783e+02
1.195863254318692412e+02
1.196190351692617497e+02
1.196621639941126318e+02
1.196511445503137310e+02
1.193407796885893504e+02
1.195003195445038386e+02
1.194518165620884673e+02
1.194335734758695509e+02
1.194441378108296590e+02
1.194379212177550613e+02
1.194594081648462378e+02
1.194515454334185449e+02
1.194899295065458205e+02
1.194099949647532668e+02
1.193659462390580188e+02
1.193636319621969193e+02
1.191555503911999381e+02
1.190805348981330809e+02
1.190452591215431113e+02
1.188821461770857582e+02
1.188739058021535300e+02
1.189755015880393501e+02
1.188172592764737772e+02
1.187246301030289004e+02
1.187586567511038851e+02
1.186462061352544737e+02
1.186257165543419347e+02
1.186606050042605887e+02
1.183523510728948764e+02
1.183814296227438234e+02
1.183688415059260990e+02
1.184497637307304956e+02
1.185214482144240407e+02
1.183999244712990873e+02
1.184000309861337001e+02
1.181651367263149695e+02
1.182952881710434525e+02
1.182465915252924304e+02
1.179117476179409749e+02
1.181183573475869508e+02
1.180658649004570435e+02
1.179184386861879261e+02
1.180142245720040250e+02
1.179092299945774300e+02
1.179224862499031730e+02
1.180253602138043192e+02
1.178837729491052784e+02
1.177276996668990563e+02
1.177935839336896748e+02
1.178466186381594270e+02
1.176533329460066568e+02
1.176714501510573996e+02
1.176653497559841952e+02
1.175820261058176470e+02
1.177657641955225074e+02
1.179734971725152946e+02
1.181916008211325391e+02
1.180840983035091796e+02
1.180225714617708519e+02
1.180356340537609441e+02
1.180498295762646279e+02
1.180340750639089009e+02
1.178441687969633591e+02
1.179309202881710377e+02
1.178359768378650614e+02
1.176560345495390862e+02
1.177764640948175696e+02
1.178521961422263473e+02
1.177837555194050623e+02
1.178770140986908359e+02
1.178291889379502635e+02
1.178979781547757426e+02
1.179975985746378484e+02
1.177578917809280341e+02
1.176340053451080649e+02
1.178009140909443033e+02
1.176620962119451548e+02
1.176752265861027240e+02
1.176029804787357591e+02
1.177297331319234672e+02
1.174806433496010527e+02
1.176431268882175232e+02
1.175118134634750930e+02
1.175233170656131421e+02
1.178144705244403099e+02
1.178322972344875694e+02
1.179658958865907437e+02
1.180379192811217024e+02
1.180264156789836534e+02
1.179015318769850467e+02
1.182668196607018416e+02
1.180818518088155571e+02
1.180548357734913623e+02
1.183470931133317805e+02
1.183163103261290559e+02
1.182511522968471667e+02
1.185418119141684059e+02
1.184672031141064394e+02
1.183938434425594579e+02
1.187232357270121668e+02
1.184494635525602320e+02
1.187069195909830341e+02
1.186764079324502319e+02
1.182902916569834986e+02
1.184017642729878332e+02
1.184261561701138703e+02
1.182602060577891336e+02
1.185026338213649382e+02
1.182842009450770746e+02
1.182949879928731889e+02
1.184464424045239781e+02
1.183323746998218269e+02
1.181927821674800470e+02
1.181343829886126002e+02
1.183126597722519193e+02
1.180582248818653710e+02
1.180315574405453560e+02
1.181123150515144431e+02
1.179825896661244116e+02
1.181817239910140245e+02
1.179821055077852634e+02
1.179217503292276774e+02
1.179960880006197215e+02
1.178917712448679254e+02
1.176940797118289623e+02
1.177359594081648453e+02
1.177083914323340252e+02
1.175781431559377239e+02
1.177429990704159906e+02
1.176026512510651543e+02
1.175497424277635758e+02
1.174988864358199692e+02
1.176058757456038393e+02
1.174709795491517497e+02
1.175682953753195505e+02
1.176670443101711925e+02
1.175391780928034677e+02
1.174938027732589632e+02
1.174349388023859291e+02
1.173925846308776784e+02
1.173607560616623999e+02
1.173025699124641790e+02
1.172686594623905734e+02
1.172664420171973063e+02
1.173844701371136381e+02
1.171308873654039786e+02
1.170478638934076940e+02
1.171783155163064549e+02
1.171823727631884680e+02
1.171825373770237775e+02
1.171250580990006966e+02
1.172411495855604642e+02
1.171926369199783124e+02
1.173837245332713621e+02
1.174053857773646286e+02
1.172955786660469499e+02
1.173685897435897374e+02
1.173446335889689323e+02
1.174381923464249695e+02
1.174239193585870282e+02
1.173540165775815325e+02
1.174089104500735914e+02
1.174643949957394113e+02
1.175002808118367028e+02
1.176184638624215637e+02
1.175484739329150159e+02
1.176763788829498765e+02
1.175663877914633133e+02
1.176263169106824762e+02
1.175120361763110992e+02
1.174012123324812080e+02
1.174521361065923060e+02
1.172472209311333131e+02
1.171313037415756497e+02
1.171521419164923685e+02
1.171054884189325236e+02
1.170106030676272297e+02
1.169742911921915010e+02
1.170334359749012378e+02
1.169250522891006341e+02
1.169711732124874146e+02
1.169326051591912687e+02
1.168180726624835444e+02
1.168450886978077250e+02
1.168950344720737462e+02
1.166821016345185598e+02
1.167233325586799850e+02
1.165161515221938231e+02
1.164880800216902941e+02
1.163876171663180656e+02
1.163178015338136220e+02
1.163547234487566868e+02
1.163761619800139471e+02
1.163016984274537151e+02
1.163448369354713776e+02
1.161593074599116875e+02
1.162314083197769037e+02
1.160881652335579872e+02
1.161041134092493650e+02
1.162974862499031730e+02
1.161670927260051087e+02
1.161626578356185604e+02
1.160691087613293035e+02
1.160482318537454489e+02
1.162655705321868425e+02
1.163869393446432667e+02
1.164142265086373840e+02
1.165759160275776622e+02
1.166519482531567178e+02
1.165879812533891027e+02
1.167094468975133594e+02
1.168176756526454341e+02
1.167170578666046907e+02
1.167045568982880184e+02
1.166711499728871360e+02
1.166299577813928323e+02
1.166242640793245045e+02
1.166725637152374304e+02
1.165698737315051545e+02
1.166075993492911920e+02
1.167505325741730644e+02
1.166424974823766405e+02
1.166257843365094118e+02
1.166883472770934986e+02
1.165813773336431893e+02
1.165221357192656342e+02
1.166891025641025692e+02
1.165806898288016100e+02
1.166191900999302788e+02
1.166207200402819808e+02
1.165723526222015636e+02
1.165808641258036999e+02
1.165543806646525695e+02
1.163489425981873069e+02
1.163378747385544898e+02
1.163340789371756188e+02
1.162751955999690097e+02
1.160685761871562534e+02
1.160833139669997678e+02
1.158768107521883906e+02
1.158538325974126622e+02
1.157973700519017797e+02
1.159420752963049068e+02
1.159694592919668423e+02
1.160026822371988544e+02
1.161564025098768269e+02
1.160535769618095969e+02
1.160444360523665637e+02
1.160540998528158667e+02
1.159185258346889782e+02
1.158839085134402325e+02
1.159822313889534371e+02
1.158625377643504493e+02
1.161261329305135916e+02
1.162261600433805881e+02
1.162121194515454334e+02
1.161506410256410220e+02
1.160021012471918880e+02
1.159389089007669043e+02
1.159588078085056964e+02
1.160086954837710067e+02
1.159261658532806507e+02
1.159209756758850460e+02
1.158667015260670894e+02
1.159571229374854795e+02
1.158319002246494733e+02
1.157836102719033278e+02
1.155122685723138858e+02
1.153947923929041792e+02
1.154890386552017958e+02
1.153178693159810990e+02
1.153243086218917028e+02
1.154444767216670584e+02
1.154551863041289010e+02
1.154229413587419657e+02
1.153204547215121210e+02
1.152802889456967961e+02
1.154335444263691954e+02
1.153389205205670436e+02
1.152355914478270904e+02
1.152171450151057428e+02
1.151773665659617336e+02
1.152609032457975076e+02
1.152956851808815486e+02
1.152218510341622135e+02
1.153583546363002625e+02
1.153558563792702785e+02
1.151478038577736527e+02
1.152679719575489941e+02
1.153239987605546588e+02
1.153039158726469964e+02
1.152539700983809752e+02
1.151957355333488238e+02
1.151314877217445201e+02
1.150504008831048139e+02
1.152672747695406343e+02
1.152712448679216095e+02
1.152798338368580033e+02
1.152974281509024763e+02
1.154924568130761457e+02
1.154712603609884525e+02
1.156183476644201704e+02
1.156726895964056041e+02
1.153968742737624922e+02
1.156588814005732502e+02
1.155953114106437312e+02
1.156072798047873533e+02
1.156748876752653246e+02
1.157134266790611150e+02
1.155149217600123990e+02
1.155374351227825542e+02
1.155822972344875694e+02
1.156170791695716105e+02
1.154042334805174619e+02
1.154373208614145199e+02
1.155160837400263318e+02
1.155479704082423069e+02
1.155901986985823839e+02
1.155753834534045978e+02
1.155300565496940095e+02
1.154343093965450464e+02
1.152799597180261770e+02
1.153171333953056035e+02
1.152058350763033587e+02
1.152825257572236382e+02
1.151797098923231886e+02
1.151804554961654645e+02
1.151821694166860368e+02
1.153555174684328790e+02
1.153413897280966722e+02
1.152479278023084674e+02
1.152242621426911455e+02
1.152126713920520586e+02
1.152093694321791020e+02
1.151751200712681111e+02
1.151842416143775694e+02
1.153265357502517645e+02
1.151840576342086848e+02
1.150942268959640558e+02
1.151137191106979571e+02
1.151595882717483903e+02
1.152084398481679415e+02
1.151115597645053867e+02
1.151691165078627250e+02
1.150705515531799534e+02
1.151069602602835289e+02
1.150007456038422760e+02
1.150613041289023215e+02
1.151641296769695515e+02
1.150202087690758361e+02
1.150738825625532513e+02
1.152820319157177096e+02
1.153118270199085913e+02
1.153197188008366254e+02
1.152222189944999542e+02
1.153305445812998613e+02
1.152805407080331577e+02
1.154159501123247367e+02
1.154183999535208045e+02
1.154399353164458972e+02
1.153388721047331273e+02
1.154981505151444736e+02
1.153445948563018106e+02
1.153881303741575692e+02
1.153247056317297989e+02
1.154375919900844423e+02
1.154769831125571358e+02
1.154338639708730341e+02
1.155804961654659593e+02
1.156612150437679105e+02
1.156728251607405724e+02
1.157809377178712538e+02
1.157209214501510530e+02
1.156607018359284211e+02
1.153945115810674764e+02
1.153111879309009282e+02
1.153875300178170278e+02
1.153948892245719975e+02
1.153679409714152939e+02
1.153690448524285443e+02
1.154183902703540099e+02
1.152074327988225235e+02
1.152838039352389785e+02
1.153937853435587613e+02
1.153982105507785292e+02
1.152540572468820272e+02
1.152890715779688549e+02
1.151960260283523070e+02
1.151464482144240407e+02
1.150778526609342265e+02
1.148230401270431429e+02
1.145632698117592412e+02
1.144465005035246747e+02
1.144695754899682356e+02
1.142168932527693812e+02
1.141888798512665630e+02
1.142446645751026466e+02
1.140208188085831580e+02
1.141940119296614711e+02
1.142035014331086842e+02
1.140466050817259287e+02
1.144240355565884215e+02
1.142058447594701391e+02
1.140031663955380026e+02
1.144197265473700469e+02
1.140541482686497829e+02
1.141668119141684059e+02
1.144146816174761767e+02
1.142224707568363158e+02
1.143043322488186533e+02
1.146092745371446284e+02
1.143837342164381425e+02
1.146633550236269201e+02
1.148957026105817647e+02
1.147878708652877862e+02
1.147233228755132046e+02
1.148160876132930497e+02
1.150105546517933277e+02
1.148569699434503093e+02
1.147409946548919351e+02
1.144911980013943804e+02
1.143758133860097672e+02
1.146697168642032665e+02
1.146184251297544279e+02
1.144841486559764547e+02
1.146311488109071206e+02
1.145367282516073999e+02
1.142922960725075541e+02
1.144037590053451083e+02
1.143157293361220894e+02
1.142693082345650311e+02
1.141297060190564707e+02
1.142944941513672603e+02
1.139943062979316721e+02
1.139728968161747673e+02
1.142390773878689316e+02
1.137885583701293655e+02
1.139056956387016868e+02
1.140739890773878642e+02
1.137605062359594115e+02
1.138467542024943810e+02
1.140084534046014397e+02
1.137446452087690716e+02
1.140876132930513620e+02
1.138420578666046907e+02
1.139863176853358055e+02
1.140251665504686684e+02
1.142131458672244122e+02
1.140990587961887002e+02
1.144004376791385909e+02
1.144992447129909436e+02
1.141306549694011920e+02
1.144101111627546743e+02
1.143424161437756652e+02
1.143411863815942411e+02
1.145639476334340401e+02
1.143677279417460682e+02
1.142843752420791645e+02
1.143340402045084829e+02
1.143369161050429881e+02
1.143064819118444433e+02
1.143717174064606041e+02
1.143014563482841481e+02
1.141858974358974308e+02
1.144599891548532042e+02
1.144892710512045824e+02
1.144839453094740094e+02
1.146714211015570584e+02
1.145360988457665172e+02
1.143829111472615949e+02
1.145286718568440563e+02
1.144827736462932819e+02
1.144451739096754181e+02
1.144131516771244890e+02
1.144425788209776158e+02
1.143548783794252017e+02
1.142371794871794890e+02
1.143057847238360836e+02
1.141756235959408201e+02
1.143158068014563469e+02
1.141864203269037148e+02
1.140667848013014236e+02
1.141738709427531120e+02
1.140556491595011295e+02
1.140097703152839159e+02
1.139275311797970431e+02
1.138390754512355727e+02
1.137977380122395203e+02
1.137650960570144889e+02
1.137869219149430648e+02
1.138162425439615788e+02
1.138354442636919970e+02
1.137239813308544427e+02
1.136878147029204484e+02
1.138192346424974772e+02
1.137198853513052939e+02
1.138688415059260990e+02
1.138427260051127092e+02
1.138527964985668888e+02
1.139644240452397526e+02
1.140781818886048455e+02
1.140782109381052010e+02
1.141284278410411304e+02
1.140553392981640712e+02
1.139779320629018571e+02
1.141263846928499532e+02
1.141920752963049068e+02
1.141930823456503248e+02
1.141240316833217179e+02
1.139764989542179876e+02
1.139735068556820892e+02
1.139317143078472441e+02
1.140441746068634217e+02
1.139921082190719659e+02
1.140062456425749531e+02
1.138667305755674306e+02
1.138778274847006031e+02
1.138232918893795045e+02
1.138731505151444736e+02
1.139779223797350625e+02
1.139400902471144121e+02
1.139272406847935599e+02
1.140589220698737307e+02
1.140262994809822601e+02
1.140063618405763464e+02
1.141312940584088551e+02
1.142373441010147985e+02
1.141060209931055880e+02
1.140006681385080185e+02
1.139087264699047211e+02
1.139369722674103400e+02
1.139229994577426623e+02
1.139527558292664082e+02
1.138511890928809294e+02
1.136999864435665017e+02
1.136866914555736372e+02
1.137222577271670900e+02
1.136853939112247218e+02
1.137940971415291642e+02
1.135580021690293648e+02
1.138438492524595205e+02
1.138582384382988550e+02
1.136671508250058054e+02
1.138393465799054951e+02
1.138024730807963465e+02
1.139223313192346438e+02
1.140062553257417335e+02
1.139064606088775236e+02
1.140837593926717801e+02
1.140651096134479872e+02
1.142090983035091796e+02
1.138369257882097827e+02
