1.730129859433340584e+02
1.755591879979234591e+02
1.756644245552382984e+02
1.759398174031108226e+02
1.762963193598626219e+02
1.766624228780224826e+02
1.774390911087594702e+02
1.779466884970948115e+02
1.784181184234171269e+02
1.788908137491763739e+02
1.791250012479284521e+02
1.790815296607631240e+02
1.788085178603518273e+02
1.786631891060839052e+02
1.785435327356588004e+02
1.786223731106363459e+02
1.788036796417946164e+02
1.787436418046043514e+02
1.787202656090889263e+02
1.787848533933670012e+02
1.787617529900365412e+02
1.787679751612323571e+02
1.788639021723938356e+02
1.789572884012539191e+02
1.790080067088632916e+02
1.789274778867080613e+02
1.789618620589820921e+02
1.786763559990415899e+02
1.787637309566120223e+02
1.788204767585807531e+02
1.788283050136772943e+02
1.788745232913363736e+02
1.790768923586845744e+02
1.792123175528622596e+02
1.791296260707225940e+02
1.792257265439370713e+02
1.792824161891260530e+02
1.790497773695665273e+02
1.787540570153545048e+02
1.786279775572549511e+02
1.785408434498732220e+02
1.789670684164287309e+02
1.790700649421959554e+02
1.791697432262444352e+02
1.793454827486372665e+02
1.794721874188846584e+02
1.795848716131222034e+02
1.796540355509853555e+02
1.797597650400335567e+02
1.796243485813549512e+02
1.792351172054389679e+02
1.790260330351616176e+02
1.789410416209092887e+02
1.791104528981890098e+02
1.791531582572928869e+02
1.794949246750394423e+02
1.797152114989117990e+02
1.798412098416628453e+02
1.797467828404847978e+02
1.797526506000039888e+02
1.797585258470938356e+02
1.796134953477227896e+02
1.796098588842521337e+02
1.794442088632869456e+02
1.795667554359762903e+02
1.797502233791905439e+02
1.795239677135954253e+02
1.795311720044725803e+02
1.796848893337060531e+02
1.798953250104825941e+02
1.800606043967014784e+02
1.801287400415310458e+02
1.800031560110217015e+02
1.799652988539025102e+02
1.797974612143841284e+02
1.795442827406505160e+02
1.794035401233951745e+02
1.792653744783659135e+02
1.795056181738314365e+02
1.798180083561288143e+02
1.799188646846235144e+02
1.798551853922488704e+02
1.798735761136513247e+02
1.800202713495597209e+02
1.799727602180380472e+02
1.798770852884212275e+02
1.799412300581035424e+02
1.799024394505121620e+02
1.799499792843879220e+02
1.798251527464409207e+02
1.797556131821176848e+02
1.796349085518040170e+02
1.794598129604856069e+02
1.793626330291715760e+02
1.794452271728929986e+02
1.796472580516342816e+02
1.796777561747499021e+02
1.796999094003953417e+02
1.794998964219395816e+02
1.793891090789289819e+02
1.789900627458418967e+02
1.786815748357726079e+02
1.784085680270750629e+02
1.780438284946988006e+02
1.777581027993530824e+02
1.778649242257851881e+02
1.780187164307249930e+02
1.781307791566000560e+02
1.779769183155961230e+02
1.778467606273585773e+02
1.775383338657827892e+02
1.770304731645468621e+02
1.765696818281652440e+02
1.764227257752131379e+02
1.762440037038516039e+02
1.758608859293572664e+02
1.758106593055527753e+02
1.757082031327995537e+02
1.757086436515384378e+02
1.756296847233592189e+02
1.756866089790947001e+02
1.758694492143042680e+02
1.759900714813409763e+02
1.760823757562446303e+02
1.765518514266317993e+02
1.768779950282531104e+02
1.770774289679132778e+02
1.773674887187269178e+02
1.775755508356128871e+02
1.775484558133498467e+02
1.776914621727931660e+02
1.781188689275802233e+02
1.787430615178803066e+02
1.788142595790986888e+02
1.787102809336501537e+02
1.786018683984585493e+02
1.786317612762813667e+02
1.786989684623524965e+02
1.788745370185492050e+02
1.791784175768224827e+02
1.793891727232793585e+02
1.797603740291116878e+02
1.796889775472715201e+02
1.800289120060699304e+02
1.803773411137511857e+02
1.805803116826068617e+02
1.806559074436435424e+02
1.804581894055867224e+02
1.804144270510951742e+02
1.805140379470079779e+02
1.803300471217778522e+02
1.802663166643372108e+02
1.804330087055487866e+02
1.804784719865023987e+02
1.804283115029051885e+02
1.804484942495457460e+02
1.804366875985863601e+02
1.805697854062256624e+02
1.807362927540283124e+02
1.808403562586107114e+02
1.807794074336601113e+02
1.806015239702094561e+02
1.805401633288740584e+02
1.805154892877822874e+02
1.803347667871333613e+02
1.800278450272547559e+02
1.804836521374518270e+02
1.806492385140666386e+02
1.806004320328255233e+02
1.805567607771099858e+02
1.804844595471517152e+02
1.802692043707445748e+02
1.802844028912006138e+02
1.803757300381366804e+02
1.799794952878222034e+02
1.794108791905437101e+02
1.795096901643272247e+02
1.794425977876724687e+02
1.791131771259708785e+02
1.793304239961663598e+02
1.795613094762694004e+02
1.794793105944132776e+02
1.793501737116386892e+02
1.792982474093005578e+02
1.789302969570512971e+02
1.786714628716330822e+02
1.785789389613242122e+02
1.781737877623145607e+02
1.781396007627338633e+02
1.782660845496475872e+02
1.786907034323023709e+02
1.790889298764051603e+02
1.794007634826188564e+02
1.796201929796537797e+02
1.795703057923846302e+02
1.795053473733602232e+02
1.793329285885430124e+02
1.794100842601282011e+02
1.792053615997444354e+02
1.788819522093324963e+02
1.785373841922408928e+02
1.783612203741788562e+02
1.780763045843899022e+02
1.778483442485474200e+02
1.777215135375276986e+02
1.778219280993550626e+02
1.780110491583970713e+02
1.781938419723259415e+02
1.783375920971187725e+02
1.785955750953417294e+02
1.787726773555897353e+02
1.787934778268075036e+02
1.788293582652796374e+02
1.789199204320827334e+02
1.790337315057005299e+02
1.792121016612423432e+02
1.791967122077351462e+02
1.788874430944631797e+02
1.787855235309386330e+02
1.790344178663418688e+02
1.789855290218237656e+02
1.791203077890701536e+02
1.792504342790967087e+02
1.792773882854461647e+02
1.791503828644450209e+02
1.787882190563664437e+02
1.782792065171814784e+02
1.778949294171675035e+02
1.779101316814088705e+02
1.779413249006649096e+02
1.779628853603018968e+02
1.781740161332188563e+02
1.783896332088732777e+02
1.782949628616496511e+02
1.783045831419842955e+02
1.782930772417786613e+02
1.780440306591058857e+02
1.778427672563544490e+02
1.779485192081145328e+02
1.779214578799193305e+02
1.778176863905916321e+02
1.777309266617415062e+02
1.775870704630313810e+02
1.779643079987221199e+02
1.781654690713415619e+02
1.780292027733961504e+02
1.780693111934189119e+02
1.782507287902082567e+02
1.782527566739212830e+02
1.780058914701595256e+02
1.777900647425273917e+02
1.774002655591717712e+02
1.772582974761895116e+02
1.772438427210830127e+02
1.775437373959227614e+02
1.778282164107581309e+02
1.779086653654932775e+02
1.778855811852325246e+02
1.778990101431623430e+02
1.777920277339616177e+02
1.774883505880238772e+02
1.773021721442405578e+02
1.773389011740510739e+02
1.774130917676656622e+02
1.775411017710600277e+02
1.779288730707026218e+02
1.780204884891080894e+02
1.778011663139188840e+02
1.778807354791046862e+02
1.777958301719146164e+02
1.773755915180800002e+02
1.773007544975340863e+02
1.775123020785495953e+02
1.776169608449972941e+02
1.776834829183555371e+02
1.775198620290317990e+02
1.773454440628556483e+02
1.771947766707265828e+02
1.771303049437933055e+02
1.772456696883174061e+02
1.773467793462851603e+02
1.774698650240600557e+02
1.777298309805722454e+02
1.778424378032466109e+02
1.779078379889383541e+02
1.779132827007168203e+02
1.779691000439270852e+02
1.780222780184893168e+02
1.783688527045105161e+02
1.783816514585787729e+02
1.784791096779346162e+02
1.785426492023241281e+02
1.783933520356208646e+02
1.781939505421001115e+02
1.785226149591677824e+02
1.784688417227402510e+02
1.786470172014456068e+02
1.786765357007367641e+02
1.786516657348801118e+02
1.785602549767386051e+02
1.783272742247868621e+02
1.779241009923526917e+02
1.775796502805343096e+02
1.773580394045883963e+02
1.773246735419204185e+02
1.774942096120440169e+02
1.778624757901882845e+02
1.780862842681149232e+02
1.781254966755186331e+02
1.780867410099235144e+02
1.781565987959986330e+02
1.782594655372082286e+02
1.781345167022742260e+02
1.776397729768584099e+02
1.774783446978016457e+02
1.773713922388834590e+02
1.773862650500169593e+02
1.771976107162111020e+02
1.770839556336481451e+02
1.772349237765309624e+02
1.770577354092206974e+02
1.771024599165385496e+02
1.767580728490705440e+02
1.764235968292634311e+02
1.763222600483197766e+02
1.758740628057424544e+02
1.752744506619012554e+02
1.749432591897450209e+02
1.746587889104087310e+02
1.748474557234989959e+02
1.752695263362817855e+02
1.755200180200866669e+02
1.753491803606013946e+02
1.753497643911107673e+02
1.750130346125431799e+02
1.744109852644610044e+02
1.741857853463251047e+02
1.739056528662420362e+02
1.740480826827466387e+02
1.740472278517660811e+02
1.740424869716270848e+02
1.742896728929976291e+02
1.748934918036060253e+02
1.749661973623784377e+02
1.750266931893057460e+02
1.750765941037876985e+02
1.753866356847632915e+02
1.755944844058862202e+02
1.757282473593834311e+02
1.758648867879320221e+02
1.757974162889603349e+02
1.755000736277778799e+02
1.753112520715611993e+02
1.752146411956152861e+02
1.753250940938042959e+02
1.757166316414751464e+02
1.758308295729089821e+02
1.758683123514965132e+02
1.760988097258550908e+02
1.763367023241419247e+02
1.764232811033683959e+02
1.765152496855220363e+02
1.766477073058722453e+02
1.766615331050456348e+02
1.766282570932252440e+02
1.767192784976938356e+02
1.762978093864185496e+02
1.760404665754846860e+02
1.759869316933889820e+02
1.757848309306551187e+02
1.758361794421260811e+02
1.757352644609947561e+02
1.756410558472935008e+02
1.756650921969530543e+02
1.754679145119102373e+02
1.754118538226543933e+02
1.749128683884751183e+02
1.738282713196094562e+02
1.735019704790048536e+02
1.735342868338557878e+02
1.738567727572230126e+02
1.740583506379410039e+02
1.738407780584230125e+02
1.738500738773635703e+02
1.740059538665814785e+02
1.742783916199109342e+02
1.742951288361320223e+02
1.743651151588363177e+02
1.743712549667551741e+02
1.743506691392288701e+02
1.742248966715252720e+02
1.743734949983028173e+02
1.745533788910408646e+02
1.746735331849130546e+02
1.747717613761156485e+02
1.742210368288640723e+02
1.741840145358704603e+02
1.742716715252680615e+02
1.742363127208833475e+02
1.741070710121198886e+02
1.739816255016672244e+02
1.739806471257712133e+02
1.739405936145997771e+02
1.741931543637561788e+02
1.742559426352255230e+02
1.740185117704610320e+02
1.741861896751392749e+02
1.742206062935526916e+02
1.741554918834734451e+02
1.739386518379490099e+02
1.740027741449194423e+02
1.740657895393646584e+02
1.741293565181798328e+02
1.737991409260627336e+02
1.737650000998342819e+02
1.738691908931174339e+02
1.738076967234390793e+02
1.740184980432482007e+02
1.740952918155861369e+02
1.742190938042848813e+02
1.742640703931473638e+02
1.741373120619771271e+02
1.739827324141924407e+02
1.739373652237286194e+02
1.737207922348900695e+02
1.733992871832757601e+02
1.733567278317992191e+02
1.734389076632789681e+02
1.735878803685881451e+02
1.738422044406285636e+02
1.737528877064073640e+02
1.736363037357985775e+02
1.736704982229499024e+02
1.736217491464169598e+02
1.733163511071621201e+02
1.731029590879140585e+02
1.730843811772457741e+02
1.731981435816544490e+02
1.734334267615757881e+02
1.763416840544695674e+02
1.760235321865702929e+02
1.758069267515923570e+02
1.757960448156060806e+02
1.756848194497134727e+02
1.754322599484855232e+02
1.752275447756723850e+02
1.751214820897310460e+02
1.747212252660583545e+02
1.745725283529341425e+02
1.743129043288141702e+02
1.739143047541081728e+02
1.734851658746480894e+02
1.731307267436056065e+02
1.725264423556895679e+02
1.724032281412854672e+02
1.722631581574586050e+02
1.744961813389772942e+02
1.744342915759838775e+02
1.739128047441247418e+02
1.736757969271010040e+02
1.733828145278837098e+02
1.731504078230138077e+02
1.731538720723598885e+02
1.733409951979713810e+02
1.733930962102909064e+02
1.729976526466066389e+02
1.730937905576742537e+02
1.731753364415070848e+02
1.732943239222890099e+02
1.732871133917696511e+02
1.732949965557175176e+02
1.733352659585088702e+02
1.733851244434239049e+02
1.739623475031447697e+02
1.743888744683824825e+02
1.739119436735019804e+02
1.736446423936265830e+02
1.732559763292933610e+02
1.731451927300680893e+02
1.730134327017151463e+02
1.729241945869856067e+02
1.729271122436755093e+02
1.728914689116067223e+02
1.730280509354471690e+02
1.729224761895253835e+02
1.728390222231096516e+02
1.723893349539764017e+02
1.719914966156180753e+02
1.717030242297785776e+02
1.728357064772477827e+02
1.724066299942096236e+02
1.720336865802767363e+02
1.720244569015434308e+02
1.723273665714913250e+02
1.751836476449094562e+02
1.758329198530439612e+02
1.762163995267855228e+02
1.762716577980552302e+02
1.762445353213665271e+02
1.759286459477267783e+02
1.758707071261705437e+02
1.759318893137391910e+02
1.762990697941417295e+02
1.766374281193219247e+02
1.769719303456262480e+02
1.775613494099794423e+02
1.778044845556376288e+02
1.780193204280893724e+02
1.781661716550526080e+02
1.783332393227242676e+02
1.783371827765908506e+02
1.783332605375077264e+02
1.783192113591438215e+02
1.784607713695265829e+02
1.785422985344328310e+02
1.785758752970069736e+02
1.785399411976119666e+02
1.784018317093624546e+02
1.783946161871293725e+02
1.785028864584789119e+02
1.787073720124593308e+02
1.788933096060539469e+02
1.788606063933869734e+02
1.788486325200167641e+02
1.786955953117824549e+02
1.789277798853902652e+02
1.791252084040492889e+02
1.797914461993091493e+02
1.802405956112852721e+02
1.806772644909450207e+02
1.807431888065810881e+02
1.811245869356867502e+02
1.813480210350817572e+02
1.812575811652656625e+02
1.813766272986841841e+02
1.812316005430984660e+02
1.810612021544236541e+02
1.811690181798215065e+02
1.809088912405406973e+02
1.808923524449413947e+02
1.809320403130802788e+02
1.808862974961563737e+02
1.810968267675658296e+02
1.811942126070722736e+02
1.808200986362637934e+02
1.805387182277419527e+02
1.802968335063794143e+02
1.800338924884691494e+02
1.798175803166743094e+02
1.799889620729588842e+02
1.800282605874248816e+02
1.801934301559411438e+02
1.801085335842501536e+02
1.797401064233372665e+02
1.795192330730986612e+02
1.794231350957410598e+02
1.793697337419883127e+02
1.792216046363037378e+02
1.789660001896851327e+02
1.787493984984924964e+02
1.784767198949743374e+02
1.777811033684084521e+02
1.769368498292834033e+02
1.761824359063953978e+02
1.758965030549288144e+02
1.756298868877663040e+02
1.752506539145019246e+02
1.752330381566599442e+02
1.752013757163109346e+02
1.748634429347283401e+02
1.746592107102210321e+02
1.748917521913623432e+02
1.751413491104765967e+02
1.752786786434518831e+02
1.754817939720064714e+02
1.759038521055048534e+02
1.760525677375556484e+02
1.763739080626160671e+02
1.764450487191262482e+02
1.765921033584250210e+02
1.767281899546752300e+02
1.769588146177345607e+02
1.771676304833975735e+02
1.772619027414492052e+02
1.772231982409200839e+02
1.771726072220114645e+02
1.772563844018928592e+02
1.773596467364175453e+02
1.773456050456242679e+02
1.774518025078369874e+02
1.777667858854301812e+02
1.778191252520815340e+02
1.777689722560549512e+02
1.778044383822854115e+02
1.777190027055088422e+02
1.777150567557853833e+02
1.778207874927620082e+02
1.780957872431763178e+02
1.782203117824411436e+02
1.783695652716490656e+02
1.786678101850927476e+02
1.786151126629794419e+02
1.786190823233432639e+02
1.785605332647804744e+02
1.786807237485773499e+02
1.788133860291915482e+02
1.789487650500169593e+02
1.790617836890761225e+02
1.789404338797596097e+02
1.786120777010163181e+02
1.785397964379130542e+02
1.783343325080366526e+02
1.782220800970389121e+02
1.784446893157358716e+02
1.789501115648024268e+02
1.793023243915100977e+02
1.792699057065271688e+02
1.793483142982648815e+02
1.796516332887406975e+02
1.796375816145198883e+02
1.798469927420482009e+02
1.798766772158217293e+02
1.798346706966435704e+02
1.800480639638200557e+02
1.801018022582512970e+02
1.803372127268733891e+02
1.803567864844358439e+02
1.802710463131202232e+02
1.801931930495377685e+02
1.803956856618014228e+02
1.805085607890900974e+02
1.804898356228660532e+02
1.801680772417786613e+02
1.800676352255256347e+02
1.801935312381446863e+02
1.802708129505021759e+02
1.801591745202963182e+02
1.800355722001477545e+02
1.799866122237086472e+02
1.800095416608430128e+02
1.799836995587324964e+02
1.800356021504302930e+02
1.801560546991993306e+02
1.801159724856737796e+02
1.803464124553241561e+02
1.803170237405906278e+02
1.807476863406744769e+02
1.804735039833875874e+02
1.803564170976179639e+02
1.803625306990395814e+02
1.803210408222350907e+02
1.802811208394065829e+02
1.804760535011880336e+02
1.803717691132719665e+02
1.800544383822854115e+02
1.798534470279336404e+02
1.796461411556815619e+02
1.790925301499510738e+02
1.787273001816983822e+02
1.784040867160513528e+02
1.780859398398658300e+02
1.779481747798654112e+02
1.779107831000539193e+02
1.777927802348102091e+02
1.778759733841822595e+02
1.777062700916478661e+02
1.773526433620190517e+02
1.774128883553301534e+02
1.774107007367769597e+02
1.773566192620250490e+02
1.773054991214583822e+02
1.772608108040652439e+02
1.772503132300381310e+02
1.769850810155142540e+02
1.770650582532995259e+02
1.770148079188547001e+02
1.770725907493560669e+02
1.773453180220833474e+02
1.773055977078050489e+02
1.773093876664736399e+02
1.770550336441507113e+02
1.769860855979074756e+02
1.769737947507138074e+02
1.769132028332967366e+02
1.765813025377872805e+02
1.767900385360301811e+02
1.771703734301060251e+02
1.771919875506658855e+02
1.772954270910288983e+02
1.770949561228360949e+02
1.766728093864185496e+02
1.767876412654992748e+02
1.768366137212227613e+02
1.767752842780983542e+02
1.767901071720943094e+02
1.770175945430585216e+02
1.773344285985264435e+02
1.777533606712856624e+02
1.780071131921011158e+02
1.780873013297925525e+02
1.781529423656729705e+02
1.783020261366132218e+02
1.783159742327735842e+02
1.781448195994648813e+02
1.782396758880258858e+02
1.781110007387736403e+02
1.781741858514865271e+02
1.782112817722580473e+02
1.783454028812171828e+02
1.786133942655192470e+02
1.785645154044286471e+02
1.783652050096839332e+02
1.783622923447077824e+02
1.783086139508415897e+02
1.783749550745762065e+02
1.786701300840604461e+02
1.790252293692470573e+02
1.792400552582712692e+02
1.794905132480083125e+02
1.797474217798454674e+02
1.796350695345726081e+02
1.794377133957630406e+02
1.792940044526086751e+02
1.792758520855380198e+02
1.793904393706447422e+02
1.795247713795100140e+02
1.793413795599305161e+02
1.792769714773476153e+02
1.791989360162130822e+02
1.792665712417387169e+02
1.793932596889164017e+02
1.793693156859613111e+02
1.796565039534372943e+02
1.799185514545853835e+02
1.801578916498612273e+02
1.799150198171035981e+02
1.800194464688617018e+02
1.800682404708184379e+02
1.800940501267895399e+02
1.803322235089750905e+02
1.804153654932811435e+02
1.805765466825070291e+02
1.809069993810275037e+02
1.808848873370205581e+02
1.809172523610806138e+02
1.808136019208114647e+02
1.808511520875347003e+02
1.809128184713375731e+02
1.813124488349340027e+02
1.813794563524549233e+02
1.811944097797655786e+02
1.809016457680250767e+02
1.806836900744763739e+02
1.805765778807180197e+02
1.805339074636104044e+02
1.808673676696683401e+02
1.811379073238424269e+02
1.813674437933031243e+02
1.814844246051554535e+02
1.812874079028812275e+02
1.811623829443124407e+02
1.812921200806660806e+02
1.813394190643531658e+02
1.815156303036958718e+02
1.816272974362558159e+02
1.815739272807140026e+02
1.816885345326757601e+02
1.817090567158516876e+02
1.815800546093484797e+02
1.816097540582632917e+02
1.816955266757182983e+02
1.817949441427230681e+02
1.817928975400834588e+02
1.818523900325459692e+02
1.814870090649521899e+02
1.809033704051274754e+02
1.803439552842281728e+02
1.800095479004851882e+02
1.796429165085957322e+02
1.795032196553720780e+02
1.794226558912205860e+02
1.793625756244634033e+02
1.793935654313839052e+02
1.796311011221372382e+02
1.797040749855240165e+02
1.796952533793902091e+02
1.796238007407703208e+02
1.795810654313839052e+02
1.796685027853762620e+02
1.795653689874807810e+02
1.795710707725176292e+02
1.795477507337819247e+02
1.792772173192500418e+02
1.788415392947706835e+02
1.785145620769522452e+02
1.784111574785855510e+02
1.785263787113391629e+02
1.785261253818661089e+02
1.778834285086755926e+02
1.774050251582373221e+02
1.770894901962741983e+02
1.768413808078589682e+02
1.763253524149911016e+02
1.759548661721542260e+02
1.758422818121917715e+02
1.754403253099854112e+02
1.747071636084100419e+02
1.741145710620370153e+02
1.739412812231695398e+02
1.738895196473853275e+02
1.738664117564842400e+02
1.738532511031687307e+02
1.742489754507517432e+02
1.745925962901583262e+02
1.747698857396721337e+02
1.748571720943234311e+02
1.751869821096979081e+02
1.757461638679791633e+02
1.758910745662200839e+02
1.758836306730826777e+02
1.762268708943154252e+02
1.761421777349599722e+02
1.759307636822873917e+02
1.761817021244733610e+02
1.764569065351516599e+02
1.765026506000039888e+02
1.768566679312341421e+02
1.770135412714893164e+02
1.770259643990974894e+02
1.770634609048978803e+02
1.774037772297985214e+02
1.772925643431902927e+02
1.773495697142743097e+02
1.776178506179741703e+02
1.778360708723518826e+02
1.779611756983407531e+02
1.780250297006968481e+02
1.783131614020725522e+02
1.785782925343929151e+02
1.791440196773356206e+02
1.794588146177345607e+02
1.795620420102629566e+02
1.794555787392927755e+02
1.793691671824770992e+02
1.793132500049917155e+02
1.793228652936126082e+02
1.792401525966894837e+02
1.793720673681688424e+02
1.795662612563145046e+02
1.798852804344787728e+02
1.798850046422937794e+02
1.799390898608310181e+02
1.800946990495777129e+02
1.801782503544116878e+02
1.802801237445839888e+02
1.804453394864524967e+02
1.807913538526046864e+02
1.811092835892418691e+02
1.813611018209771828e+02
1.813902272228101253e+02
1.814507317852365134e+02
1.816563292434558718e+02
1.816126592356687866e+02
1.816055722500648812e+02
1.814051312321546163e+02
1.811788880458439053e+02
1.809975353413333892e+02
1.810405813849010599e+02
1.811096779346285075e+02
1.810174148413633475e+02
1.812083666114250207e+02
1.813101925803166807e+02
1.815801057744144771e+02
1.814260240500768759e+02
1.814262000079867505e+02
1.814050775712317431e+02
1.814113159654972662e+02
1.813977609667951185e+02
1.815816519577501253e+02
1.817812319050376288e+02
1.819206941477147836e+02
1.820180562765808645e+02
1.818839576303336401e+02
1.818394964359163737e+02
1.815549699998003348e+02
1.816032411197412273e+02
1.816945520436076151e+02
1.818167167501946722e+02
1.817064472974861644e+02
1.812559987920052720e+02
1.810924902162410319e+02
1.808391208094562899e+02
1.807477749435936403e+02
