1.291103860667634251e+02
1.241234833091436798e+02
1.225288359941944805e+02
1.174813701015965108e+02
1.127572481857764899e+02
1.089660145137880960e+02
1.045239245283018903e+02
1.013166328011611057e+02
9.816847605224963047e+01
9.558776197387517470e+01
9.328460957910014884e+01
9.096824383164005212e+01
8.861229608127720780e+01
8.661256313497823101e+01
8.463122206095791000e+01
8.288132365747459573e+01
8.073540783744557814e+01
7.911460087082728876e+01
7.739249927431059461e+01
7.539601741654571754e+01
7.363818867924528888e+01
7.208294920174165554e+01
7.372119593613933830e+01
7.628541074020319002e+01
7.835212772133526471e+01
8.064982293178519512e+01
8.249280696661828927e+01
8.489013642960813399e+01
8.618800580551524604e+01
8.729566328011611631e+01
8.904157910014514243e+01
9.013709143686502046e+01
9.143615674891147194e+01
9.257116981132075750e+01
9.377082148040638288e+01
9.459510014513787723e+01
9.573127431059506875e+01
9.687253410740203208e+01
9.751321915820028607e+01
9.830461538461538851e+01
9.900571262699564556e+01
1.000477329462989786e+02
1.008597387518142199e+02
1.015397619738751871e+02
1.023614165457184271e+02
1.032664731494920147e+02
1.039377532656023249e+02
1.046928998548621195e+02
1.055263512336719884e+02
1.061509201741654635e+02
1.064709550072568902e+02
1.070475471698113239e+02
1.077030130624092834e+02
1.083907576197387499e+02
1.087519883889695222e+02
1.091124876632801204e+02
1.097370449927431082e+02
1.100677851959361391e+02
1.105463338171262677e+02
1.112309898403483288e+02
1.117868098693759009e+02
1.123488998548621254e+02
1.126002786647314906e+02
1.129843367198838848e+02
1.132919013062409306e+02
1.137388214804063864e+02
1.140432162554426725e+02
1.144675181422351216e+02
1.149233671988389034e+02
1.153567024673439789e+02
1.157172249637155232e+02
1.160316748911465936e+02
1.130127256894049310e+02
1.094008940493468742e+02
1.057563889695210406e+02
1.025167140783744628e+02
9.957054281567489795e+01
9.699157039187227269e+01
9.425053120464441747e+01
9.181626705370101149e+01
8.947796806966618988e+01
8.755535558780842109e+01
8.541705660377358811e+01
8.344698984034833700e+01
8.181065892597968059e+01
8.015530914368650883e+01
7.811170972423802539e+01
7.593132075471697817e+01
7.444211320754716610e+01
7.291521625544267238e+01
7.140048766328011709e+01
6.983262699564586740e+01
7.137976197387517630e+01
7.378799419448476726e+01
7.631548330914368705e+01
7.834917851959360746e+01
8.033763715529752858e+01
8.208633962264150341e+01
8.434758780841799819e+01
8.575602902757620427e+01
8.710249056603772999e+01
8.861581422351233073e+01
9.010985195936139291e+01
9.166639187227866614e+01
9.279396226415094873e+01
9.385789259796807471e+01
9.519789840348330756e+01
9.628438896952104642e+01
9.738404644412192113e+01
9.851138461538461399e+01
9.916885921625544142e+01
1.001526269956458606e+02
1.011839999999999975e+02
1.021651901306240973e+02
1.029615326560232234e+02
1.039168766328011628e+02
1.048659158200290307e+02
1.057414339622641535e+02
1.069314020319303324e+02
1.075973410740203207e+02
1.089062873730043606e+02
1.092860725689404973e+02
1.098791988388969543e+02
1.102424731494920138e+02
1.106142931785195884e+02
1.110152568940493438e+02
1.114258113207547183e+02
1.116980551523947724e+02
1.121697300435413638e+02
1.127067402031930357e+02
1.131592917271407828e+02
1.134749724238026118e+02
1.137012017416545717e+02
1.137462525399129163e+02
1.138315703918722761e+02
1.142066879535558712e+02
1.143625776487663330e+02
1.147059390420899803e+02
1.148316400580551573e+02
1.148117271407837450e+02
1.152208650217706776e+02
1.152897880986937622e+02
1.153100377358490505e+02
1.156805457184325121e+02
1.158800348330914431e+02
1.161747227866473082e+02
1.163225428156748933e+02
1.163893526850507953e+02
1.161723657474600913e+02
1.164801509433962252e+02
1.164195994194484740e+02
1.165593962264150889e+02
1.135361973875181434e+02
1.094939564586357079e+02
1.062377242380261180e+02
1.025688940493468806e+02
9.966439477503628552e+01
9.696913788098693487e+01
9.452956748911465468e+01
9.198852830188678809e+01
8.962237445573295247e+01
8.773284179970971763e+01
8.805172714078373986e+01
8.902561393323657057e+01
9.023319593613933876e+01
9.180659506531205238e+01
9.301857764876632473e+01
9.420183454281567492e+01
9.566187518142234580e+01
9.668776777939042688e+01
9.739544847605225186e+01
9.808529462989839942e+01
9.884750072568940027e+01
9.988556168359941978e+01
1.008790478955007188e+02
1.015660725689404984e+02
1.022253468795355644e+02
1.031371146589259808e+02
1.038929695210449893e+02
1.050650217706821508e+02
1.063882612481857706e+02
1.069905253991291687e+02
1.074324063860667593e+02
1.079089462989840342e+02
1.084671930333817187e+02
1.090997039187227813e+02
1.095965979680696591e+02
1.099973526850507994e+02
1.105810275761973855e+02
1.113835007256894016e+02
1.122953962264150931e+02
1.127106415094339553e+02
1.130202612481857756e+02
1.136628156748911493e+02
1.137141944847605259e+02
1.140203425253991298e+02
1.140492656023222082e+02
1.146296894049346946e+02
1.148108214804063891e+02
1.152042380261248127e+02
1.155002612481857796e+02
1.158037503628446956e+02
1.160599013062409313e+02
1.165491785195936103e+02
1.167749317851959319e+02
1.168847953555878121e+02
1.173209521044992698e+02
1.174902525399129161e+02
1.176433788098693753e+02
1.180201103047895543e+02
1.182729985486211888e+02
1.184944673439767797e+02
1.186776894049346822e+02
1.189498867924528298e+02
1.191638664731494970e+02
1.191244470246734437e+02
1.194970333817126260e+02
1.196139912917271459e+02
1.195764063860667648e+02
1.195125573294629930e+02
1.196161277213352747e+02
1.197420493468795399e+02
1.198067460087082736e+02
1.163965631349782228e+02
1.123671872278664665e+02
1.087312859216255418e+02
1.050513555878084162e+02
1.016997503628446964e+02
9.893713788098693840e+01
9.613978519593614180e+01
9.346478955007256673e+01
9.077730043541363614e+01
8.868090566037736266e+01
8.660527140783744926e+01
8.444935849056604127e+01
8.245711465892597403e+01
8.033750943396226774e+01
7.871511175616835487e+01
7.668221770682147564e+01
7.517240058055152474e+01
7.283853701015965498e+01
7.106139912917271317e+01
7.270676342525399605e+01
7.465646444121915692e+01
7.728546879535558389e+01
7.891580841799709845e+01
8.091193033381712496e+01
8.238849346879536029e+01
8.411056023222060674e+01
8.552052249637155512e+01
8.729291146589260109e+01
8.849075181422351477e+01
8.983011901306241498e+01
9.111911756168359489e+01
9.261901886792452387e+01
9.400065021770681994e+01
9.502827285921625844e+01
9.606175907111756374e+01
9.738202612481858012e+01
9.843124528301886755e+01
9.930991001451378963e+01
1.004219100145137844e+02
1.014298171262699526e+02
1.020850972423802574e+02
1.028882322206095807e+02
1.036804528301886847e+02
1.044168708272859192e+02
1.054207256894049323e+02
1.059407256894049283e+02
1.062961393323657404e+02
1.070749027576197392e+02
1.075296255442670486e+02
1.082374804063860694e+02
1.089879129172714016e+02
1.094975326560232247e+02
1.099597910014513786e+02
1.106332539912917241e+02
1.113931611030479019e+02
1.118653701015965112e+02
1.122932365747460040e+02
1.128754600870827289e+02
1.132638606676342476e+02
1.139321683599419401e+02
1.141237968069666238e+02
1.144994136429608176e+02
1.144480928882438349e+02
1.146720464441219178e+02
1.148545486211901334e+02
1.150966386066763363e+02
1.152808127721335296e+02
1.156167082728592135e+02
1.162072104499274303e+02
1.164048766328011624e+02
1.170615965166908552e+02
1.174312568940493406e+02
1.176181015965166949e+02
1.180731030478955006e+02
1.183547866473149526e+02
1.183069027576197385e+02
1.182565921625544263e+02
1.188936545718432569e+02
1.186665195936139270e+02
1.154892307692307725e+02
1.116251146589259804e+02
1.076297822931785220e+02
1.041500261248185808e+02
1.011330624092888257e+02
9.901452539912916961e+01
9.657480406386066818e+01
9.391709724238026524e+01
9.173719593613932943e+01
8.943479825834542396e+01
8.732581712626995341e+01
8.520484179970972605e+01
8.290348911465892456e+01
8.103811901306241339e+01
7.947296371552975813e+01
7.731856023222060514e+01
7.545862409288824324e+01
7.390208417997097001e+01
7.232591001451379498e+01
7.050646153846153652e+01
6.898321044992742657e+01
7.073810159651668528e+01
7.293806676342525463e+01
7.556124238026124829e+01
7.818768069666182896e+01
8.016344847605225254e+01
8.221450217706821206e+01
8.409966908563134780e+01
8.585356168359942330e+01
8.724483018867924500e+01
8.865492017416545423e+01
9.029676632801161418e+01
9.135534397677794516e+01
9.252315820029028259e+01
9.374820319303337612e+01
9.507938461538461183e+01
9.616513207547170339e+01
9.690879535558781299e+01
9.771853701015965044e+01
9.843815384615385256e+01
9.889450217706821888e+01
9.979292888243831783e+01
1.004730914368650190e+02
1.010825079825834507e+02
1.018987750362844764e+02
1.025103280116110369e+02
1.031649230769230741e+02
1.038373178519593552e+02
1.044532133526850544e+02
1.051034658925979670e+02
1.057314484760522504e+02
1.062903338171262675e+02
1.067772539912917296e+02
1.074242438316400552e+02
1.080283309143686523e+02
1.083501886792452780e+02
1.087739564586357091e+02
1.091999419448476090e+02
1.101189666182873736e+02
1.102307924528301868e+02
1.105294513788098669e+02
1.108399187227866491e+02
1.110290624092888265e+02
1.113413410740203204e+02
1.117138925979680693e+02
1.120390362844702423e+02
1.123227866473149561e+02
1.128817648766328006e+02
1.130723947750362868e+02
1.136297939042089951e+02
1.139345602322206048e+02
1.144509027576197440e+02
1.148646153846153908e+02
1.150395355587808410e+02
1.155459622641509441e+02
1.158792104499274274e+02
1.159998955007256853e+02
1.164436806966618292e+02
1.164575210449927454e+02
1.167070304789550050e+02
1.169950304789550017e+02
1.170967198838896905e+02
1.172952685050798323e+02
1.174158490566037756e+02
1.178127024673439820e+02
1.178783396226415050e+02
1.180041683599419429e+02
1.181101074020319288e+02
1.182919129172714037e+02
1.185580493468795424e+02
1.188815674891146585e+02
1.192070595065312091e+02
1.193077619738751878e+02
1.197833149492017384e+02
1.201018287373004370e+02
1.203530217706821475e+02
1.205377764876632796e+02
1.206340783744557399e+02
1.208669840348330951e+02
1.212197271407837462e+02
1.214612830188679311e+02
1.213724470246734342e+02
1.214837271407837420e+02
1.214988214804063915e+02
1.215294049346879603e+02
1.216828795355587829e+02
1.216439709724238014e+02
1.216691901306240879e+02
1.215777184325108919e+02
1.216842380261248167e+02
1.216431698113207602e+02
1.220064557329462929e+02
1.221819912917271438e+02
1.222755297532656016e+02
1.221361044992743103e+02
1.220699680696661886e+02
1.223643541364296112e+02
1.224795471698113261e+02
1.227858809869375847e+02
1.228335326560232232e+02
1.227513381712627023e+02
1.193353730043541390e+02
1.149026531204644357e+02
1.107527198838896965e+02
1.069606386066763406e+02
1.042356226415094369e+02
1.011320174165457217e+02
9.842120174165457058e+01
9.584228737300435341e+01
9.313893759071117984e+01
9.102605515239477540e+01
8.925377068214804410e+01
8.721749782293179010e+01
8.498161973875181729e+01
8.280622351233671452e+01
8.092689695210449941e+01
7.872241509433962392e+01
7.685004354136430038e+01
7.462528882438316202e+01
7.291914078374455244e+01
7.444858055152394627e+01
7.643316110304789390e+01
7.853341074020319468e+01
8.051258055152395343e+01
8.246804063860668066e+01
8.402142235123366731e+01
8.567874600870827351e+01
8.701632510885340821e+01
8.831204644412191840e+01
8.982384905660377683e+01
9.076600290275762006e+01
9.206215384615384778e+01
9.302474310595064821e+01
9.430549782293178396e+01
9.544162554426705469e+01
9.622694920174166100e+01
9.726694920174165304e+01
9.811373004354136640e+01
9.873358490566037915e+01
9.956625834542815312e+01
1.006993555878084123e+02
1.013530566037735809e+02
1.023225544267053664e+02
1.035809230769230709e+02
1.041654339622641459e+02
1.051366618287373029e+02
1.058914484760522470e+02
1.066264615384615411e+02
1.071360580551523896e+02
1.077001335268505073e+02
1.083109550072568936e+02
1.088592278664731481e+02
1.094394310595065321e+02
1.100037619738751857e+02
1.105051262699564631e+02
1.109867982583454307e+02
1.114106473149492018e+02
1.118330217706821514e+02
1.127867285921625609e+02
1.132839361393323685e+02
1.135775558780841834e+02
1.140503454281567457e+02
1.143171088534107440e+02
1.148298171262699583e+02
1.155475181422351199e+02
1.160209346879535559e+02
1.167403657474600891e+02
1.171357213352684994e+02
1.174243018867924491e+02
1.179504441219158224e+02
1.181102002902757562e+02
1.182756574746008766e+02
1.186582293178519620e+02
1.188274484760522540e+02
1.189030595065312070e+02
1.191956342525399180e+02
1.194757503628447068e+02
1.195622409288824315e+02
1.197032685050798193e+02
1.197523947750362794e+02
1.196979970972423786e+02
1.198063280116110292e+02
1.199960058055152388e+02
1.200229898403483304e+02
1.202052714078374436e+02
1.204824963715529691e+02
1.206930391872278676e+02
1.208052946298983983e+02
1.209466473149492032e+02
1.210030072568940511e+02
1.210440522496371614e+02
1.210868388969521021e+02
1.212101596516690876e+02
1.209305892597968040e+02
1.208691669085631304e+02
1.207989085631349724e+02
1.207708911465892641e+02
1.207433962264151006e+02
1.207804354136429623e+02
1.207425370101596513e+02
1.172654862119013046e+02
1.130668795355587832e+02
1.094582757619738800e+02
1.057897126269956516e+02
1.026179506531204595e+02
9.988357619738751225e+01
9.743556458635704587e+01
9.497437445573294212e+01
9.225761393323656989e+01
8.951766618287372523e+01
8.753712626995645962e+01
8.537764876632800792e+01
8.312339042089985242e+01
8.126538171262698995e+01
7.918399999999999750e+01
7.691254571843251142e+01
7.517910014513788042e+01
7.354208417997097058e+01
7.128477213352685737e+01
6.962693759071117938e+01
7.107216255442671127e+01
7.293806676342525463e+01
7.515972133526850030e+01
7.743391582002902851e+01
7.921179680696661762e+01
8.090598548621190389e+01
8.280262409288823733e+01
8.457179680696661705e+01
8.569012481857764385e+01
8.720514368650218273e+01
8.859009579100144549e+01
8.973309724238026774e+01
9.129656894049347216e+01
9.238159651669086259e+01
9.347477503628446982e+01
9.456926560232220424e+01
9.581180841799709924e+01
9.659302177068214235e+01
9.754943396226414620e+01
9.852723367198838389e+01
9.939868795355587849e+01
1.001472859216255387e+02
1.008072336719883850e+02
1.013446153846153805e+02
1.021911988388969519e+02
1.029274891146589255e+02
1.034106124818577683e+02
1.043865544267053735e+02
1.050667169811320747e+02
1.056960464441219187e+02
1.062653236574745961e+02
1.068564063860667659e+02
1.078232801161103112e+02
1.083113381712627046e+02
1.089029085631349716e+02
1.095359419448476075e+02
1.103854629898403488e+02
1.107726792452830153e+02
1.113579448476052249e+02
1.116597851959361378e+02
1.120217822931785179e+02
1.123274891146589312e+02
1.130540725689404979e+02
1.133707285921625498e+02
1.137530914368650201e+02
1.139053352685050839e+02
1.141515820029027566e+02
1.145467285921625518e+02
1.146025776487663279e+02
1.146529927431059548e+02
1.147236226415094364e+02
1.150710478955007261e+02
1.151743280116110242e+02
1.151989782293178450e+02
1.152966037735849056e+02
1.154286908563134944e+02
1.155937997097242373e+02
1.158297010159651705e+02
1.158432859216255508e+02
1.159276284470246736e+02
1.160146298984034843e+02
1.162786298984034801e+02
1.164825660377358503e+02
1.168669492017416616e+02
1.169491552975326556e+02
1.171644586357039231e+02
1.175988040638606691e+02
1.177236110304789491e+02
1.179578519593613919e+02
1.180549782293178538e+02
1.181816777939042140e+02
1.182060377358490513e+02
1.182252307692307625e+02
1.182067808417997128e+02
1.183299622641509501e+02
1.185090856313497767e+02
1.185342235123367232e+02
1.185830014513788058e+02
1.188794891146589237e+02
1.189207198838896886e+02
1.157364876632801156e+02
1.118213526850507975e+02
1.080542583454281527e+02
1.048319187227866536e+02
1.016977648766328031e+02
9.884358780841799330e+01
9.660200870827286224e+01
9.402776197387518664e+01
9.183097822931785004e+01
8.943916400580550885e+01
8.970112046444121745e+01
9.089357329462990265e+01
9.204825544267053772e+01
9.321353846153846234e+01
9.408775616835994526e+01
9.508888243831640352e+01
9.585488534107402359e+01
9.666552104499274378e+01
9.763508853410739619e+01
9.823108272859215617e+01
9.883052539912917211e+01
9.988428447024674028e+01
1.005827692307692303e+02
1.014884760522496379e+02
1.022688882438316398e+02
1.031468679245283084e+02
1.039313439767779386e+02
1.047707518142235159e+02
1.052535036284470209e+02
1.057080290275762025e+02
1.065574107402031956e+02
1.073316458635703867e+02
1.079437677793904271e+02
1.084155703918722793e+02
1.087831407837445568e+02
1.090276806966618324e+02
1.093561915820029071e+02
1.097957503628447000e+02
1.106576371552975360e+02
1.110511117561683534e+02
1.109850333817126256e+02
1.111555065312046509e+02
1.116880464441219090e+02
1.122171727140783730e+02
1.125998142235123396e+02
1.130007198838897011e+02
1.134163715529753205e+02
1.139577706821480376e+02
1.142922148040638604e+02
1.149480406386066704e+02
1.151950420899854919e+02
1.155360928882438287e+02
1.157900725689404879e+02
1.162267866473149525e+02
1.163892249637155345e+02
1.163529753265602267e+02
1.165833846153846167e+02
1.167006328011611060e+02
1.167106415094339553e+02
1.167470537010159717e+02
1.169996400580551494e+02
1.173142177068214806e+02
1.176165921625544257e+02
1.179618345428156800e+02
1.182434484760522508e+02
1.184018577648766382e+02
1.188241277213352731e+02
1.189048011611030518e+02
1.189923715529753281e+02
1.194012075471698182e+02
1.195575616835994168e+02
1.198844702467343950e+02
1.202609927431059447e+02
1.206443889695210459e+02
1.205896197387518072e+02
1.205740609579100209e+02
1.209390885341073982e+02
1.209916865021770747e+02
1.211292307692307730e+02
1.211001335268505130e+02
1.211130682148040592e+02
1.212505428156748906e+02
1.213649579100145104e+02
1.212816835994194520e+02
1.213676865021770652e+02
1.214271349782293186e+02
1.215526153846153790e+02
1.215830246734397662e+02
1.214936197387518177e+02
1.217068563134978234e+02
1.183276632801161128e+02
1.145080058055152392e+02
1.104302815674891178e+02
1.069987808417997144e+02
1.034967314949201693e+02
1.006277155297532602e+02
9.795605224963715330e+01
9.548012772133526482e+01
9.214369811320754877e+01
8.976428447024673574e+01
8.853601161103047446e+01
8.654330333817125620e+01
8.416859216255443243e+01
8.215972133526850030e+01
8.045957619738751987e+01
7.798758780841799876e+01
7.623060667634253207e+01
7.455054862119013137e+01
7.273200580551524297e+01
7.108363425253990897e+01
6.945319013062409397e+01
7.126012191582002231e+01
7.407561103047895301e+01
7.727546008708273462e+01
7.964723367198838844e+01
8.174364005805514921e+01
8.406985195936138666e+01
8.610720464441219235e+01
8.787944267053701708e+01
8.917104208998549097e+01
9.053488534107401620e+01
9.152685050798258715e+01
9.284891727140784212e+01
9.361370101596516236e+01
9.483910595065312066e+01
9.579413642960813036e+01
9.695029317851958695e+01
9.791128011611030502e+01
9.904152104499274856e+01
9.980210159651669244e+01
1.007949027576197381e+02
1.014084992743106000e+02
1.025917097242380294e+02
1.035732017416545716e+02
1.043477387518142194e+02
1.051609056603773524e+02
1.062003018867924595e+02
1.070345079825834489e+02
1.076633497822931815e+02
1.084384905660377427e+02
1.091271523947750381e+02
1.096444586357039128e+02
1.100121219158200319e+02
1.103842322206095758e+02
1.108190188679245267e+02
1.111312394775036267e+02
1.118023802612481887e+02
1.122619332365747482e+02
1.124733584905660422e+02
1.130380377358490591e+02
1.133457880986937596e+02
1.138871523947750433e+02
1.142048301886792387e+02
1.147486908563135017e+02
1.150386647314949187e+02
1.152135500725689354e+02
1.158316632801161035e+02
1.159804238026124779e+02
1.163789027576197412e+02
1.170102989840348329e+02
1.173283599419448535e+02
1.174425428156748978e+02
1.176320232220609512e+02
1.180035065312046498e+02
1.181869840348330882e+02
1.181934978229317892e+02
1.185207198838896971e+02
1.185145892597968071e+02
1.186474426705370036e+02
1.186646153846153879e+02
1.189447663280116103e+02
1.191315994194484773e+02
1.192851901306240876e+02
1.193040116110304751e+02
1.194034252539912870e+02
1.195334920174165489e+02
1.197511175616835999e+02
1.201233091436864981e+02
1.200355994194484737e+02
1.201541132075471694e+02
1.202050856313497889e+02
1.202414746008708306e+02
1.202932597968069643e+02
1.204816255442670467e+02
1.206643134978229313e+02
1.208094049346879473e+02
1.208243367198838882e+02
1.207334804063860645e+02
1.207778345428156683e+02
1.207540319303338237e+02
1.206067111756168373e+02
1.205773236574746079e+02
1.203690914368650198e+02
1.204810101596516745e+02
1.205871814223512359e+02
1.206816603773584973e+02
1.206775732946298945e+02
1.209005050798258338e+02
1.208945950653120462e+02
1.210609346879535622e+02
1.211375210449927380e+02
1.213290449927431069e+02
1.213647373004354080e+02
1.215395761973875182e+02
1.216577648766327968e+02
1.215277445573294699e+02
1.215782873730043576e+02
1.214998432510885351e+02
1.216696429608127659e+02
1.217174687953555861e+02
1.213446850507982617e+02
1.214429143686502215e+02
1.211618577648766291e+02
1.210465021770682199e+02
1.210269492017416582e+02
1.208658693759071099e+02
1.205417010159651738e+02
1.204576952104499270e+02
1.204389317851959333e+02
1.205110711175616842e+02
1.204117968069666205e+02
1.204307343976777958e+02
1.204683193033381770e+02
1.206586937590711130e+02
1.208196458635703863e+02
1.208526444121915802e+02
1.210100319303338239e+02
1.211074136429608075e+02
1.211880058055152460e+02
1.212431117561683607e+02
1.212562670537010092e+02
1.214653004354136385e+02
1.215669782293178542e+02
1.215082148040638543e+02
1.214314426705370096e+02
1.215047547169811253e+02
1.212846211901306219e+02
1.210447721335268483e+02
1.212087314949201726e+02
1.211181886792452786e+02
1.211248069666182943e+02
1.176700029027576164e+02
1.134313149492017487e+02
1.096093352685050775e+02
1.057066705370101545e+02
1.026697358490566074e+02
9.988566618287373444e+01
9.710113207547169623e+01
9.444195065312045756e+01
9.224019738751813691e+01
8.992275181422351693e+01
8.789293468795355579e+01
8.564772133526849984e+01
8.385036865021770325e+01
8.178083018867924636e+01
8.015229027576197041e+01
7.847847895500726167e+01
7.655270827285922053e+01
7.529763715529753654e+01
7.396084760522496993e+01
7.196289114658925712e+01
7.386792452830188438e+01
7.637731204644411775e+01
7.875442670537010770e+01
8.093183164005804997e+01
8.279799129172714345e+01
8.466643831640058693e+01
8.645849637155298240e+01
