1.999848486712901092e+02
1.157441009120575615e+02
1.157452231415534953e+02
1.155957857329192251e+02
1.156194103865293101e+02
1.160743353989575013e+02
1.154797198856113454e+02
1.145881282393302030e+02
1.140969276506519208e+02
1.147082363277500718e+02
1.147902796714033258e+02
1.150580089286153793e+02
1.155550716897921433e+02
1.159132585508473312e+02
1.157347699183430336e+02
1.151154948884415319e+02
1.154790209532059890e+02
1.149633983373283996e+02
1.140036718561577374e+02
1.143364793495006637e+02
1.147664642879995256e+02
1.151223857713112864e+02
1.152466050096718533e+02
1.156957084565898981e+02
1.160826782892891060e+02
1.163056131163033342e+02
1.153716351572844019e+02
1.169154513282176708e+02
1.187689548499510295e+02
1.200396742581226306e+02
1.204222683801995402e+02
1.209183381159341764e+02
1.213079301756682895e+02
1.211877753276860972e+02
1.210891680243346542e+02
1.199402892694187557e+02
1.190751561523278923e+02
1.187401657257330214e+02
1.185616020318260411e+02
1.176024428179773338e+02
1.181897183105524078e+02
1.179339435046045850e+02
1.173539366629423029e+02
1.174897535032756366e+02
1.174440804855119183e+02
1.171617585533083599e+02
1.178104834938745000e+02
1.191811625411607167e+02
1.206169210550926039e+02
1.202896804106966187e+02
1.194333307082351041e+02
1.181954082109791386e+02
1.175894781140637946e+02
1.170982270742787961e+02
1.171842216009489732e+02
1.173880305364552328e+02
1.162329499869565410e+02
1.156998392947673580e+02
1.155934096088439560e+02
1.167065308342398140e+02
1.167961566100793931e+02
1.172505143551856293e+02
1.174111949775307977e+02
1.172055698021824384e+02
1.177650996470883626e+02
1.187281066807109369e+02
1.195416295461369174e+02
1.193466384796743540e+02
1.199100210664133499e+02
1.207156046503615272e+02
1.219059702116977633e+02
1.219980176406601515e+02
1.223329526940891014e+02
1.222577522432284809e+02
1.209613766015150134e+02
1.194607490389679469e+02
1.185077387075656929e+02
1.176643352512957250e+02
1.176509927793391626e+02
1.179056195149802875e+02
1.180911466921301241e+02
1.186848368583480635e+02
1.181336339070813608e+02
1.176301564722617314e+02
1.172813621306609804e+02
1.179530915453789248e+02
1.182103232808477742e+02
1.184327228339247995e+02
1.187540188613308203e+02
1.185199454143635478e+02
1.183966453705572235e+02
1.184454623536302620e+02
1.182884400517800572e+02
1.181324636875083058e+02
1.181510912205230142e+02
1.179832108560937485e+02
1.173248140692139998e+02
1.170581910448055112e+02
1.167692378683546082e+02
1.169335238990584145e+02
1.167655401713861067e+02
1.166357380873862439e+02
1.161318029010616897e+02
1.156710083330462169e+02
1.160167300791959377e+02
1.166315666422204345e+02
1.167492801488430700e+02
1.167708683004621832e+02
1.168763837138905473e+02
1.164320312846082288e+02
1.158037378117509206e+02
1.158293558993340469e+02
1.168749353979730898e+02
1.176464607933374964e+02
1.179170263871593249e+02
1.178221389300427688e+02
1.177273179207253122e+02
1.180933062456009139e+02
1.182995220680523971e+02
1.185135934969753890e+02
1.182467046813705025e+02
1.184154857826320182e+02
1.177529347777936408e+02
1.175520064774298987e+02
1.174732424557137733e+02
1.172791225937283173e+02
1.171104891542425719e+02
1.169443105917791712e+02
1.164376670423838505e+02
1.160268461413516974e+02
1.163788385909128920e+02
1.162994174742945432e+02
1.161876362795138959e+02
1.161442175648604405e+02
1.161089214783897035e+02
1.166214210477095179e+02
1.169694832330053629e+02
1.173342336599939983e+02
1.174648847992045972e+02
1.172828067550340307e+02
1.177145808620494449e+02
1.171816166011212488e+02
1.163241200588678339e+02
1.158076680760162844e+02
1.162396612146657731e+02
1.168423649017803143e+02
1.165145532985179671e+02
1.163053694743732933e+02
1.161160277013491395e+02
1.158841310350598235e+02
1.158924837695098091e+02
1.159434504619352566e+02
1.154438959082921912e+02
1.147386546535608574e+02
1.145376549833388253e+02
1.141596543730034909e+02
1.138389231518898299e+02
1.141656925091181165e+02
1.140758120167153180e+02
1.132291058587270527e+02
1.125280754256350662e+02
1.118232488543907266e+02
1.117880352124114580e+02
1.122761533615203291e+02
1.136012061506051651e+02
1.145100459228122673e+02
1.144143500174733106e+02
1.143371155256513134e+02
1.136132676566568449e+02
1.137359389074013052e+02
1.139764454857334073e+02
1.135733866720481160e+02
1.133021898241348282e+02
1.128502069725890493e+02
1.129488917983727703e+02
1.129929774520468442e+02
1.129696247422071451e+02
1.130922799962592364e+02
1.131135383699124333e+02
1.130587386238906902e+02
1.128251832236534540e+02
1.131785243174334425e+02
1.135117280365413706e+02
1.132511136158923506e+02
1.128995087784925744e+02
1.130037985991819482e+02
1.133252816648373056e+02
1.129978687483695694e+02
1.127740381065822675e+02
1.125436131359915777e+02
1.129362384147031690e+02
1.137734462289643460e+02
1.144183479600525715e+02
1.137604323044588881e+02
1.133206340104446070e+02
1.128490170647792183e+02
1.123494563585621648e+02
1.116166995624289342e+02
1.121088230372058518e+02
1.127624921862310288e+02
1.128354457170702005e+02
1.129032716927453777e+02
1.127391690087465008e+02
1.130354695890572714e+02
1.133831084772625530e+02
1.133000524199303953e+02
1.130525036054083614e+02
1.128547549552830986e+02
1.121440969744102176e+02
1.116411166675690509e+02
1.121079321444919685e+02
1.123510917127289304e+02
1.120763682094040803e+02
1.121654870131468158e+02
1.124612498584908025e+02
1.127401546510998287e+02
1.125706364714742023e+02
1.123834985504535666e+02
1.122209303184080085e+02
1.123177176903729446e+02
1.127679286006093520e+02
1.131268857639282004e+02
1.132143778271077537e+02
1.132305787849404624e+02
1.134951345444880388e+02
1.136859381690924238e+02
1.132012063967081303e+02
1.127534392888608892e+02
1.126844012561095099e+02
1.125825281664837263e+02
1.123308854292281751e+02
1.118758250601721755e+02
1.118470630072797292e+02
1.119239837178281931e+02
1.119287064336235744e+02
1.120311886280744460e+02
1.124853187279430244e+02
1.127339282462210832e+02
1.129163766753459015e+02
1.126340153666688053e+02
1.126250572189381103e+02
1.131573668459936926e+02
1.129711616551900590e+02
1.127183966884385740e+02
1.123172882407083790e+02
1.124447732653432865e+02
1.128883110938292162e+02
1.122197933227345032e+02
1.116633816023271493e+02
1.113266303090560996e+02
1.114217786353098631e+02
1.113572159848794314e+02
1.110677004631657638e+02
1.110014913839353881e+02
1.114890115028523354e+02
1.115000184577219784e+02
1.114875767225976659e+02
1.112492715352394868e+02
1.112446915591606853e+02
1.113967019742379421e+02
1.116181454173167822e+02
1.117336956789242350e+02
1.116196860218441032e+02
1.122522112350923180e+02
1.118948488189518997e+02
1.113031877716361464e+02
1.114927793391643291e+02
1.116698319608991596e+02
1.120761356421072321e+02
1.117316751736256322e+02
1.107685352444048448e+02
1.106746986469259326e+02
1.109435722829002771e+02
1.107134770902754894e+02
1.098813759124267193e+02
1.095084585587226229e+02
1.095376771326051966e+02
1.099025801434288070e+02
1.100933591577372255e+02
1.098187747025845766e+02
1.098085417415229870e+02
1.111342750052912152e+02
1.119824934659664279e+02
1.126693594432166634e+02
1.131511872006772705e+02
1.128916150260622970e+02
1.124374123258206311e+02
1.122001284657449247e+02
1.116056286207897870e+02
1.118032074598729082e+02
1.118956646502630861e+02
1.105315097924367649e+02
1.096289001166528010e+02
1.091022828510535732e+02
1.095458748221906120e+02
1.100891827905122398e+02
1.104335952689167044e+02
1.104649241756781350e+02
1.106281987232178494e+02
1.107465742468018988e+02
1.107800036423238055e+02
1.103098239379426815e+02
1.108927003401142883e+02
1.113651245034872801e+02
1.118538886728651818e+02
1.117387813965850683e+02
1.112396267602514257e+02
1.108248460625987519e+02
1.103721507429848288e+02
1.101669205628866877e+02
1.103051122967804787e+02
1.111303545851442465e+02
1.114058914587506877e+02
1.116401925509556179e+02
1.119076486338824736e+02
1.121333471971333893e+02
1.115182768362972325e+02
1.114669926710538590e+02
1.113558981035305919e+02
1.110419740902804051e+02
1.099974306851014205e+02
1.092632243425359491e+02
1.091126880841868996e+02
1.091908528451963178e+02
1.088946113295958469e+02
1.086464201863491610e+02
1.091038948254391698e+02
1.090778632848838612e+02
1.087032995023798208e+02
1.090885355397283973e+02
1.090716922531710367e+02
1.086816682827427627e+02
1.083631999783429336e+02
1.082847386632671629e+02
1.085618948943480007e+02
1.086646490325692724e+02
1.081860366102762754e+02
1.085802677107994896e+02
1.088255831409628485e+02
1.086541699685480467e+02
1.082398728632110476e+02
1.086717650996470894e+02
1.080853226655903825e+02
1.068257160365610616e+02
1.071270814157811060e+02
1.070799773093071252e+02
1.068311438373357873e+02
1.065970310138949770e+02
1.062450693272037228e+02
1.065868128190109587e+02
1.068540437177297520e+02
1.068229879852535049e+02
1.116431224066900683e+02
1.120129893142094915e+02
1.130216865928029648e+02
1.132860024019648790e+02
1.135024290362115948e+02
1.141196183435302061e+02
1.143194231838832025e+02
1.147974006605403474e+02
1.147726993064818544e+02
1.149191785575413292e+02
1.152604003110741360e+02
1.154907502202621430e+02
1.156907593260716567e+02
1.150715396693360617e+02
1.151345641762687819e+02
1.157833161881604838e+02
1.158133801257093864e+02
1.156986703057091006e+02
1.160822648363169236e+02
1.166070289466301091e+02
1.164916829504791593e+02
1.164415973066492143e+02
1.165143465720318687e+02
1.168473509477424983e+02
1.169862576107340288e+02
1.168538566794804296e+02
1.165179839737752729e+02
1.165437767944597311e+02
1.167536361712285924e+02
1.169709118606860301e+02
1.172570496192787175e+02
1.169073114728277716e+02
1.163204998843316105e+02
1.157109176194952909e+02
1.157165989063184526e+02
1.162002084492068121e+02
1.160206726486092776e+02
1.157552444540698104e+02
1.159110657734769916e+02
1.161829258688665050e+02
1.160709342560553665e+02
1.159670062067166469e+02
1.155995695659236020e+02
1.154948638312324363e+02
1.150798751765788666e+02
1.150865937873768843e+02
1.149195981630875139e+02
1.148226397495656244e+02
1.151799160296701672e+02
1.154111839028976192e+02
1.158550109023611157e+02
1.159929996013132012e+02
1.161574136055560160e+02
1.163481520128761133e+02
1.159925738431930426e+02
1.151138004695644526e+02
1.143526975345405532e+02
1.131098246762515629e+02
1.128664706866764789e+02
1.134959060772664827e+02
1.142812870692582976e+02
1.143181606757002839e+02
1.146842732825705014e+02
1.147294110263970026e+02
1.144445148572356743e+02
1.143544645537907201e+02
1.140993013136975947e+02
1.137900347989584873e+02
1.137552001555370680e+02
1.140416603090068719e+02
1.140255811721391694e+02
1.140869161822540008e+02
1.148827122514975372e+02
1.152830442443900836e+02
1.148235072624983388e+02
1.145472050086874276e+02
1.144474902420176505e+02
1.140589613470691575e+02
1.124305448227320312e+02
1.116990603789001142e+02
1.110448547254229226e+02
1.104988162447641571e+02
1.112214126802088856e+02
1.120670335241451596e+02
1.126622876746715747e+02
1.128708587024467533e+02
1.126751477848272600e+02
1.123324838679509980e+02
1.133224440977127188e+02
1.140889674504225582e+02
1.140455844206982476e+02
1.141259677998887554e+02
1.148130835716430340e+02
1.141631638012078724e+02
1.134100629039164829e+02
1.130312156994000077e+02
1.128841531843261947e+02
1.126086335379269201e+02
1.125462415156004710e+02
1.129391670399228218e+02
1.129582523244424550e+02
1.124598187697805258e+02
1.120278440888530156e+02
1.117020308416229000e+02
1.117612272170185150e+02
1.115198961937716291e+02
1.117466185453346270e+02
1.120861089645464119e+02
1.122954601387036320e+02
1.119439512814581121e+02
1.121619345169245037e+02
1.128709374553938432e+02
1.133342619618343576e+02
1.128422295451525059e+02
1.127091813631150785e+02
1.122391985411016577e+02
1.117425664601042428e+02
1.117061075371492365e+02
1.118051332155320523e+02
1.123539944971378191e+02
1.111659066186930005e+02
1.104477929486580052e+02
1.105285294855955982e+02
1.115020069696358149e+02
1.121570961327380900e+02
1.126863122455910684e+02
1.121719312191448381e+02
1.119492375730310556e+02
1.116235166144108035e+02
1.109321998651355727e+02
1.119071736551703822e+02
1.125370766413836918e+02
1.127877669601854649e+02
1.120482189528811290e+02
1.108673886507159096e+02
1.102464561173812712e+02
1.097024836710686344e+02
1.102654306555690624e+02
1.114307343220109630e+02
1.122484458598099053e+02
1.115245512312531133e+02
1.107721455748226873e+02
1.101755267833850951e+02
1.111678151471449638e+02
1.117130501016405191e+02
1.119546690653501742e+02
1.126651313943701496e+02
1.121494275645158893e+02
1.111462565278810075e+02
1.104804471198570610e+02
1.106859381690924238e+02
1.123086918643283667e+02
1.131012221472975483e+02
1.132703133382882044e+02
1.124703876613820199e+02
1.117749511485625078e+02
1.108577623334498270e+02
1.106413123194219565e+02
1.113329797654146631e+02
1.118777052867837796e+02
1.126040818636884921e+02
1.122790216915148562e+02
1.118959895061697978e+02
1.114716550916241289e+02
1.119995877775426152e+02
1.125800511401950104e+02
1.130357846008456164e+02
1.136563430576816103e+02
1.129270501607052353e+02
1.123016779299787800e+02
1.117907472670266316e+02
1.114149628138428056e+02
1.116176741301490836e+02
1.119283532758764892e+02
1.123101684820861692e+02
1.127235808472832730e+02
1.128571999881870624e+02
1.125878070749678841e+02
1.124602531415042819e+02
1.126822933842602339e+02
1.130637012900717195e+02
1.135407411144526435e+02
1.130668132619962876e+02
1.127306403106803714e+02
1.122019594717646100e+02
1.123660560031894988e+02
1.127844384176564176e+02
1.135549953978746487e+02
1.146656408274965884e+02
1.146781293221832243e+02
1.143431844246358935e+02
1.140514232134155606e+02
1.138187439397146221e+02
1.143612274631214660e+02
1.148927495607062212e+02
1.145976315051164818e+02
1.143637155640433747e+02
1.142089044972854879e+02
1.142799778015130414e+02
1.144533696417233131e+02
1.148420068219740386e+02
1.147945741680489391e+02
1.139577945729375301e+02
1.147367707354048605e+02
1.154998424941058346e+02
1.156747527895770418e+02
1.151524152544458559e+02
1.145653760207120229e+02
1.146501523377320098e+02
1.146842437502153444e+02
1.146279403151102230e+02
1.149192954564471592e+02
1.148398731093140128e+02
1.145783394941107503e+02
1.142304040518391304e+02
1.140693530445397101e+02
1.139927990274011051e+02
1.137485541451121520e+02
1.136620243445047720e+02
1.134934967292916639e+02
1.131348422726131702e+02
1.129573466655510003e+02
1.128597126994049233e+02
1.135979662051415886e+02
1.151111081031860550e+02
1.159362396452179667e+02
1.162866841071630688e+02
1.164742563999074605e+02
1.164820160262247271e+02
1.169310505643140914e+02
1.168255548391224892e+02
1.167608100725019256e+02
1.163424375021534019e+02
1.160907603104834891e+02
1.162548125433756496e+02
1.162300607382104403e+02
1.162570693075154935e+02
1.160762845343978142e+02
1.160477119807842854e+02
1.161273459764627063e+02
1.159751226823253774e+02
1.160302337485910584e+02
1.162035136119546905e+02
1.165432858190552565e+02
1.166372774613987531e+02
1.166354526079530700e+02
1.167949359393996076e+02
1.168445773673874157e+02
1.164985529145973544e+02
1.163092271382655696e+02
1.163754989737506520e+02
1.164956550522476562e+02
1.163920912352892003e+02
1.167725664108836554e+02
1.168709682182637977e+02
1.166794139796325140e+02
1.165971171499308383e+02
1.167595697135853783e+02
1.161453779403151145e+02
1.155301106971112404e+02
1.152216907765532738e+02
1.152206915985371580e+02
1.148938102644622461e+02
1.149542580734075869e+02
1.148918845088031020e+02
1.147723523013087714e+02
1.145568731634566575e+02
1.151680071074534766e+02
1.154681518159937355e+02
1.147859802526985220e+02
1.142954355284076655e+02
1.144041995009032036e+02
1.147957837640955461e+02
1.149813453956597300e+02
1.153284391658094137e+02
1.153059342806656531e+02
1.157268527861316016e+02
1.164195206406552217e+02
1.171455256020908848e+02
1.172125443600584731e+02
1.172681217914326623e+02
1.167624466571835029e+02
1.162096661859455509e+02
1.156197992292055261e+02
1.156512425738431915e+02
1.158072287822333379e+02
1.159598975227276014e+02
1.158805391623639736e+02
1.158337094606899740e+02
1.158076545403534965e+02
1.160056517544680048e+02
1.159271855173330295e+02
1.157564761993827744e+02
1.153924665423026426e+02
1.153768266992178866e+02
1.149895750786298976e+02
1.149760701787199650e+02
1.154290128318083219e+02
1.157979064021223934e+02
1.154093307476115768e+02
1.152000361771350612e+02
1.158234814216875748e+02
1.160927414393085542e+02
1.160892996894180698e+02
1.158756109505972915e+02
1.159499328138920191e+02
1.159076547864564617e+02
1.157030164839762421e+02
1.156729131699537874e+02
1.154059714422125609e+02
1.150578083547032691e+02
1.149382207740430317e+02
1.147827070833353815e+02
1.141150285233330237e+02
1.137799285809211085e+02
1.138202340931351983e+02
1.138131291006905599e+02
1.138710039031929426e+02
1.138150031747281758e+02
1.140009351912466116e+02
1.140458280626282743e+02
1.137866964123110591e+02
1.142501156683910324e+02
1.157075312427707274e+02
1.162045484748999655e+02
1.153829522018831852e+02
1.154458007451997616e+02
1.157983727672309016e+02
1.160007432309380988e+02
1.159951862261095528e+02
1.160227854425177298e+02
1.162941484099287806e+02
1.162510151747084848e+02
1.156919000132895547e+02
1.152272416288078318e+02
1.149614787342432578e+02
1.153707861020736658e+02
1.152727928256065155e+02
1.144650927562054932e+02
1.140808202119438732e+02
1.147579023660338606e+02
1.153799214439352880e+02
1.156392007560282877e+02
1.152258843709854403e+02
1.148612877583465774e+02
1.152739408959132135e+02
1.155825109392765597e+02
1.157190340951040213e+02
1.159472170677324527e+02
1.162860540835864072e+02
1.162149586300924824e+02
1.161219292503211591e+02
1.156580707004582393e+02
1.160314851821407984e+02
1.166650501803934645e+02
1.162955475052543051e+02
1.162183708476278099e+02
1.166241072615139274e+02
1.162727349914110135e+02
1.158274043028641529e+02
1.158649682281079123e+02
1.157137108880871352e+02
1.146022594712724043e+02
1.144186974262552496e+02
1.148133493628394319e+02
1.147596779988876108e+02
1.147484138664251532e+02
1.146674718335162737e+02
1.152587624958777752e+02
1.166022373220060331e+02
1.167017219824085572e+02
1.164707641989102598e+02
1.162728235884764700e+02
1.163438119871829599e+02
1.166532778453193657e+02
1.164177770011862094e+02
1.158929808974882718e+02
1.160416344681961078e+02
1.154351912466099321e+02
1.150478436458676867e+02
1.148835440795011067e+02
1.149201186708471312e+02
1.143604583913726174e+02
1.140003789985578351e+02
1.132706062008101640e+02
1.124504164062077081e+02
1.124917149438639115e+02
1.127375225799465426e+02
1.124255317054442855e+02
1.123851117553539751e+02
1.126622482981980369e+02
1.128929132191743747e+02
1.130236886403795893e+02
1.132977821201277777e+02
1.132937115771754293e+02
1.131435801581949789e+02
1.129460431566150049e+02
1.127470086185256406e+02
1.130711212943046888e+02
1.131233529559426501e+02
1.128566314903503098e+02
1.127285004454463575e+02
1.133343161044854668e+02
1.137977488962282280e+02
1.135892972283884745e+02
1.137716447552998318e+02
1.139173721618176245e+02
1.139002224770755163e+02
1.134332273449920478e+02
1.137429774520468442e+02
1.140038465892590835e+02
1.139847957591537977e+02
1.137907644942338123e+02
1.134610751253894563e+02
1.138773718172734704e+02
1.139612941570235307e+02
1.135976487323236483e+02
1.132992538158263898e+02
1.137753646015347044e+02
1.136958967253540180e+02
1.140813714825734451e+02
1.142911508758804331e+02
1.141558287024959810e+02
1.142008790797718092e+02
1.147733317910881254e+02
1.149884897645779063e+02
1.148412229840476044e+02
1.148030610286119355e+02
1.145662952152662655e+02
1.143000967184631378e+02
1.141075580679933239e+02
1.135534117253294113e+02
1.131772741143985002e+02
1.131540543001570143e+02
1.129462006625091703e+02
1.127485479925381640e+02
1.127366070769367070e+02
1.126528102496960599e+02
1.132799162757731324e+02
1.144034008967991838e+02
1.148991347019939298e+02
1.157350553977762075e+02
1.164342905097776679e+02
1.164080313239847015e+02
1.156320440819621354e+02
1.152116682335221753e+02
1.144721029990106729e+02
1.142201132565820245e+02
1.147637017822776357e+02
1.151322471169038266e+02
1.144925972229741973e+02
1.141782462210890543e+02
1.148363993660387763e+02
1.147504036088538015e+02
1.144090243494268293e+02
1.141010917127289304e+02
1.136717367978067301e+02
1.136560846495739980e+02
1.138264617285287414e+02
1.144265727209635486e+02
1.146293024949918049e+02
1.146904836907568637e+02
1.143780030713649296e+02
1.140242829790271060e+02
1.138407910733534436e+02
1.138151852909183077e+02
1.137297432653925142e+02
1.139093085983452056e+02
1.138259104578991696e+02
1.135417685943091186e+02
1.132807247239955331e+02
1.142726340891975525e+02
1.148324875594953909e+02
1.149865209409008315e+02
1.147547436345469549e+02
1.151134817662317147e+02
1.154586842351366158e+02
1.153160011222294941e+02
1.148916445584174539e+02
1.152450213371266017e+02
1.155606889898457865e+02
1.152379987891734316e+02
1.153186282713235897e+02
1.156475461073894877e+02
1.155952406148636413e+02
1.151984475825306333e+02
1.152458260938046095e+02
1.153073838270979081e+02
1.148981810530253398e+02
1.149968535736610704e+02
1.149396444796645085e+02
1.146160055520827683e+02
1.151340830449827024e+02
1.155584125374691808e+02
1.161410329925627707e+02
1.159170239261297297e+02
1.152706714180944800e+02
1.154627190931598193e+02
1.157619815225897923e+02
1.156164596120433004e+02
1.150873111775042190e+02
1.148547155788095466e+02
1.149592305837069972e+02
1.151132775007752258e+02
1.152697399183922613e+02
1.153351024034415104e+02
1.153030622591267331e+02
1.155062104081863623e+02
1.157901147824203747e+02
1.154308290716504217e+02
1.151125121205707558e+02
1.150887422662144957e+02
1.151208304006063941e+02
1.144957707206386885e+02
1.139570697997214097e+02
1.143587688945547285e+02
1.148585683206426182e+02
1.152512219011945831e+02
1.152463047640610938e+02
1.151782142277043022e+02
1.155879744249804304e+02
1.150872508822791076e+02
1.149088348501479118e+02
1.144128524809639345e+02
1.141140354978908960e+02
1.141879771321129908e+02
1.141959570205791294e+02
1.142039147597788968e+02
1.142606021155010438e+02
1.142061432220783956e+02
1.142467575935068140e+02
1.143154609262331007e+02
1.143381159341822269e+02
1.144595775888800802e+02
1.144969077163121938e+02
1.142235623895612946e+02
1.134607293507311709e+02
1.141684599368991968e+02
1.147528154178582156e+02
1.155446701482031955e+02
1.157632661800390821e+02
