2.549997220015885659e+02
2.525971467930897632e+02
2.525343886517077010e+02
2.525458300238284437e+02
2.523779562152502081e+02
2.517862849980143096e+02
2.516678762907069142e+02
2.516382632545671072e+02
2.515639495631453428e+02
2.515512807783955509e+02
2.515501054904686384e+02
2.515375012410643478e+02
2.515820417990468627e+02
2.515622865369340673e+02
2.516094147140587722e+02
2.515834826747418447e+02
2.515903010822081001e+02
2.516127953733121387e+02
2.516144422656870461e+02
2.515948036636219172e+02
2.515936705718824555e+02
2.515629554706115982e+02
2.515667221008737044e+02
2.515958982823669601e+02
2.516248150814138285e+02
2.516184868943606148e+02
2.515984784551231144e+02
2.516037902104845045e+02
2.515838338959491693e+02
2.515552844519459939e+02
2.515515674642573458e+02
2.515399808876092038e+02
2.515906510623510712e+02
2.515550225873709280e+02
2.516293462073073783e+02
2.516101543884034868e+02
2.515939721505162936e+02
2.515646532466243173e+02
2.515377494539316956e+02
2.515494551727561543e+02
2.515818308181096086e+02
2.515848379169976283e+02
2.516081885424940481e+02
2.515932436457505901e+02
2.516277501985702827e+02
2.516185005460683044e+02
2.516288783260524156e+02
2.515868596108022359e+02
2.515188542494042849e+02
2.515207431493248578e+02
2.515676131850675006e+02
2.515673848292295531e+02
2.516246028594122208e+02
2.515813294281175558e+02
2.515950555996822970e+02
2.516005584789515410e+02
2.516228653693407580e+02
2.515794938939634733e+02
2.515988495333598109e+02
2.515743198967434466e+02
2.514897326747418447e+02
2.515298724185861658e+02
2.515919008141381994e+02
2.517697465746624346e+02
2.520610926330421080e+02
2.524234449463860130e+02
2.530040768963463051e+02
2.528597435961080180e+02
2.527304855043685450e+02
2.526400739674344607e+02
2.523934819301032633e+02
2.523467620631453485e+02
2.525541104050834065e+02
2.525081662033359748e+02
2.526793784749801546e+02
2.526799518467037444e+02
2.527440304805401183e+02
2.527095127581413863e+02
2.526713351370135001e+02
2.526377755162827725e+02
2.526094023034154077e+02
2.525883550933280333e+02
2.525275814138204851e+02
2.523740381751389918e+02
2.522599086576648233e+02
2.522760797259730055e+02
2.522663969420174794e+02
2.522893194003177086e+02
2.523525925833995132e+02
2.524608903395551920e+02
2.525454800436854725e+02
2.526354410742652874e+02
2.527313219817315257e+02
2.527856508141381937e+02
2.528107922954725950e+02
2.528244936457506071e+02
2.528135486993645884e+02
2.527429097994439928e+02
2.526782664813343899e+02
2.526082108816520986e+02
2.525886132347100954e+02
2.525624764197775960e+02
2.525712730837966546e+02
2.526310017871326465e+02
2.527003859710087283e+02
2.527596182486099963e+02
2.527537604249404239e+02
2.527177211576648119e+02
2.526939150615567939e+02
2.526637596803018369e+02
2.526478616461477316e+02
2.526332096405877792e+02
2.526291091640190700e+02
2.526271122915011915e+02
2.526126787132645006e+02
2.526018442216044377e+02
2.526133439237489995e+02
2.526215746624305041e+02
2.526170596703733224e+02
2.526148890488482834e+02
2.524495023332009396e+02
2.524457667295472731e+02
2.524613544976171511e+02
2.524772339158062096e+02
2.524759407267672771e+02
2.524756838264495684e+02
2.524996574662430362e+02
2.525096976767275692e+02
2.525238582208101548e+02
2.525221865071485183e+02
2.525228467533756884e+02
2.525297768566322532e+02
2.525271284253375654e+02
2.525348515687053350e+02
2.525231619837172445e+02
2.525183305202541817e+02
2.525262162430500439e+02
2.525412728355837828e+02
2.525432585385226503e+02
2.525498336973788582e+02
2.525501687847498147e+02
2.525473230242255624e+02
2.525421254467831602e+02
2.525439398828435174e+02
2.525379443010325531e+02
2.525577628574265248e+02
2.525508699861000821e+02
2.525707654884829196e+02
2.525605689038919763e+02
2.525482662331215238e+02
2.525418350377283616e+02
2.525479534849086463e+02
2.525376377581413863e+02
2.525415359412232021e+02
2.525312326250992783e+02
2.525232649920571930e+02
2.525337445393169276e+02
2.525234474285146860e+02
2.525273307188244587e+02
2.525374317414614893e+02
2.525188095710881555e+02
2.525166538423351881e+02
2.525152017970611666e+02
2.525198148332009396e+02
2.525232252779984208e+02
2.525352226469420316e+02
2.525364835683081708e+02
2.525302894162033454e+02
2.525511132347101011e+02
2.525513614475774489e+02
2.525436110007942716e+02
2.525429855043685450e+02
2.525410841938046076e+02
2.525426591044479778e+02
2.525324339753772733e+02
2.525306753872120851e+02
2.525312102859412278e+02
2.525381738979348825e+02
2.525413187549642657e+02
2.525389694201747375e+02
2.525212271644162172e+02
2.525058193506751252e+02
2.525139892772041321e+02
2.524984883836378060e+02
2.525021867553614072e+02
2.525161598987291427e+02
2.525193531572676591e+02
2.525284625694995952e+02
2.525304284154090624e+02
2.525336700754567119e+02
2.525312847498014435e+02
2.525158794181890300e+02
2.524944462370929443e+02
2.524829217136616251e+02
2.524839356632247700e+02
2.524898245135027821e+02
2.524878015786338494e+02
2.524858990270055585e+02
2.524784501588562478e+02
2.524844420174741799e+02
2.524843551429705997e+02
2.524655964555202559e+02
2.524809868943605977e+02
2.524653842335186766e+02
2.524767337668784819e+02
2.524846740965051595e+02
2.524693668089753658e+02
2.524747766084193756e+02
2.524829614277204257e+02
2.524816806493248578e+02
2.524928700853852206e+02
2.524735938741064274e+02
2.524649163522637139e+02
2.524522165409054821e+02
2.524486844718030056e+02
2.524334727462271530e+02
2.524425126588562307e+02
2.524440850873709223e+02
2.524519646048451023e+02
2.524661239078633912e+02
2.524654053316124021e+02
2.524642809273232729e+02
2.524529810365369258e+02
2.524562127680698893e+02
2.524741709690230209e+02
2.524729634134233436e+02
2.524797694102462344e+02
2.524861646147736280e+02
2.524780778395551977e+02
2.524774908161239182e+02
2.524614575059570996e+02
2.524556840746624289e+02
2.524579825258141454e+02
2.524585968526608326e+02
2.524644025516282682e+02
2.524579006155679224e+02
2.524563964455917358e+02
2.524681319499602807e+02
2.524835037728355758e+02
2.524677273629864942e+02
2.525307659849086690e+02
2.525250843923749073e+02
2.525081413820492457e+02
2.525073855738681630e+02
2.525034836675933150e+02
2.525114066223192992e+02
2.525026893864177850e+02
2.525079291600476665e+02
2.525114302025417032e+02
2.524981781175536071e+02
2.525100166302621005e+02
2.525049468824463759e+02
2.524990965051628393e+02
2.525018702839555260e+02
2.525019509531374240e+02
2.524926901310564062e+02
2.524897872815726885e+02
2.524763167692613308e+02
2.524912604249404353e+02
2.525017101866560836e+02
2.525037182287529731e+02
2.525066396942017377e+02
2.525142958200953274e+02
2.525296999106433589e+02
2.525401459491660034e+02
2.525651322974582911e+02
2.525820678613979453e+02
2.525678738085782413e+02
2.525562313840349589e+02
2.525704912132644893e+02
2.525870978951548977e+02
2.525885921366163700e+02
2.525770514793486825e+02
2.525858977859412278e+02
2.525750310266084284e+02
2.525663857724384513e+02
2.525774523431294654e+02
2.525897785941223219e+02
2.525798612490071378e+02
2.525860889098490816e+02
2.525772674245432938e+02
2.525661164614773497e+02
2.525676888899920698e+02
2.525612626588562364e+02
2.525539862986497326e+02
2.525554420671167577e+02
2.525593663125496562e+02
2.525664800933280389e+02
2.525702479646544987e+02
2.525806654586973821e+02
2.525830669181890471e+02
2.525790111199364674e+02
2.525821609412231794e+02
2.525763589654487760e+02
2.525751427223987378e+02
2.525739475774424250e+02
2.525601357724384570e+02
2.525646346306592420e+02
2.525844159551231201e+02
2.525714679308975406e+02
2.525475650317712564e+02
2.525431629765687092e+02
2.525345350972994538e+02
2.525187053216838819e+02
2.525143231235107351e+02
2.525375297855440806e+02
2.525423066421763281e+02
2.525318953534551270e+02
2.525398381652104831e+02
2.525566533459094387e+02
2.525518131949960150e+02
2.525602946286735460e+02
2.525513204924543231e+02
2.525572924940428834e+02
2.525512373411437750e+02
2.525437748212867461e+02
2.525580892573470919e+02
2.525716305103256616e+02
2.525695976469420145e+02
2.525547110802224040e+02
2.525571063343923868e+02
2.525575754567116746e+02
2.525609697676727592e+02
2.525606247517871452e+02
2.525498212867354937e+02
2.525536388006354116e+02
2.525468352859412278e+02
2.525353963959491637e+02
2.525358915806195341e+02
2.525319933975377182e+02
2.525216813939634619e+02
2.525190838463065859e+02
2.525193134432088868e+02
2.525121525019856961e+02
2.525065317216044605e+02
2.525088487887211954e+02
2.525117106830818159e+02
2.525012845015885716e+02
2.524960707903097727e+02
2.524944425138999122e+02
2.524884940925337560e+02
2.524852896644162001e+02
2.524834404785543995e+02
2.524805339058776781e+02
2.524894658459094501e+02
2.524881987192216002e+02
2.524730068506751479e+02
2.524753921763304163e+02
2.524747517871326465e+02
2.524756019162033454e+02
2.524884357625099369e+02
2.524945244241461353e+02
2.524921850178713214e+02
2.524759680301826847e+02
2.524783732128673535e+02
2.524753537033359692e+02
2.524744353157267653e+02
2.524895725774424022e+02
2.525100091838760932e+02
2.525047036338363853e+02
2.525214455917394787e+02
2.525061482327243709e+02
2.524939833200953103e+02
2.524809248411437750e+02
2.524650081910246229e+02
2.524634283161238955e+02
2.524583188542493986e+02
2.524661239078633912e+02
2.524706885424940310e+02
2.524654735901509071e+02
2.524714654487688676e+02
2.524819859511516995e+02
2.525183652700555967e+02
2.525617491560762460e+02
2.525520986397934848e+02
2.525251650615568053e+02
2.525177708002382815e+02
2.525201486795075425e+02
2.525157354547259843e+02
2.524958126489277106e+02
2.524988942116759461e+02
2.524980887609213767e+02
2.524963078335980811e+02
2.524859275714853197e+02
2.524721542394757705e+02
2.524831997120730875e+02
2.524825829030976934e+02
2.524822800833995302e+02
2.524897537728355701e+02
2.524951685365369372e+02
2.525113085782367079e+02
2.525290483518665496e+02
2.525394397835583788e+02
2.525411536934074661e+02
2.525332282565528317e+02
2.525152415111199389e+02
2.525090821088165285e+02
2.524993112092930971e+02
2.525019422656870631e+02
2.525173202938840404e+02
2.525317786934074604e+02
2.525326176528991198e+02
2.525378139892771969e+02
2.525359908657664789e+02
2.525302770055599808e+02
2.525144857029388277e+02
2.525100960583796734e+02
2.525077355540111341e+02
2.525008054507545694e+02
2.524872865369340786e+02
2.524926044976171511e+02
2.524798749007148615e+02
2.524999118844320947e+02
2.525107277601270823e+02
2.525272314336775139e+02
2.525302633538522628e+02
2.525320839952343022e+02
2.525441173550436815e+02
2.525635437351072312e+02
2.525500471604447910e+02
2.525057622617156596e+02
2.525097895154884782e+02
2.525116933081810942e+02
2.525184881354249455e+02
2.525143926231135936e+02
2.525110963562351003e+02
2.525162939336775310e+02
2.524987701052422437e+02
2.524968551429706167e+02
2.524988619440031812e+02
2.524983406969817281e+02
2.524921080718824555e+02
2.524847200158856140e+02
2.524834193804606741e+02
2.524714182883240596e+02
2.524775838959491523e+02
2.524893814535345484e+02
2.525014061258935669e+02
2.525160159352660969e+02
2.525220710881652053e+02
2.525313741064336739e+02
2.525456773729150086e+02
2.525376576151707582e+02
2.525263192513899924e+02
2.525114053812549741e+02
2.525276335385226503e+02
2.525315763999205672e+02
2.525287889694201624e+02
2.525383364773629751e+02
2.525326598490865706e+02
2.525276260921366145e+02
2.525222957208101775e+02
2.525192265687053350e+02
2.524987204626687856e+02
2.525054991560762403e+02
2.525247915011914301e+02
2.525230118149324881e+02
2.525187462768069793e+02
2.525288051032565591e+02
2.525175635424940310e+02
2.525165260127085105e+02
2.525096492752184361e+02
2.525082878276409986e+02
2.525114513006354287e+02
2.525126650615567883e+02
2.525075692513899810e+02
2.525246028594122265e+02
2.525218055003971358e+02
2.525224185861794979e+02
2.525178874602859480e+02
2.525128499801429598e+02
2.525021495234312852e+02
2.524916426727561429e+02
2.524751911239078765e+02
2.524794988582208077e+02
2.524755237291501260e+02
2.524694946386020717e+02
2.524810774920571816e+02
2.524942178812549685e+02
2.525109585980937368e+02
2.525560539118347947e+02
2.525818072378872046e+02
2.525956401409848979e+02
2.525957121227164350e+02
2.525609101965845866e+02
2.525775963065925396e+02
2.526001998113582090e+02
2.526046887410643365e+02
2.525998547954725950e+02
2.526039081115964962e+02
2.526177137112787818e+02
2.525986807486100076e+02
2.525831724086576742e+02
2.525836849682287664e+02
2.525943531572676761e+02
2.525946572180301928e+02
2.525669293586179549e+02
2.525647512907069085e+02
2.525700270552025302e+02
2.525685514297061047e+02
2.525654102958697251e+02
2.525713636814932386e+02
2.525740791302621062e+02
2.525728765389197861e+02
2.525793474483717205e+02
2.525831959888800498e+02
2.525712358518665610e+02
2.525595388204924632e+02
2.525636517077045369e+02
2.525676305599682223e+02
2.525566632744241531e+02
2.525700940726767385e+02
2.525789949861000707e+02
2.525892163919777715e+02
2.525953571783161351e+02
2.525994948868149379e+02
2.525868881552819687e+02
2.525789552720412985e+02
2.525721319003177143e+02
2.525632930401112048e+02
2.525553824960285851e+02
2.525581562748213003e+02
2.525876203832406759e+02
2.525810526707704469e+02
2.525765947676727592e+02
2.525711378077839697e+02
2.525851432188244701e+02
2.525847746227164521e+02
2.525808416898331927e+02
2.525781758836378117e+02
2.525670187152501853e+02
2.525659228554408173e+02
2.525637981532962613e+02
2.525395415508340022e+02
2.525451945988880027e+02
2.525524846108022246e+02
2.525461700754567005e+02
2.525433503772835593e+02
2.525440304805401013e+02
2.525432113780778423e+02
2.525749391878474910e+02
2.525826313046068208e+02
2.525791749404289135e+02
2.525776322974583081e+02
2.525937363482922819e+02
2.526039130758538533e+02
2.525944338264495741e+02
2.526111894360603571e+02
2.526062090448768913e+02
2.526054619241461410e+02
2.526147525317712450e+02
2.526173314634630742e+02
2.526193171664019133e+02
2.525980502879269238e+02
2.525829763204924632e+02
2.526048475972994538e+02
2.525896867553613845e+02
2.525838984312946707e+02
2.525781039019062746e+02
2.525765016878474967e+02
2.525713078335980981e+02
2.525650354944400249e+02
2.525653532069102596e+02
2.525765178216838649e+02
2.525713078335980981e+02
2.525789105937251691e+02
2.525947192712470155e+02
2.525940056592533836e+02
2.525862440428911952e+02
2.525880200059571052e+02
2.526015587768069963e+02
2.526006217732327173e+02
2.525975414515488353e+02
2.526049816322478136e+02
2.526006118447180313e+02
2.525815937748213003e+02
2.525765811159650411e+02
2.525664974682287607e+02
2.525481657069102539e+02
2.525651620830023774e+02
2.525629008637807829e+02
2.525758004864972293e+02
2.525998188046068265e+02
2.526048153296266889e+02
2.525899808876092152e+02
2.526005957108816631e+02
2.526082977561556788e+02
2.525833312648927631e+02
2.525756850675138878e+02
2.525671862589356635e+02
2.525800436854646591e+02
2.525667692613185125e+02
2.525703025714853140e+02
2.525666947974582968e+02
2.525570926826846687e+02
2.525623969916600515e+02
2.525634419678316078e+02
2.525610218923748960e+02
2.525722758637807885e+02
2.525631292196187587e+02
2.525697924940429004e+02
2.525515575357426599e+02
2.525295993844320890e+02
2.525514433578236719e+02
2.525575680103256673e+02
2.525500248212867405e+02
2.525537058181096199e+02
2.525568308181096029e+02
2.525655964555202502e+02
2.525992541203335975e+02
2.526071485305798205e+02
2.526069102462271587e+02
2.526061742950754478e+02
2.526069698173153313e+02
2.525880187648927802e+02
2.526029276707704412e+02
2.525990059074662497e+02
2.525952156969817395e+02
2.525987763105639488e+02
2.526064113383637846e+02
2.525894261318506722e+02
2.525902278594122379e+02
2.525813455619539241e+02
2.525583362291501146e+02
2.525498647239872980e+02
2.525331190428911725e+02
2.525216230639396429e+02
2.525441744440031755e+02
2.525574488681493222e+02
2.525588835385226503e+02
2.525665198073868112e+02
2.525644273729150200e+02
2.525690292394757819e+02
2.525873498312152492e+02
2.525837209590945065e+02
2.525692886219221691e+02
2.525712122716441570e+02
2.525698297259729941e+02
2.525667543685464693e+02
2.525559372517871282e+02
2.525433441719618770e+02
2.525459131751389918e+02
2.525700183677521977e+02
2.525558975377283559e+02
2.525414540309769791e+02
2.525602201648133303e+02
2.525487390786338437e+02
2.525570889594916650e+02
2.525594680798252512e+02
2.525646892374900574e+02
2.525744526906274814e+02
2.525783905877680695e+02
2.525701896346306512e+02
2.525736571683875979e+02
2.525731595015885489e+02
2.525754740865766621e+02
2.525675027303415447e+02
2.525763068407466108e+02
2.525818606036536949e+02
2.525726270849880848e+02
2.525363296763304106e+02
2.525457580420969066e+02
2.525513899920571816e+02
2.525598912827640845e+02
2.525567526310563835e+02
2.525533285345512411e+02
2.525450704924543288e+02
2.525365518268467042e+02
2.525385933776807121e+02
2.525433814038919706e+02
2.525519323371723601e+02
2.525451945988880027e+02
2.525475513800635383e+02
2.525508426826846744e+02
2.525594780083399655e+02
2.525516555798252512e+02
2.525240170770452721e+02
2.525264408756949877e+02
2.525332778991262899e+02
2.525389905182684629e+02
2.525493037629070727e+02
2.525428688443208785e+02
2.525377295969022953e+02
2.525460012907068972e+02
2.525397736298649818e+02
2.525280840448768913e+02
2.525262174841143690e+02
2.525217248312152378e+02
2.525373175635425014e+02
2.525406113482922876e+02
2.525424481235107237e+02
2.525373634829229559e+02
2.525352487092930858e+02
2.525346306592533665e+02
2.525527501985702941e+02
2.525653929209690318e+02
2.525604423153296239e+02
2.525440267573470976e+02
2.525434571088165114e+02
2.525459901211278861e+02
2.525596939535345484e+02
2.525717260722795743e+02
2.525624367057188238e+02
2.525566893367752073e+02
2.525463165210484533e+02
2.525541389495631392e+02
2.525374305003971358e+02
2.525376737490071548e+02
2.525348044082605270e+02
2.525397773530579855e+02
2.525563505262112756e+02
2.525489140687053293e+02
2.525676988185067557e+02
2.525688914813343899e+02
2.525777601270849857e+02
2.525826486795075425e+02
2.525843886517077124e+02
2.525804470313741206e+02
2.525863371227164293e+02
2.526036574166004698e+02
2.525346045969023123e+02
2.525287169876886537e+02
2.525179482724384457e+02
2.525168970909452071e+02
2.525222485603653695e+02
2.525199885822081001e+02
2.525103628872120680e+02
2.524978802621128011e+02
2.524990158359809413e+02
2.524831674444003227e+02
2.524818519162033397e+02
2.524650950655282031e+02
2.524593836874503552e+02
2.524498808578236719e+02
2.524486273828435401e+02
2.524769857029388334e+02
2.524847932386815046e+02
2.524935415011914301e+02
2.524727375397140463e+02
2.524795733220810234e+02
2.524750322676727592e+02
2.524889781076250870e+02
2.525004443010325588e+02
2.524938480440825970e+02
2.524971281771246936e+02
2.524917245830023944e+02
2.525107823669578977e+02
2.525096095611596638e+02
2.524874726965846037e+02
2.524955855341540882e+02
2.525061755361398070e+02
2.525001365170770384e+02
2.524860678117553618e+02
2.524973689436060340e+02
2.524965659749801432e+02
2.524838611993645827e+02
2.524776931096108115e+02
2.524896408359809357e+02
2.524826672954725950e+02
2.524846008737092973e+02
2.525011641183479014e+02
2.525181741461477429e+02
2.524968265984908555e+02
2.524936494737887074e+02
2.524930711378077888e+02
2.525019199265289842e+02
2.524972076052422665e+02
2.524994241461477316e+02
2.525057684670373419e+02
2.525060638403494977e+02
2.525185638403494863e+02
2.525172495532168284e+02
2.525185923848292191e+02
2.525157242851469448e+02
2.525082344618745083e+02
2.524979162529785413e+02
2.524783198471008632e+02
2.524807994936457476e+02
2.525011765289912660e+02
2.524918772339158011e+02
2.525468055003971415e+02
2.525449426628276512e+02
2.525420646346306626e+02
2.525667307883240653e+02
2.525554892275615657e+02
2.525523431294678289e+02
2.525407093923749073e+02
2.525466379567116633e+02
2.525504716044479778e+02
2.525504443010325701e+02
2.525547905083399485e+02
2.525558044579030934e+02
2.525510040210484419e+02
2.525405902501985622e+02
2.525471728554408344e+02
2.525405604646544759e+02
2.525277315826052416e+02
2.525065081413820565e+02
2.525148096207307447e+02
2.525254405778395608e+02
2.525262323768864121e+02
2.525198322081016613e+02
2.525301417295472675e+02
2.525398307188244758e+02
2.525201809471803074e+02
2.525292270651310673e+02
2.525204080619539297e+02
2.525295956612390853e+02
2.525459826747418504e+02
2.525583436755361504e+02
2.525677174344718026e+02
2.525650901012708403e+02
2.525514011616362211e+02
2.525654264297061218e+02
2.525578460087371013e+02
2.525480540111199446e+02
2.525478343427323296e+02
2.525582741759332919e+02
2.525636343328038151e+02
2.525492255758538533e+02
2.525329961775218521e+02
2.525198210385226503e+02
2.525235318208895876e+02
2.525295844916600458e+02
2.525371884928514703e+02
2.525559707605242181e+02
2.525577479646544816e+02
2.525527402700556081e+02
2.525590374305004104e+02
2.525510623510722894e+02
2.525399523431294710e+02
2.525577951250992896e+02
2.525649089058776724e+02
2.525636144757744148e+02
2.525796316521048368e+02
2.525792233419380466e+02
2.525679730937251861e+02
2.525613321584590949e+02
2.525528072875297880e+02
2.525498895452740271e+02
2.525522562549642487e+02
2.525387497517871225e+02
2.525389185365369258e+02
2.525329837668784876e+02
2.525198334491660148e+02
2.525155753574265418e+02
2.525211800039714092e+02
2.525290148431294597e+02
2.525369924046862593e+02
2.525291153693407580e+02
2.525302956215250276e+02
2.525421999106433759e+02
2.525381242553613959e+02
2.525478144857029292e+02
2.525467310365369258e+02
2.525388540011914245e+02
2.525417568506751422e+02
2.525426851667990604e+02
2.525418337966640081e+02
2.525236571683876150e+02
2.525169777601270766e+02
2.525300300337569581e+02
2.525293821981731526e+02
2.525381019162033454e+02
2.525307113780778536e+02
2.525307759134233550e+02
2.525398034154090681e+02
2.525408794181890357e+02
2.525393516679904735e+02
2.525425511318506722e+02
2.525346232128673591e+02
2.525364016580619477e+02
2.525555053613979339e+02
2.525409650516282625e+02
2.525330098292295418e+02
2.525347845512311267e+02
2.525504852561556675e+02
2.525620966540905386e+02
2.525591776707704526e+02
2.525520949166004812e+02
2.525551826846703705e+02
2.525390364376489174e+02
2.525301355242255852e+02
2.525296366163621826e+02
2.525367156473391503e+02
2.525306592533756884e+02
2.525255311755361447e+02
2.525279686258935783e+02
2.525202169380460759e+02
2.525178378177124614e+02
2.525261926628276399e+02
2.525263738582208077e+02
2.525354832704527439e+02
