9.705657453307296123e+01
5.564745631165189366e+01
5.507394221621350994e+01
5.433690601371989715e+01
5.382994091432577477e+01
5.365965399829752869e+01
5.672032447048219694e+01
5.671412297831856364e+01
5.622586750788643428e+01
5.657115817936006863e+01
5.662341144659756509e+01
5.644718466776826205e+01
5.660185018276501268e+01
5.642324871063041059e+01
5.623595463421961682e+01
5.669649241400030348e+01
5.659909744128987086e+01
5.616199739622452825e+01
5.591747408742676839e+01
5.600463922687897167e+01
5.584827499874818812e+01
5.594213359371087790e+01
5.644219868809773999e+01
5.637260527765259610e+01
5.627594011316408995e+01
5.641856066296129057e+01
5.675302313354363548e+01
5.663207400731059948e+01
5.645472184667768545e+01
5.626507310600370459e+01
5.653982900205297568e+01
5.656340068098743501e+01
5.663065695258124066e+01
5.682287566972109261e+01
5.664633718892393688e+01
5.680549171298382305e+01
5.690955134945671290e+01
5.673927069250412814e+01
5.653014370837714608e+01
5.641032747483851750e+01
5.657990711531721217e+01
5.635496595062841152e+01
5.588775474437935031e+01
5.674403134545090666e+01
5.763517725702268280e+01
5.690846227029192050e+01
5.656885483951730009e+01
5.697204446447348403e+01
5.738174853537629616e+01
5.733849331530719695e+01
5.743082970306944901e+01
5.785236843422963204e+01
5.773074457964047923e+01
5.799225251614841170e+01
5.860523258725151408e+01
5.855240098142306238e+01
5.834751765059336037e+01
5.842698537879925880e+01
5.884739622452556063e+01
5.887257398227429661e+01
5.849339417154874354e+01
5.901397526413299488e+01
5.942249636973611615e+01
5.925514496019227551e+01
5.905622277302087753e+01
5.969830879775674504e+01
5.976240423614240882e+01
6.027145986680687173e+01
6.021306018727154452e+01
5.992831105102398226e+01
5.988026263081468414e+01
6.026356967603024373e+01
6.011793099994992673e+01
5.964162410495217870e+01
6.008161083571178551e+01
6.083518727154373806e+01
6.070450653447498723e+01
6.103480797155876303e+01
6.133066070802664171e+01
5.833022632817585418e+01
5.795015272144609497e+01
5.763283010365029213e+01
5.760702268289018946e+01
5.786364603675329477e+01
5.826949952431024826e+01
5.903196009213359474e+01
5.915360898302538573e+01
5.904533573681838732e+01
5.898911546742777290e+01
5.665047068248961182e+01
5.680594737369185054e+01
5.646042762004907445e+01
5.620655200040057764e+01
5.620187396725251716e+01
5.624206724750888498e+01
5.654837764758900676e+01
5.652070627409744219e+01
5.567513895147964575e+01
5.577748610485203784e+01
5.640529517800811021e+01
5.690433128035651578e+01
5.667440663962746328e+01
5.624663011366481413e+01
5.663675704771919328e+01
5.716678058184367472e+01
5.701247934505032333e+01
5.694431050022532759e+01
5.678742050973912114e+01
5.678971759050623547e+01
5.721261328926944145e+01
5.744425917580491614e+01
5.695394446948074574e+01
5.640397952030443918e+01
5.660259125732311958e+01
5.652358670071603797e+01
5.690637924991237639e+01
5.765535776876470919e+01
5.703223924690801994e+01
5.663184116969605952e+01
5.729375219067647862e+01
5.750831455610635601e+01
5.743191001952831698e+01
5.741258825296679902e+01
5.727536427820339782e+01
5.757983951730008698e+01
5.770378298532872918e+01
5.763422337389214078e+01
5.734876070301938000e+01
5.740750713534625049e+01
5.747432026438335839e+01
5.708258099243903416e+01
5.731765935606629370e+01
5.784402007911471344e+01
5.744353562665865809e+01
5.711745656201492238e+01
5.739049872314856771e+01
5.711588052676381011e+01
5.678195758850333164e+01
5.659703945721295781e+01
5.673104751890240749e+01
5.693494942666866621e+01
5.689715712783536361e+01
5.693701492163637568e+01
5.650117920985428555e+01
5.678446872965800196e+01
5.689826748785739596e+01
5.719790320965400099e+01
5.747699288969005238e+01
5.737021055530519220e+01
5.687275549546843223e+01
5.643488308046667612e+01
5.688741174703319814e+01
5.720276025236593398e+01
5.654686169946422325e+01
5.611475138951479380e+01
5.631658279505282394e+01
5.692773271243302702e+01
5.655564693806018539e+01
5.578999799709578866e+01
5.623966876971608997e+01
5.641009714085424065e+01
5.619581643382905156e+01
5.677831480646938189e+01
5.678282134094436628e+01
5.591739271944319256e+01
5.603166716739271891e+01
5.662595263131540690e+01
5.596919408141805263e+01
5.595278153322317394e+01
5.643261479144759818e+01
5.654560612888688809e+01
5.591342696910520260e+01
5.610536653147062935e+01
5.633519728606479049e+01
5.638238821290871527e+01
5.630919333032897356e+01
5.627153873116018445e+01
5.658194006309147994e+01
5.658502829102198461e+01
5.614876070301937716e+01
5.593493941214761378e+01
5.625062966301136669e+01
5.655053577687647248e+01
5.657055480446647522e+01
5.623103374893595685e+01
5.629743753442491538e+01
5.638781983876621240e+01
5.602070377046717908e+01
5.607977066746782668e+01
5.617947398728156116e+01
5.613524861048520620e+01
5.642733338340593718e+01
5.640776876470882684e+01
5.640425116418807505e+01
5.613909418657052441e+01
5.582962921235792209e+01
5.641423438986530670e+01
5.663338716138400741e+01
5.583620374543087195e+01
5.623917054729357545e+01
5.715125807420760395e+01
5.705823569175304044e+01
5.715995067848380273e+01
5.733887261529217483e+01
5.679257172900705797e+01
5.654281708477292057e+01
5.719535701767563296e+01
5.880160607881428092e+01
5.854565620149216443e+01
5.759960693004857291e+01
5.793001477141855560e+01
5.843236317660608137e+01
5.875821941815632954e+01
5.912399103700365544e+01
5.957772144609683806e+01
5.921400030043562879e+01
5.948437108807771523e+01
5.767983576185469019e+01
5.705294802463572523e+01
5.643809523809523654e+01
5.630520629913374364e+01
5.642970056582043981e+01
5.674221120624905979e+01
5.669469355565570368e+01
5.578210905813429576e+01
5.556876220519753673e+01
5.621593435481447898e+01
5.654169295478443757e+01
5.606367357668619178e+01
5.616332682389464992e+01
5.680118046166941781e+01
5.676679059636472857e+01
5.680912448049672037e+01
5.732182289319513302e+01
5.738238946472385038e+01
5.670658705122427534e+01
5.701621225777377333e+01
5.741476641129637670e+01
5.748523108507335877e+01
5.710758725151469406e+01
5.660945495969155417e+01
5.677579490260878003e+01
5.700357268038656144e+01
5.730287416754293872e+01
5.708316809373591383e+01
5.595655825947623896e+01
5.564236392769515760e+01
5.663704621701467090e+01
5.661710229833258268e+01
5.499972835611637123e+01
5.462251765059335895e+01
5.474233388413199464e+01
5.408597841870712841e+01
5.423598217415251810e+01
5.482852260778128084e+01
5.440489209353562927e+01
5.396344824996244682e+01
5.436507310600370602e+01
5.443043663311802050e+01
5.408020379550347911e+01
5.422466326172951057e+01
5.459379725602123301e+01
5.408306294126483493e+01
5.387077637574483191e+01
5.398168719643483371e+01
5.426888488308046732e+01
5.393034399879825713e+01
5.369470482199189121e+01
5.404475364278203386e+01
5.429260052075509435e+01
5.372649842271293608e+01
5.328347103299784493e+01
5.353981898753192326e+01
5.393674452956787491e+01
5.372117320114165295e+01
5.389926893996294410e+01
5.411811877221971656e+01
5.357816709228381313e+01
5.307113189124230246e+01
5.323294401882729687e+01
5.328547018176355721e+01
5.312197436282609431e+01
5.289209603925691994e+01
5.295775875018777157e+01
5.318382404486505521e+01
5.308619998998548084e+01
5.287617545440889444e+01
5.248712132592258683e+01
5.239084422412498299e+01
5.279257172900705797e+01
5.262324996244554853e+01
5.204778553903159377e+01
5.257217340143207451e+01
5.328553277252015619e+01
5.273021881728506344e+01
5.271158054178558672e+01
5.295302563717390143e+01
5.258661183716388621e+01
5.226573907165389699e+01
5.212583496069300537e+01
5.158130414100445904e+01
5.166442591758049474e+01
5.172512893695859049e+01
5.178867357668619320e+01
5.163266736768314047e+01
5.182101046517450271e+01
5.170797656602073289e+01
5.133256221521205731e+01
5.179970457162886532e+01
5.222169020079114432e+01
5.197544314255670628e+01
5.158009488758700201e+01
5.153955986179961002e+01
5.186570151719993760e+01
5.211525587101296964e+01
5.179391117119823917e+01
5.162935882028941847e+01
5.172618922437534650e+01
5.168057057733713577e+01
5.151037379199839705e+01
5.156659531320414658e+01
5.161239797706674892e+01
5.148971133143057699e+01
5.163665064343297928e+01
5.162105052325872379e+01
5.143290896800360201e+01
5.157847378699113960e+01
5.137423263732411982e+01
5.125303189624955991e+01
5.181193480546792784e+01
5.209955560562816146e+01
5.168205022282309358e+01
5.219345801412047336e+01
5.235830078613989969e+01
5.198614240648940665e+01
5.204556732261779928e+01
5.189656251564768752e+01
5.128269741124631054e+01
5.155133944219117836e+01
5.234152020429623065e+01
5.201251314405888593e+01
5.103607480847228572e+01
5.113463522107055326e+01
5.129701191728005938e+01
5.087076135396324617e+01
5.042369936407791187e+01
5.020012643332832880e+01
5.027197311101096489e+01
5.286870962896199444e+01
5.291879099694557453e+01
5.284283461018476658e+01
5.276421060537779795e+01
5.301064919132742403e+01
5.323319062640829458e+01
5.301684943167592934e+01
5.298411696960592820e+01
5.348668694607180640e+01
5.393515722798057510e+01
5.372610034550097424e+01
5.358732537178909183e+01
5.359718216413799752e+01
5.387027564969205429e+01
5.356890991938310265e+01
5.407681137649591818e+01
5.411720369535827047e+01
5.390707651094086117e+01
5.369485629162285534e+01
5.364083796504932167e+01
5.377191552751489922e+01
5.356684943167593360e+01
5.336027114315757558e+01
5.358172349907365373e+01
5.383504206098843525e+01
5.363958614991737761e+01
5.360898678083220403e+01
5.329847403735416123e+01
5.297682890190776561e+01
5.283997045716288454e+01
5.295789770166742016e+01
5.256496169445696154e+01
5.216643132542186123e+01
5.232369310500225623e+01
5.265256121375995235e+01
5.277785789394621929e+01
5.244707450803664983e+01
5.275729557858895191e+01
5.327430023534124359e+01
5.313283010365029213e+01
5.323216664163036427e+01
5.367263532121576475e+01
5.354507285564067587e+01
5.341748910920835414e+01
5.322639577387211318e+01
5.335474688298032220e+01
5.379003054428921615e+01
5.404277076761304244e+01
5.396023108507335309e+01
5.397647088278002769e+01
5.388394171548745959e+01
5.396677056732261946e+01
5.412556582043963971e+01
5.422019302989334477e+01
5.398754443943718684e+01
5.356726378248460207e+01
5.360343498072204937e+01
5.415950753592709077e+01
5.404570377046717766e+01
5.325199914876571228e+01
5.347739347053227021e+01
5.365990185769365439e+01
5.356540358519853839e+01
5.337078388663562123e+01
5.303373892143608259e+01
5.286495793901156759e+01
5.329637724700815937e+01
5.294345926593560847e+01
5.214596915527514653e+01
5.223800260377547744e+01
5.257882179159781799e+01
5.229320139201842466e+01
5.180091006960092415e+01
5.197537053727905487e+01
5.284285213559661543e+01
5.289243152571228279e+01
5.254540083120524940e+01
5.300385684242151285e+01
5.303204646737769679e+01
5.298772845626157846e+01
5.298350733563667347e+01
5.292409243402934038e+01
5.276722497621550900e+01
5.305483576185469019e+01
5.339822993340343515e+01
5.353171223273746904e+01
5.344186946071803845e+01
5.338421711481648657e+01
5.369144634720344555e+01
5.373613364378348933e+01
5.363519728606479475e+01
5.364160282409493874e+01
5.374384732862650793e+01
5.375500350508237091e+01
5.393240949376595950e+01
5.416999399128736314e+01
5.379994366831905950e+01
5.331542361424065035e+01
5.339558234439937934e+01
5.351862951279355229e+01
5.351046767813329552e+01
5.326730884782935505e+01
5.325152846627609904e+01
5.351916403785489251e+01
5.381965349757147976e+01
5.384142381453106907e+01
5.348950853737920141e+01
5.334728230934855731e+01
5.313031771068048670e+01
5.337739847779280211e+01
5.404670271894246980e+01
5.383591707976565743e+01
5.367754494016323719e+01
5.377504381352962071e+01
5.357475589604926824e+01
5.344286215011766927e+01
5.360374292724450385e+01
5.375416478894396732e+01
5.374544589654999527e+01
5.361178333583696087e+01
5.390712783536127262e+01
5.373425592108557680e+01
5.353598843322818368e+01
5.342187046217014768e+01
5.358841069550848601e+01
5.386984502528666496e+01
5.391444719843773470e+01
5.356313279254919735e+01
5.353887887436783188e+01
5.349251414551098804e+01
5.297416879475239426e+01
5.314087426768814737e+01
5.295315207050222739e+01
5.250218942466576522e+01
5.275350132692403804e+01
5.280568073706874799e+01
5.258939086675679420e+01
5.302449927394722096e+01
5.325460542787040907e+01
5.291951955335235880e+01
5.234885458915427137e+01
5.223828551399529374e+01
5.288370136698212320e+01
5.246356592058484836e+01
5.168833934204596403e+01
5.194816609083170533e+01
5.251752165640178305e+01
5.242333884131991084e+01
5.465962520654949941e+01
5.495308322066997420e+01
5.498994416904511695e+01
5.496458740173251556e+01
5.493876621100595514e+01
5.537537178909418856e+01
5.540685744329277185e+01
5.475619398127284398e+01
5.458767087276550711e+01
5.509416904511541446e+01
5.511320164238145480e+01
5.481665790396074556e+01
5.493913549646988059e+01
5.537176405788392941e+01
5.481430198788243047e+01
5.464821991888238273e+01
5.491927044214110509e+01
5.485893670822692769e+01
5.440290546292123253e+01
5.462460192278804527e+01
5.512031946322166931e+01
5.492106804867056979e+01
5.428345350758600318e+01
5.453767337639577306e+01
5.487980071103099533e+01
5.445557558459766767e+01
5.451553252215713030e+01
5.468529117219969038e+01
5.460778503830554342e+01
5.461409293475539783e+01
5.504220745080366584e+01
5.539316759300986348e+01
5.511174828501327028e+01
5.487247634069400704e+01
5.517351785088378335e+01
5.566546617595513169e+01
5.546822517650593198e+01
5.510126308146812590e+01
5.503395047819338259e+01
5.497168018627009189e+01
5.487022307345651484e+01
5.533683340844223864e+01
5.560423238696109394e+01
5.583805142456562010e+01
5.607660107155375329e+01
5.603979645485954819e+01
5.587685644184066547e+01
5.541488658554904845e+01
5.503531871213259308e+01
5.493099744629713399e+01
5.544608807771268033e+01
5.545851985378799043e+01
5.526085323719393472e+01
5.544616694206599306e+01
5.558456261579289759e+01
5.527615792899704417e+01
5.495835586600571077e+01
5.476202869160282205e+01
5.532794176556006249e+01
5.547135846978117968e+01
5.539373591707976630e+01
5.552842371438585900e+01
5.573135546542486907e+01
5.573468529367583102e+01
5.557946647639076332e+01
5.567817209954434077e+01
5.558359371088077694e+01
5.563208026638626080e+01
5.517150242852135733e+01
5.499818361624355134e+01
5.513397926994141329e+01
5.493076085323719582e+01
5.461460117169896478e+01
5.475951880226327972e+01
5.470036302638825987e+01
5.467327374693305586e+01
5.525613139051625211e+01
5.538859220870261879e+01
5.482868033648790629e+01
5.501069425667217416e+01
5.454429673025887837e+01
5.395556682189174325e+01
5.399072404987231266e+01
5.395331605828451416e+01
5.390150092634319634e+01
5.428507335636673048e+01
5.414271693956236220e+01
5.402009914375845057e+01
5.391995268138801123e+01
5.443774723348855815e+01
5.474607931500676017e+01
5.467877046717740797e+01
5.458322943267738481e+01
5.455772870662460861e+01
5.445385684242150859e+01
5.425727179410144885e+01
5.392303089479745637e+01
5.420280531771067700e+01
5.430080742076010125e+01
5.436558259476240806e+01
5.398653923188623338e+01
5.351998272495117703e+01
5.391215136948575548e+01
5.449683290771618971e+01
5.753086976115367435e+01
5.709909368584447265e+01
5.702247133343347940e+01
5.719987231485654178e+01
5.770402458564919357e+01
5.771222147113314094e+01
5.713712257773772052e+01
5.751235040809173427e+01
5.801575284162034762e+01
5.781374117470331697e+01
5.764802338390666137e+01
5.779811601822643041e+01
5.771370612387962495e+01
5.738518476791347211e+01
5.738960367532922646e+01
5.736237043713384054e+01
5.750321716488908663e+01
5.778784487506884915e+01
5.775586850933854066e+01
5.783958990536277867e+01
5.799195208051674655e+01
5.784640228331080181e+01
5.808784237143858320e+01
5.855091257323118725e+01
5.858749311501677681e+01
5.848307545941615615e+01
5.807006659656502023e+01
5.810881027489860173e+01
5.844129487757248143e+01
5.880277777777777715e+01
5.886587802313354700e+01
5.903208151820139449e+01
5.902255019778679213e+01
5.881149792198688431e+01
5.868976140403584907e+01
5.902131340443643381e+01
5.895577086775824682e+01
5.838736417805818490e+01
5.818769465725301870e+01
5.881435831956336813e+01
5.871338691102098295e+01
5.893590831705973443e+01
5.928573306294126155e+01
5.883141555255119926e+01
5.878013119022583055e+01
5.915490210805668170e+01
5.909828376145410544e+01
5.907433278253467535e+01
5.906042386460367766e+01
5.905553177106804696e+01
5.919914876571027662e+01
5.913820539782685159e+01
5.908211782084021735e+01
5.946761303890641415e+01
5.964966952080516904e+01
5.937216964598668056e+01
5.938559160783135837e+01
5.944823243703369542e+01
5.942186169946422325e+01
5.959821491162185225e+01
5.922453808021631261e+01
5.914454834510039660e+01
5.927507636072304820e+01
5.926243803515097142e+01
5.891597441289870574e+01
5.859652871663912777e+01
5.885584973211156523e+01
5.901425692253768318e+01
5.877558084222122403e+01
5.887704171048019930e+01
5.880379925892544435e+01
5.860264508537379413e+01
5.856159806719743699e+01
5.882215462420509766e+01
5.890178383656301975e+01
5.842094036352711584e+01
5.836283861599319067e+01
5.864928270992939474e+01
5.914942291322417844e+01
5.909331781082569535e+01
5.876112488107756349e+01
5.924457463321816419e+01
5.978236192479094768e+01
5.856662160132191985e+01
5.818607105302688609e+01
5.885491587802313518e+01
5.937102047969555940e+01
5.930828951980371500e+01
5.926917655600620805e+01
5.907749862300335764e+01
5.907514896600070387e+01
5.938092358920434322e+01
5.960208302037955264e+01
5.962773771969355607e+01
5.911923413950227513e+01
5.903668819788693867e+01
5.931539482249261397e+01
5.948672700415602321e+01
5.913008988032647295e+01
5.867114816483901762e+01
5.864819738621000766e+01
5.921199739622452540e+01
5.948507335636673332e+01
5.959263807520905232e+01
5.947940013018877181e+01
5.942153873116018303e+01
5.925033298282509975e+01
5.921032622302338666e+01
5.925686745781383280e+01
5.923375394321766407e+01
5.923081718491813064e+01
5.969400380551800112e+01
5.949262806068799847e+01
5.923696359721596139e+01
5.950119172800560818e+01
5.970832582244253928e+01
5.975853487556957333e+01
5.962988833809023248e+01
6.002695783886635894e+01
6.024403009363577155e+01
6.036452606279105026e+01
6.064413774973711924e+01
6.090946872965800196e+01
6.132672625306694414e+01
6.115687747233488381e+01
6.085329602924240078e+01
6.086373616744279502e+01
6.118001101597316449e+01
6.122578739171799356e+01
6.107138726152921748e+01
6.114600921335937045e+01
6.127992964798958297e+01
6.148472910720544604e+01
6.165536903510089672e+01
6.172240623904662016e+01
6.194962821090581429e+01
6.180462420509739019e+01
6.168896149416654140e+01
6.167932502128086014e+01
6.137549697060737941e+01
6.155070352010415036e+01
6.190658329577887997e+01
6.169393495568574082e+01
6.185888538380651624e+01
6.191946572530168424e+01
6.179648740673977159e+01
6.185490711531721075e+01
6.232288067698162592e+01
6.247450302939262201e+01
6.215947498873366328e+01
6.225947749236392781e+01
6.248494191577788115e+01
6.253923313805017159e+01
6.256216263582194159e+01
6.251234540083120805e+01
6.237613789995493363e+01
6.246092083521105565e+01
6.261206123879625807e+01
6.266126258074207556e+01
6.252994341795603361e+01
6.221433954233638985e+01
6.239394622202193119e+01
6.260014646237043934e+01
6.243345976666165598e+01
6.223063692353913012e+01
6.213759200841219865e+01
6.224603424966201004e+01
6.259292974813479304e+01
6.251256572029442538e+01
6.256552501126633814e+01
6.277158379650493458e+01
6.323197010665465001e+01
6.337573106003705448e+01
6.351759551349456956e+01
6.370143833558660162e+01
6.018095864002803808e+01
5.993209403635270860e+01
6.019016949576886333e+01
6.030038305543037325e+01
6.026430198788242620e+01
5.994611937309097982e+01
5.996456737269040360e+01
6.024900605878524118e+01
6.037259776676180678e+01
6.022494992739472508e+01
6.028436858444744928e+01
6.029590781633368124e+01
6.025766987131340358e+01
6.026471133143057557e+01
5.993532872665365119e+01
5.968157202944269102e+01
6.013183616243553331e+01
6.054128736668168642e+01
6.031081693455510617e+01
6.011614841520204067e+01
6.036210755595613620e+01
6.025277527414751688e+01
5.922988082719943748e+01
5.946501427069250667e+01
5.987343272745481215e+01
6.026939687546943247e+01
6.064835887036202422e+01
6.055667467828351391e+01
6.069831255320214325e+01
6.093551900255370413e+01
6.068772970807670930e+01
6.066353212157628860e+01
6.079486505432877408e+01
6.039862801061538988e+01
6.024767412748485640e+01
6.031593185118421729e+01
6.017530419107706052e+01
5.985214435932101651e+01
6.009262680887286479e+01
6.006448976015222030e+01
5.933053552651344376e+01
5.955168744679785675e+01
6.016417555455410593e+01
6.024921260828200786e+01
6.049573506584547289e+01
6.075529893345350985e+01
6.060670847729207367e+01
6.065143458014120625e+01
6.068363502078013028e+01
6.068239071653898264e+01
6.043035276150418156e+01
6.008838190376044963e+01
6.002141605327724960e+01
6.036775324220118932e+01
6.109023333834059599e+01
6.090064343297781591e+01
6.042592634319763789e+01
6.043102373441490016e+01
6.088101872715437679e+01
6.223797631565770416e+01
6.417421636372741034e+01
6.558862725952631934e+01
6.504517049722096544e+01
6.036981498172350058e+01
5.661996519953932960e+01
5.576320414601171649e+01
5.575848855840969520e+01
5.562535801912773792e+01
5.474346302138100384e+01
5.408094236643132291e+01
5.358582194181563096e+01
5.328764834009313489e+01
5.372801061539232137e+01
5.355416979620449780e+01
5.636063792499123792e+01
5.621608457263031511e+01
5.635240849231385596e+01
5.616911271343447964e+01
5.602608156827399455e+01
5.604822492614290752e+01
5.617369936407791187e+01
5.626463622252266106e+01
5.625008512342897404e+01
5.640980421611336482e+01
5.636334184567623140e+01
5.654743002353412606e+01
5.672361924790946830e+01
5.681587802313354274e+01
5.679659631465624869e+01
5.655155850983926769e+01
5.678761579289970740e+01
5.764121225777377333e+01
5.763076085323719155e+01
5.757564343297782017e+01
5.699109709078163633e+01
5.694579014571127829e+01
5.721981498172350200e+01
5.724219993991287225e+01
5.739017951028991860e+01
5.789213484552601585e+01
5.810978543888638370e+01
5.807000901306894747e+01
5.778566546492414346e+01
5.789395999198838183e+01
5.835808672575234368e+01
5.910279780681988626e+01
5.928802388463271456e+01
5.922009038105252898e+01
5.927353913174102473e+01
5.948450628411196561e+01
5.948010990936858633e+01
5.955683365880526736e+01
5.944705197536427477e+01
5.986654524059886739e+01
6.057744103950728487e+01
6.060312703419958780e+01
6.048177857893946197e+01
6.074822868158830147e+01
