2.531484349299093992e+02
2.522864998895244639e+02
2.520777502270886146e+02
2.519064787764220625e+02
2.518345199224216344e+02
2.518695234821888960e+02
2.517992094861660064e+02
2.517265546362899897e+02
2.517561203446836657e+02
2.517659784449954543e+02
2.517488706945228785e+02
2.517393599783958962e+02
2.517666658483293531e+02
2.518298615373284690e+02
2.517167063560258384e+02
2.517265730488792883e+02
2.518404880563670645e+02
2.518099403432106556e+02
2.517136191785530173e+02
2.517098335501927124e+02
2.517420420789040918e+02
2.518079358259887499e+02
2.519651314658876231e+02
2.519827203986939423e+02
2.519153904696437678e+02
2.517799560552868741e+02
2.516439483956497156e+02
2.516696634178675822e+02
2.515719023887265848e+02
2.515627942945523330e+02
2.517478506370756008e+02
2.518017651535610071e+02
2.517548940662362327e+02
2.517248115778361637e+02
2.516288144747502145e+02
2.517018216188348561e+02
2.518705533596837824e+02
2.520187783860751836e+02
2.519590933641028130e+02
2.519733287506444412e+02
2.519561203446836828e+02
2.519622001816708803e+02
2.518464795129256402e+02
2.518148859646969413e+02
2.517698892789630065e+02
2.517401603122775100e+02
2.518238308005793726e+02
2.518268369626592573e+02
2.518368006284830471e+02
2.516998797044165599e+02
2.516164976800137367e+02
2.516000036825178654e+02
2.516288193847740047e+02
2.517693037586232379e+02
2.518042913608130959e+02
2.518324638499496757e+02
2.518598801954189526e+02
2.517864716568875281e+02
2.516720681020302948e+02
2.515743414430559994e+02
2.517651977512090866e+02
2.517158397368227156e+02
2.516402597402597507e+02
2.515144489725775259e+02
2.514901124395453280e+02
2.515854773770652741e+02
2.515997667738688506e+02
2.515812019738295646e+02
2.515298529447867963e+02
2.516338226990400813e+02
2.518274347580585868e+02
2.519755100287236473e+02
2.518884737190975329e+02
2.517058895735644342e+02
2.514737301450911957e+02
2.518213144133748926e+02
2.520187882061227924e+02
2.519588417253823707e+02
2.517748889107112120e+02
2.518961566788598816e+02
2.516814180148773801e+02
2.515054697665283641e+02
2.516376267399896847e+02
2.518823104117055038e+02
2.519367834433996904e+02
2.518230488792870574e+02
2.518254155107652252e+02
2.518787715120418227e+02
2.518151621535364484e+02
2.518321115557410508e+02
2.518272346745881691e+02
2.517173998968895035e+02
2.517103122775145323e+02
2.517346794981955611e+02
2.518273476051358841e+02
2.518895502418186823e+02
2.519095352662460527e+02
2.517889671764908144e+02
2.517769363906414810e+02
2.518664706748827768e+02
2.518909348685341172e+02
2.516644551101072977e+02
2.515588748680431195e+02
2.514737424201507281e+02
2.516323325068126451e+02
2.515209964893329868e+02
2.514250398939434774e+02
2.514180737976579110e+02
2.516548007757837695e+02
2.517826148331819525e+02
2.516596297842044407e+02
2.516303918199003249e+02
2.516805587607099994e+02
2.516533105835563333e+02
2.515636093585054027e+02
2.515504099869884271e+02
2.516823619669555399e+02
2.517261655169027676e+02
2.517370350821201441e+02
2.517809982078413213e+02
2.517336140230280250e+02
2.517167603662877866e+02
2.515936132865244304e+02
2.516154358873640433e+02
2.517204600692313363e+02
2.519165590553114100e+02
2.517199150565880359e+02
2.516713254609284718e+02
2.517662669088945222e+02
2.518160435028109987e+02
2.517712579481010380e+02
2.516806692362457909e+02
2.516314978027643292e+02
2.517093425478113602e+02
2.517599268406451642e+02
2.517585139812928219e+02
2.517267964549627948e+02
2.517524488743770519e+02
2.517541637001939421e+02
2.516144931627918311e+02
2.515456914541035474e+02
2.515525900375616857e+02
2.515933874254290004e+02
2.516893747084673407e+02
2.517477364790219099e+02
2.517206540151719878e+02
2.516098519627820167e+02
2.517255247587950748e+02
2.519296577713402030e+02
2.520303599047455521e+02
2.519534419266933583e+02
2.518154051997152294e+02
2.518134154125647513e+02
2.518885203643237674e+02
2.517737853828591028e+02
2.516951353939066678e+02
2.516077553826136182e+02
2.516041943878427674e+02
2.516032418432229463e+02
2.516160287727395541e+02
2.517775084084157697e+02
2.517464746029018272e+02
2.516626555863796000e+02
2.516029656543834108e+02
2.516039157439913652e+02
2.515425429013330643e+02
2.514910072913853583e+02
2.516444455355608341e+02
2.517324282522770318e+02
2.517521874156089723e+02
2.517034026465028376e+02
2.516669530847224507e+02
2.517864618368399192e+02
2.519357241057619206e+02
2.519893673434316099e+02
2.520622357793435242e+02
2.520972687992536692e+02
2.519427945400535123e+02
2.519478113568850688e+02
2.518875395870670104e+02
2.517422765325411831e+02
2.516188041637001902e+02
2.517162239461861475e+02
2.519021346328529773e+02
2.519291630864409797e+02
2.517949451304838817e+02
2.518052733655758288e+02
2.518341332580463074e+02
2.516885338668892587e+02
2.515823177767412062e+02
2.517076731397147284e+02
2.516075737117324991e+02
2.517001473007144057e+02
2.517397552353128845e+02
2.516372560331917612e+02
2.515935752338398856e+02
2.516041600176760937e+02
2.517761336017479721e+02
2.518546424275157847e+02
2.517940895588343722e+02
2.516878120933886578e+02
2.517874094714359501e+02
2.518459013576215852e+02
2.518048020032897227e+02
2.517221871701077873e+02
2.518322158937470761e+02
2.518417978052193575e+02
2.517610843787592501e+02
2.517568347531485529e+02
2.517462597893599821e+02
2.517435654137922540e+02
2.518439803108045112e+02
2.517822895441042874e+02
2.517818476419610647e+02
2.518761004590872403e+02
2.518401701323251416e+02
2.518276422065646898e+02
2.518039685267473544e+02
2.518125622959271368e+02
2.517750804016399400e+02
2.517907335575577576e+02
2.517602484472049582e+02
2.517904315910932098e+02
2.517362863034885834e+02
2.517584673360665874e+02
2.518500932904524632e+02
2.518216789826430784e+02
2.516175619276753537e+02
2.515266037365281306e+02
2.515328726094321610e+02
2.516895625168781976e+02
2.517836545307244762e+02
2.518377556281147918e+02
2.517790047381729721e+02
2.517821127832469870e+02
2.517601735693418163e+02
2.515911386345223661e+02
2.516680087398423780e+02
2.518960290182407391e+02
2.517473080794441955e+02
2.517525998576093116e+02
2.517802482017037846e+02
2.516952888321508226e+02
2.515982287089092324e+02
2.514301500012275028e+02
2.514102435371811453e+02
2.514316377384430439e+02
2.515202833083740472e+02
2.515826160606878830e+02
2.515632926619693990e+02
2.514864777944173113e+02
2.515100201310976331e+02
2.515255100287236303e+02
2.516896594898485375e+02
2.519944884982692201e+02
2.520462155991456541e+02
2.518225554218938100e+02
2.517211720226842999e+02
2.517804261900670326e+02
2.517408268480102151e+02
2.517456313063118216e+02
2.519442736847273636e+02
2.519459271352465919e+02
2.519553838411116260e+02
2.517265583188078324e+02
2.516306103159600411e+02
2.516958596224191638e+02
2.518413006653082391e+02
2.519253074902413232e+02
2.519019284118527935e+02
2.518022438808828269e+02
2.517266319691650551e+02
2.517385940146809844e+02
2.516481882012127755e+02
2.515102582672525955e+02
2.515112795522058207e+02
2.515760845015098255e+02
2.515808877323055128e+02
2.515450973412221174e+02
2.514995028600888816e+02
2.516397036800628371e+02
2.517498232391426995e+02
2.517106105614612090e+02
2.516404991039206607e+02
2.516671237080499850e+02
2.516850268823803844e+02
2.518552169003019685e+02
2.519510004173520201e+02
2.519114734981464778e+02
2.517862629808754491e+02
2.518127415117963324e+02
2.518159367097930499e+02
2.518976714212063825e+02
2.519368337711437960e+02
2.519104239805563168e+02
2.518835440551886791e+02
2.519256867895809364e+02
2.518532246581395952e+02
2.517544779417180223e+02
2.517262882674980915e+02
2.517517786561264757e+02
2.517388849335919190e+02
2.515378538285910679e+02
2.514715108143274449e+02
2.515930068985834680e+02
2.516660582328824205e+02
2.515535622222767813e+02
2.514596285566985046e+02
2.515559214887192070e+02
2.516269007929688541e+02
2.515468931824319441e+02
2.514688557189502376e+02
2.515761446493015399e+02
2.516250104338006111e+02
2.516545184494144678e+02
2.517204551592075177e+02
2.518127304642427475e+02
2.515606486141457765e+02
2.513475179829622164e+02
2.514161257457098770e+02
2.514805391206147362e+02
2.514771450666535770e+02
2.516140696732379070e+02
2.518881422924901301e+02
2.519423514104043420e+02
2.518912847077308186e+02
2.519279748606780629e+02
2.519671016129428267e+02
2.517801585937691868e+02
2.516599771683892754e+02
2.517857228782559673e+02
2.519237252350673941e+02
2.519538801463187099e+02
2.518343824417548547e+02
2.518287432794049039e+02
2.519080278889352655e+02
2.517992610414160595e+02
2.518081960572508819e+02
2.517247219699015659e+02
2.515759396558073320e+02
2.516408108904328174e+02
2.517455723860260832e+02
2.519065450617435431e+02
2.518712800432082020e+02
2.519133073920408492e+02
2.518655660029951093e+02
2.518450531510077894e+02
2.516743610831512399e+02
2.515707522156482412e+02
2.515846635406181804e+02
2.517477598016350271e+02
2.516830346402180112e+02
2.515519075442515771e+02
2.516146195959050260e+02
2.515704993494218513e+02
2.517512987012987082e+02
2.519450813836447196e+02
2.520445118208823203e+02
2.520308030343947223e+02
2.519503719343038881e+02
2.517315935482287159e+02
2.516636253160827721e+02
2.515381300174305750e+02
2.515151400584292958e+02
2.516491076031718706e+02
2.517536763803304325e+02
2.516119829131171173e+02
2.515105442761397398e+02
2.516598765129010928e+02
2.516552917781651217e+02
2.515657538114059832e+02
2.514907973878673317e+02
2.516786733115655750e+02
2.517045393170157013e+02
2.516196486877961433e+02
2.517210824147497021e+02
2.517324122946996283e+02
2.516974922053371984e+02
2.517352466059460312e+02
2.516894004860923530e+02
2.517939962683819033e+02
2.517420924066481689e+02
2.517319458424373408e+02
2.517460339282645521e+02
2.518379863992340404e+02
2.518543858787715237e+02
2.518286242113274227e+02
2.517776066088920572e+02
2.517718802936194322e+02
2.516132374242015146e+02
2.515045307244740229e+02
2.513889954091277446e+02
2.515920236663147875e+02
2.515685046522475545e+02
2.514942098544177895e+02
2.514081273169175006e+02
2.514227911030368432e+02
2.516342056808975656e+02
2.516710922347973280e+02
2.517302199690668374e+02
2.518091780620136149e+02
2.518433051825301447e+02
2.518896116171163442e+02
2.517737203250435698e+02
2.517686396779024278e+02
2.517115962487418130e+02
2.516861340927503363e+02
2.518113581125868450e+02
2.519188262588073428e+02
2.517932499447622376e+02
2.516176736307171211e+02
2.515280607860948123e+02
2.515583703630962589e+02
2.517250877666756708e+02
2.518022954361328516e+02
2.517155304053224540e+02
2.517477131564088211e+02
2.517533989639849779e+02
2.517853804040949512e+02
2.517282694621068799e+02
2.517634203225885585e+02
2.517573183904941914e+02
2.517606412491100514e+02
2.519376120099182401e+02
2.518644465175655967e+02
2.518585704465666595e+02
2.518327793189797035e+02
2.517995396852674617e+02
2.517625586134092828e+02
2.516966955539734272e+02
2.517181977757592222e+02
2.518363169911374086e+02
2.517081162693638987e+02
2.515437372646257472e+02
2.514773390125942001e+02
2.514560356467728752e+02
2.515923943731127110e+02
2.517045024918370757e+02
2.518096690643949671e+02
2.517246090393538509e+02
2.517172206810203079e+02
2.518466734588662632e+02
2.518988706945228557e+02
2.518236503572042295e+02
2.516333930719563909e+02
2.516023310338055126e+02
2.516919426509218454e+02
2.517213671961308989e+02
2.517155475904058051e+02
2.516670684702820893e+02
2.516116600790513758e+02
2.515396005695627650e+02
2.515330874229740061e+02
2.516135909459160871e+02
2.517829511698131739e+02
2.517864827044411129e+02
2.518431480617680904e+02
2.518386799400977054e+02
2.518480912282424526e+02
2.518076179019468270e+02
2.518145987283038210e+02
2.517134375076718982e+02
2.515600373161809955e+02
2.514646699236491258e+02
2.514791900915719509e+02
2.514329904500036719e+02
2.512994893575233846e+02
2.513978125843910334e+02
2.514084378759237097e+02
2.515868239510961644e+02
2.516787346868632369e+02
2.516837711437900396e+02
2.517173532516632690e+02
2.517929148356369637e+02
2.517281197063805678e+02
2.515383092332997705e+02
2.514685549799916657e+02
2.514427319372499028e+02
2.515203778263324637e+02
2.515928755554464544e+02
2.517097967250141153e+02
2.516782068593032591e+02
2.515404745538015732e+02
2.514884516239903860e+02
2.515596310117103940e+02
2.515865109370780317e+02
2.515063437507672006e+02
2.515348304814278322e+02
2.516409495986055447e+02
2.518008641641911822e+02
2.519294085876316558e+02
2.517398534357891720e+02
2.514918186728205569e+02
2.514876070998944328e+02
2.516385596445142880e+02
2.516021100827339012e+02
2.516814953477524455e+02
2.516744568286156323e+02
2.517987761765644450e+02
2.517421562369577543e+02
2.515343922618024806e+02
2.515576314045123070e+02
2.515827989590749496e+02
2.516019271843468346e+02
2.516184199543367868e+02
2.515728635258880956e+02
2.515241573171630023e+02
2.515645925907740548e+02
2.515923428178626580e+02
2.516324233422532188e+02
2.519873738737632891e+02
2.521057201777428531e+02
2.520110377335330156e+02
2.520144305599882273e+02
2.520190619399504044e+02
2.518319274298480366e+02
2.517609910883067812e+02
2.518794810104828912e+02
2.519252129722829068e+02
2.519072140524881434e+02
2.519298234846438902e+02
2.518772837748263100e+02
2.519432904524586831e+02
2.518118736650872620e+02
2.517171298455797626e+02
2.517150332654113356e+02
2.517752056072471873e+02
2.518413644956177961e+02
2.518177251859671628e+02
2.517853939066604596e+02
2.517034591117766809e+02
2.516852502884638909e+02
2.517934635307981353e+02
2.518740222915081119e+02
2.517470895833844793e+02
2.517630668008739860e+02
2.517164522622934726e+02
2.515750558515208866e+02
2.514400510642476547e+02
2.514682996587533523e+02
2.517355129747379294e+02
2.517186654555274572e+02
2.517262551248373654e+02
2.516960818009967227e+02
2.517190963101170951e+02
2.517598531902879699e+02
2.517224388088282296e+02
2.518541096899319882e+02
2.516665688753590473e+02
2.515413473105344622e+02
2.513616932217121303e+02
2.512388554734490356e+02
2.513283406574522019e+02
2.514822073012054204e+02
2.514780632411067245e+02
2.517767277146294020e+02
2.517462241916873324e+02
2.516505855203397743e+02
2.517186175827952752e+02
2.518000736503572057e+02
2.518167210860972602e+02
2.518024721969901520e+02
2.518080610315959973e+02
2.518725063216556634e+02
2.519485724105761904e+02
2.519042876782952476e+02
2.518327891390273123e+02
2.519911153119092546e+02
2.521561608523801397e+02
2.520056146122308576e+02
2.519029595168536559e+02
2.518732686028527326e+02
2.517728708909238264e+02
2.517013600765963588e+02
2.515990928731004317e+02
2.514538899663663472e+02
2.515121498539267861e+02
2.516931394692264234e+02
2.517202268431001926e+02
2.517756794245452170e+02
2.518386897601453427e+02
2.518953907151449698e+02
2.518204612967372782e+02
2.518105430486337752e+02
2.518273942503621186e+02
2.518508371590602337e+02
2.518177988363243571e+02
2.517561019320943672e+02
2.517242653376868873e+02
2.517143998723393850e+02
2.515932806324110800e+02
2.515443006898583462e+02
2.517330456877715790e+02
2.516217305378931144e+02
2.515644109198929641e+02
2.515194608793852638e+02
2.516141789212677793e+02
2.515678810792232412e+02
2.514027127881570323e+02
2.514290661134706397e+02
2.517190005646527311e+02
2.516894238087054703e+02
2.516087435249060889e+02
2.517175447425919970e+02
2.518306483686445745e+02
2.516872953133822648e+02
2.515128691724154919e+02
2.516386161097881313e+02
2.515650418579530196e+02
2.514888849335919190e+02
2.516858763165001278e+02
2.517198315861832043e+02
2.515804188250313018e+02
2.515284278103748932e+02
2.517828050966047044e+02
2.517627721994451804e+02
2.518094014680971213e+02
2.517567439177080075e+02
2.516895085066162494e+02
2.517380465470257604e+02
2.517274102079394993e+02
2.517141617361844226e+02
2.515549247538850466e+02
2.515852883411484413e+02
2.517581236343996238e+02
2.517721712125303668e+02
2.517069611862617649e+02
2.518732551002872242e+02
2.519223958461198549e+02
2.518124235877544095e+02
2.517166437532222005e+02
2.517803193970490838e+02
2.519643765497262677e+02
2.520872511231679596e+02
2.520746716421574547e+02
2.517951832666388441e+02
2.516745206589251893e+02
2.517344033093560540e+02
2.516901995924680193e+02
2.517227579603761001e+02
2.516832727763729736e+02
2.515564321311958338e+02
2.514546755701765051e+02
2.515180357449733606e+02
2.515861942405420564e+02
2.515426681069403116e+02
2.516446861267277200e+02
2.517244212309429656e+02
2.518681646330984734e+02
2.519947880097218444e+02
2.519484128348022409e+02
2.520019284118527878e+02
2.520658323717869962e+02
2.519519946971742854e+02
2.517855264773034207e+02
2.519323742420150722e+02
2.519960547958657457e+02
2.519443608376500663e+02
2.519552684555520159e+02
2.518567696953330142e+02
2.517637308815947677e+02
2.516798983625070605e+02
2.515929222006726604e+02
2.516736822723590308e+02
2.517008261115066432e+02
2.516331745758967031e+02
2.515261949770456340e+02
2.514973768197775712e+02
2.513754621559914426e+02
2.513597991800260161e+02
2.515818586895146325e+02
2.517992561313922408e+02
2.517950838386566090e+02
2.517960719809491081e+02
2.518703054034812112e+02
2.518677951538064974e+02
2.516840326025581192e+02
2.516204956669039916e+02
2.517123045196769340e+02
2.516626654064272088e+02
2.516693602238970868e+02
2.519082328824294734e+02
2.520105884663540508e+02
2.518424483833746592e+02
2.515954594554783625e+02
2.516139481501485307e+02
2.518155353153462670e+02
2.518630127906120322e+02
2.517061952225468247e+02
2.517548461935040507e+02
2.518193491763435077e+02
2.517163749294184072e+02
2.516859266442442333e+02
2.518354651020057418e+02
2.518667333611568040e+02
2.519270910563916175e+02
2.519793619424054327e+02
2.518422789875531009e+02
2.515754535634497699e+02
2.513936893918935596e+02
2.515574706012324100e+02
2.516593756904721033e+02
2.517122996096531153e+02
2.518825632779318937e+02
2.519130177006358622e+02
2.519028502688238120e+02
2.518209829867674898e+02
2.517111162939140172e+02
2.517421734220411054e+02
2.518528600888714379e+02
2.519567512827437099e+02
2.519565757493923854e+02
2.518696167726413364e+02
2.519464144551101015e+02
2.519120271033314395e+02
2.518331291581764049e+02
2.517258046301524530e+02
2.516891132496992611e+02
2.517968698598188269e+02
2.516475548081408249e+02
2.517346488105467301e+02
2.517337465936709862e+02
2.516166449807281538e+02
2.516254597009795475e+02
2.516384491689784682e+02
2.519256536469201819e+02
2.519124469103675210e+02
2.518539218815211314e+02
2.519391365723123783e+02
2.518810423980556266e+02
2.518208577811602424e+02
2.520123106572066831e+02
2.519964586453244237e+02
2.518483698720938833e+02
2.519150737731077925e+02
2.520336508482066051e+02
2.519465298406697400e+02
2.517885756020916688e+02
2.517640156629759645e+02
2.518531681928657235e+02
2.518560908845407766e+02
2.517499177571011160e+02
2.517558613409275097e+02
2.516708074534161597e+02
2.518127157341713200e+02
2.518244310509905972e+02
2.517707117079517900e+02
2.517655512729236875e+02
2.516574288660299885e+02
2.515781025212972395e+02
2.515539206540151724e+02
2.516342535536297476e+02
2.516962769744433217e+02
2.517319519799671070e+02
2.516876893427933055e+02
2.515626371737903071e+02
2.515245341614906920e+02
2.516149068322981464e+02
2.517350084697910688e+02
2.518292158691969576e+02
2.518446038838288246e+02
2.517134706503326527e+02
2.516583507230010071e+02
2.518083666805783878e+02
2.517924029656543894e+02
2.516937237620602446e+02
2.518262465322956700e+02
2.519346586305943561e+02
2.518717612255419454e+02
2.516701801978739468e+02
2.516340129624628617e+02
2.516721294773279567e+02
2.517099845334250006e+02
2.517573453956251797e+02
2.518973056244322777e+02
2.518712849532320206e+02
2.518951857216507619e+02
2.519028932315321754e+02
2.518581469570127354e+02
2.516712076203569666e+02
2.517343996268381829e+02
2.517155745955367934e+02
2.518111224314438061e+02
2.519514251344118918e+02
2.520979132398792046e+02
2.519978739596887181e+02
2.518765693663614229e+02
2.518329487148012618e+02
2.516388272408121054e+02
2.517044644391525310e+02
2.517091547394004749e+02
2.515577872977683853e+02
2.515012704686617724e+02
2.515355669849998890e+02
2.516635934009279936e+02
2.516599513907642347e+02
2.516047970932659155e+02
2.516097586723295478e+02
2.516381852551984935e+02
2.518007463236196770e+02
2.517986902511477183e+02
2.516800309331500216e+02
2.516755849065868063e+02
2.517098887879606082e+02
2.517442012618761282e+02
2.517834593572778772e+02
2.516794527778459667e+02
2.515712996833034651e+02
2.515613446100213650e+02
2.516780313259519346e+02
2.517618135172955647e+02
2.517153241843222986e+02
2.516073588981906539e+02
2.515076694571968687e+02
2.516086637370191283e+02
2.517251135443006831e+02
2.517755149387474489e+02
2.517354331868509689e+02
2.516821925711339816e+02
2.516306385485969486e+02
2.516632521542729535e+02
2.516086539169714911e+02
2.516637578867257616e+02
2.517299462352392538e+02
2.518450310559006198e+02
2.519109812682591496e+02
2.518114366729678579e+02
2.517314229249011817e+02
2.517783124248152546e+02
2.517886676650381617e+02
2.518993359192791957e+02
2.518379851717280928e+02
2.517622431443792550e+02
2.517719563989885216e+02
2.518160410477990752e+02
2.516846132128740692e+02
2.515401529472418076e+02
2.515488596469692766e+02
2.515161122431443914e+02
2.515318550069967785e+02
2.517503707067979235e+02
2.517404512311884730e+02
2.517168241965973436e+02
2.517570618417499304e+02
2.517826320182652751e+02
2.516155880981022790e+02
2.514673704367466200e+02
2.515129501878084000e+02
2.515764085630815430e+02
2.514399319961701735e+02
2.515727223627034732e+02
2.517768823803795328e+02
2.517221282498220205e+02
2.517674023519014099e+02
2.519009918248103475e+02
2.519071048044582994e+02
2.518565168291066243e+02
2.518627746544570698e+02
2.519288918076252628e+02
2.519498085090712607e+02
2.517600532737583876e+02
2.516066408072079241e+02
2.516024059116686828e+02
2.516612525470748665e+02
2.517217771831193431e+02
2.516456816340559328e+02
2.516234539562516943e+02
2.516478813247244375e+02
2.516452016792281370e+02
2.516869467016915110e+02
2.517864912969828026e+02
2.517997299486902421e+02
2.516741671372106168e+02
2.516238283455674889e+02
2.515769498932069723e+02
2.514897810129379252e+02
2.515785370584047200e+02
2.517544472540691913e+02
2.517666020180197961e+02
2.518214862642083745e+02
2.517726241622271743e+02
