1.887305789566927956e+02
1.090922567520511137e+02
1.090480600643896167e+02
1.090939452993750365e+02
1.091589739203743648e+02
1.092780714883530493e+02
1.091112009823386728e+02
1.093653982198166119e+02
1.093179881606197057e+02
1.090417603900031196e+02
1.092771942257057560e+02
1.095233323762454916e+02
1.092837345975038374e+02
1.092325808993774814e+02
1.091331056686073140e+02
1.086409698761691232e+02
1.081585878270644088e+02
1.076435601224257965e+02
1.076281139463990115e+02
1.078798370099761144e+02
1.081154846631763462e+02
1.084165555833857724e+02
1.088962032121497145e+02
1.088608646779603077e+02
1.082990732538746812e+02
1.080350770659352122e+02
1.086039256892559735e+02
1.086584833619441497e+02
1.088892681943417813e+02
1.096796940577062855e+02
1.093190548044791655e+02
1.089916232413510784e+02
1.086749460874452495e+02
1.081464344405006983e+02
1.072818713307390084e+02
1.069306767018345568e+02
1.073708560641696863e+02
1.079082869552999284e+02
1.084711438014307419e+02
1.089421861922769068e+02
1.092300883982625805e+02
1.092488982289802095e+02
1.092526003262244103e+02
1.090100408696874013e+02
1.082121985936917667e+02
1.096147839526913543e+02
1.104030728628941063e+02
1.105971495073033992e+02
1.109312900525991097e+02
1.110553982809073261e+02
1.107876266868673270e+02
1.108953601603020331e+02
1.111641385293021642e+02
1.113426174927149361e+02
1.112583758422882170e+02
1.106479635410621256e+02
1.107577679896878919e+02
1.111643474595426682e+02
1.112290620742740828e+02
1.111934266392165682e+02
1.114424531586953435e+02
1.121240263667519912e+02
1.124443897343164878e+02
1.124276692060039977e+02
1.121631928450556188e+02
1.117464784258144874e+02
1.112754482531110511e+02
1.108306345492421627e+02
1.111959936710020713e+02
1.114481810240025368e+02
1.107247509026152983e+02
1.103855202790623764e+02
1.111989138071121772e+02
1.118969692896982764e+02
1.115036648319089068e+02
1.111604718646718482e+02
1.117670171237270154e+02
1.119760316694259359e+02
1.120087127575737185e+02
1.119459579329346184e+02
1.111173723662266042e+02
1.116327104116903257e+02
1.119917894080920746e+02
1.123445956100213152e+02
1.126714529204415669e+02
1.135426602562144467e+02
1.143534122218081563e+02
1.148950327140771321e+02
1.147577178953027328e+02
1.144600961567832087e+02
1.139642851470148059e+02
1.140094556206511101e+02
1.142956680574985739e+02
1.144577783751091999e+02
1.143003720424458294e+02
1.138015969112535259e+02
1.136645899896756760e+02
1.132239683305740670e+02
1.140979174175733561e+02
1.143169716111453909e+02
1.147334441111606651e+02
1.152833252897227112e+02
1.153857609764739607e+02
1.158698364601596893e+02
1.164204849380845559e+02
1.165528929507425602e+02
1.164933209522820476e+02
1.161006408415856725e+02
1.154018718194647164e+02
1.149821480716716309e+02
1.150889725152879492e+02
1.155168115534757618e+02
1.159065959643474599e+02
1.159888350611823427e+02
1.160584601474729851e+02
1.158095668057498528e+02
1.157349054010299909e+02
1.148721236964769048e+02
1.140828145713570052e+02
1.136428221466054964e+02
1.140752173302136327e+02
1.144808095741366287e+02
1.143032970658130267e+02
1.142268066051279476e+02
1.139939239176252812e+02
1.132268481468131966e+02
1.126452462261211735e+02
1.127102088691497954e+02
1.129256293870768673e+02
1.127155872955752045e+02
1.125011210145945739e+02
1.132002883481682005e+02
1.138955361015571981e+02
1.143443988979235257e+02
1.146361302698376790e+02
1.146416699757469928e+02
1.140570966027454176e+02
1.135834163148859801e+02
1.137560965477637751e+02
1.147079130801326841e+02
1.146235309210646847e+02
1.134044559566500254e+02
1.129187884489678737e+02
1.133990139958824841e+02
1.131037027081513315e+02
1.118794973456084989e+02
1.116387192942800795e+02
1.111847700850993590e+02
1.106865117813441231e+02
1.109235303101575596e+02
1.112972955141088960e+02
1.113658881673396763e+02
1.120864800141730484e+02
1.123809396973566095e+02
1.128217275231992005e+02
1.136864128143880919e+02
1.142238180474186180e+02
1.140226170039892253e+02
1.136833252897227027e+02
1.136537989260252601e+02
1.133502917081574424e+02
1.133901057480252490e+02
1.140148230507480491e+02
1.147778326236628743e+02
1.145617779841286392e+02
1.137981049660641020e+02
1.137272250765161203e+02
1.137802457068500956e+02
1.132507101795456066e+02
1.134100482005730299e+02
1.137215851818365024e+02
1.129417573354674289e+02
1.126621121503320211e+02
1.123297493448020958e+02
1.121739338143208897e+02
1.121716380253037784e+02
1.117674753040790279e+02
1.114543023135053232e+02
1.111688852777489274e+02
1.113459542674918055e+02
1.119714694149342336e+02
1.127436144931608908e+02
1.130980933588285211e+02
1.131064615647775327e+02
1.130250178690337322e+02
1.133770885387712184e+02
1.133709709147112505e+02
1.130477961525068622e+02
1.121751128650933822e+02
1.119180785748758353e+02
1.117254021296222817e+02
1.118407646113714264e+02
1.116465547892064905e+02
1.113613369091764298e+02
1.108045989089198571e+02
1.102653389618244120e+02
1.102445925554856387e+02
1.103241021192368549e+02
1.106863553891172955e+02
1.109434177810631041e+02
1.106843552791540191e+02
1.110206107849545845e+02
1.122582157846185851e+02
1.122741763444538776e+02
1.119472579433200394e+02
1.119172159739997880e+02
1.118963534953051777e+02
1.114968263374284447e+02
1.118104904973395008e+02
1.118620266233329801e+02
1.111270124808327893e+02
1.109431526473660767e+02
1.109167015901912805e+02
1.103738165201507684e+02
1.098421061634420965e+02
1.103018198923581679e+02
1.106857176020673137e+02
1.099833992094861657e+02
1.090541043795932552e+02
1.091844475261315495e+02
1.095658001967121038e+02
1.101314024595121310e+02
1.100961091324507777e+02
1.103400761190291490e+02
1.105149556175965699e+02
1.105632441612550423e+02
1.107401164389001167e+02
1.106176564380448468e+02
1.103036355083663693e+02
1.098929959496856839e+02
1.093618231912567040e+02
1.089849350300260795e+02
1.086277070822464310e+02
1.083003830387742710e+02
1.082085050491474760e+02
1.088408623565131847e+02
1.094335998924803448e+02
1.091972289252310730e+02
1.090644128266062296e+02
1.091062941762222778e+02
1.087353318142109231e+02
1.084654745832086036e+02
1.082393595249586156e+02
1.086350795095637523e+02
1.087773194616686254e+02
1.087627041193468216e+02
1.084685450024741726e+02
1.100431764727443777e+02
1.104706318612507658e+02
1.107389373881276242e+02
1.109081684393155456e+02
1.109648007526375864e+02
1.111765778204055266e+02
1.115595041877684110e+02
1.116672779810740934e+02
1.111566866840571635e+02
1.107942672474357124e+02
1.106002211483832411e+02
1.104731243623656809e+02
1.101775027338094333e+02
1.103790886487345091e+02
1.110933661594101096e+02
1.107813245688522841e+02
1.102246354411665834e+02
1.100867549223842445e+02
1.102359555503967812e+02
1.100634133825317207e+02
1.106368890165006036e+02
1.112595341222180849e+02
1.110818139054682234e+02
1.108518232523474154e+02
1.103764764098209383e+02
1.099929709024931128e+02
1.109883035719740292e+02
1.115330934504645910e+02
1.117125535307377930e+02
1.120896445131375572e+02
1.125243061622202845e+02
1.121067095930747541e+02
1.114693953852074912e+02
1.116333042134265128e+02
1.123199381761978373e+02
1.122494553762882532e+02
1.121576604700319564e+02
1.128547494975288856e+02
1.129321404353324283e+02
1.127437183473740134e+02
1.132372592262250208e+02
1.134973737102223055e+02
1.139939019249683838e+02
1.142151859295868377e+02
1.142168463751825129e+02
1.140254760493857304e+02
1.142399997556371432e+02
1.146460941652259464e+02
1.144666939538520722e+02
1.145958213951897164e+02
1.148866669517566663e+02
1.147318142109217973e+02
1.149531092118687070e+02
1.150232535692249485e+02
1.138855172245266942e+02
1.129217965557055692e+02
1.128553640701076972e+02
1.123096639399844889e+02
1.117554538734567018e+02
1.117567355566280440e+02
1.119146489422142992e+02
1.118713527316712657e+02
1.117633993316675998e+02
1.115456451484809861e+02
1.114853816031424998e+02
1.118625813270124780e+02
1.117422191812622572e+02
1.115844890678168042e+02
1.117977005455400672e+02
1.119666249213457121e+02
1.122430946111881553e+02
1.121199381761978344e+02
1.122415270234771612e+02
1.126828206804283639e+02
1.127094770024008596e+02
1.124469188898595462e+02
1.129606490277412973e+02
1.122189368994019247e+02
1.102974421318215406e+02
1.089783702219425692e+02
1.071636265891221882e+02
1.064952966259598810e+02
1.053361614261016115e+02
1.054297438466378765e+02
1.056613558472976564e+02
1.065359231723185758e+02
1.065527255621872911e+02
1.065073754818530034e+02
1.066868025731408522e+02
1.068563231943112299e+02
1.072515434568791193e+02
1.078663249659419279e+02
1.082498707931407296e+02
1.089425783946582271e+02
1.095080438142597927e+02
1.095716025926898851e+02
1.096342450104159667e+02
1.092944022579127790e+02
1.094548399117850153e+02
1.095825989211380005e+02
1.094169905492666004e+02
1.094836564013904194e+02
1.095409594907478095e+02
1.078488579091092419e+02
1.064218741409118394e+02
1.063438661869009252e+02
1.065923636607999185e+02
1.063858257326303800e+02
1.066214281787025584e+02
1.070449163362677183e+02
1.069695059593991147e+02
1.069709806892254278e+02
1.074697472677178354e+02
1.083306999163057185e+02
1.082364540506197699e+02
1.079448668527897013e+02
1.077490540102999006e+02
1.073590386765307869e+02
1.070383906262409113e+02
1.072027014313554218e+02
1.075306449346634849e+02
1.081656169245712960e+02
1.078448674636968434e+02
1.073721328600839371e+02
1.070765784313126545e+02
1.072149953265604125e+02
1.073429400516827457e+02
1.072675553329138438e+02
1.067208789731872827e+02
1.061062660744940160e+02
1.058213157717895285e+02
1.066158261602653710e+02
1.066221343873517782e+02
1.064639644207684057e+02
1.066756645142371838e+02
1.064051352853852705e+02
1.050544904729032112e+02
1.047940570953809356e+02
1.050968654354851566e+02
1.057011796616796317e+02
1.061352450653976121e+02
1.064054309644390912e+02
1.067846808926575051e+02
1.071222205252579585e+02
1.068056545564508752e+02
1.064933576067102052e+02
1.068812824162599071e+02
1.073023354979809483e+02
1.075233213799170358e+02
1.070626008760408325e+02
1.065578779529723619e+02
1.062693685052935137e+02
1.067688974958916504e+02
1.071169703893311151e+02
1.067284065709171585e+02
1.061636950107214261e+02
1.060466574216053459e+02
1.062329168983022925e+02
1.059689854665192286e+02
1.057353709122676264e+02
1.059878673842789141e+02
1.062334361693678915e+02
1.064110940735898794e+02
1.063606783512838234e+02
1.063533560183516471e+02
1.064286894209211312e+02
1.064445607883145613e+02
1.060102815670989855e+02
1.064068568216945323e+02
1.061673812243800796e+02
1.053906922188758131e+02
1.052321911406247068e+02
1.058490411812500440e+02
1.063541587503283665e+02
1.062809341991923873e+02
1.064966393998448240e+02
1.067928340592946483e+02
1.072033392184054037e+02
1.075949905614847495e+02
1.072420120837431483e+02
1.068821315771789529e+02
1.064555485640627808e+02
1.056220366422100199e+02
1.050473538557403828e+02
1.042500369598817258e+02
1.045945898064035333e+02
1.054378591370325751e+02
1.053812451509246131e+02
1.051297640065733674e+02
1.059112254186241131e+02
1.069023855923661017e+02
1.074417493936746695e+02
1.078457227336872535e+02
1.078216872033282243e+02
1.075433408067639647e+02
1.074805847603105917e+02
1.076840559346573798e+02
1.076642124490656158e+02
1.070119921070798057e+02
1.071461998521604784e+02
1.070445620101288426e+02
1.092164370674013867e+02
1.098482298965734287e+02
1.092250349744335409e+02
1.085521635276221701e+02
1.072953442767164915e+02
1.080822476495347928e+02
1.090369928707137177e+02
1.088182551270381424e+02
1.085289160674685860e+02
1.087625831597338930e+02
1.084267284090145438e+02
1.079005699763579003e+02
1.076134595060204902e+02
1.081397071311189961e+02
1.078664801363544683e+02
1.073701632954774539e+02
1.083766596819617405e+02
1.089740914283619730e+02
1.094929935060571466e+02
1.094966284035163824e+02
1.091356323805218409e+02
1.086259574442089075e+02
1.089893567758765016e+02
1.096900550427329506e+02
1.100423248681967863e+02
1.098944364687123851e+02
1.095039434055629215e+02
1.094428270338625850e+02
1.093970994129182372e+02
1.095610277901656104e+02
1.092439376630358367e+02
1.092168928041248392e+02
1.088901222425179185e+02
1.086383063210561346e+02
1.087110287065263208e+02
1.090797893592195038e+02
1.088201342773884903e+02
1.090643896121350593e+02
1.091355077554660937e+02
1.090155891282966110e+02
1.091172966137417433e+02
1.097005345437439985e+02
1.097575162959478519e+02
1.101065617535478367e+02
1.103853541123213802e+02
1.104417921571741914e+02
1.102275751263050552e+02
1.102160705231197824e+02
1.098210335326926952e+02
1.095373600259024585e+02
1.088184347337361260e+02
1.082650982644128277e+02
1.083746229175703064e+02
1.081938506087689547e+02
1.078692463238663066e+02
1.080226389966461227e+02
1.086011717198868638e+02
1.084467771594039931e+02
1.076790611579133810e+02
1.079820784282581201e+02
1.082808193486508088e+02
1.086428404738195752e+02
1.088554618152494697e+02
1.092009688987177043e+02
1.093320487992620258e+02
1.092406839716294655e+02
1.098515752240501939e+02
1.103269025175483051e+02
1.105570080212106916e+02
1.111358975142188683e+02
1.119830619887470959e+02
1.121689268194341764e+02
1.123851024185813543e+02
1.111783176839288672e+02
1.104825078959747344e+02
1.099720815438845136e+02
1.099662889224209010e+02
1.100447110714700187e+02
1.098253098826447456e+02
1.091482781582371615e+02
1.084770512734359187e+02
1.084920331600393411e+02
1.082899047595774960e+02
1.084560666133141069e+02
1.086380680672730961e+02
1.086781667898662675e+02
1.088672987519167208e+02
1.095371022230910683e+02
1.098423786280247469e+02
1.097868520566188693e+02
1.101770641024857866e+02
1.104339701022047677e+02
1.099877427592231669e+02
1.099131900959735049e+02
1.091663243550347886e+02
1.089001521158768639e+02
1.092805273350398068e+02
1.097059251883121220e+02
1.096500565089100832e+02
1.092576891826673489e+02
1.089501585304017937e+02
1.090279025725299533e+02
1.090406045537017974e+02
1.087708230751843388e+02
1.087237477930979708e+02
1.088280113140001646e+02
1.090286087811791731e+02
1.093093535991593939e+02
1.088604345993365570e+02
1.088334874855673178e+02
1.100352090218765824e+02
1.102764513626283644e+02
1.095861788369549998e+02
1.091059899444685470e+02
1.087837474265536883e+02
1.088232205802395924e+02
1.089714669713056878e+02
1.089167724554190499e+02
1.082082777916928791e+02
1.082490228540359567e+02
1.089791534048909227e+02
1.092615171267815555e+02
1.091211172269703269e+02
1.093693190218154996e+02
1.090253318753016316e+02
1.088831285776249160e+02
1.083433395849496890e+02
1.077285373050442558e+02
1.077922976828292292e+02
1.079671173124973222e+02
1.081694082142573450e+02
1.078831395739533576e+02
1.076369330018143984e+02
1.077346720345040296e+02
1.077937785217269067e+02
1.080203053313865809e+02
1.074595683330176996e+02
1.073905846992198718e+02
1.084680794912365371e+02
1.089328319822103879e+02
1.097398659669743637e+02
1.097636583562932628e+02
1.091293632514921370e+02
1.085961451759717988e+02
1.078557293925750287e+02
1.076802255469146132e+02
1.081786817845819257e+02
1.083501976284585027e+02
1.085868911546755839e+02
1.091903220091513873e+02
1.096067431929672438e+02
1.093869827907459751e+02
1.089852869125364236e+02
1.094413058750939314e+02
1.096610345101441197e+02
1.095029696195881286e+02
1.090995815286118358e+02
1.091282220769620750e+02
1.096204605017991156e+02
1.101617168934150328e+02
1.104034076400046445e+02
1.104339713240190406e+02
1.102921993267803344e+02
1.104509838659425327e+02
1.107669438148707002e+02
1.104123317714474268e+02
1.099483172562938762e+02
1.101018528813435040e+02
1.095100048261663801e+02
1.090582952025462617e+02
1.086610027429730394e+02
1.089205930686476336e+02
1.090700661612428348e+02
1.080776243043295040e+02
1.078361339352805004e+02
1.082314861537897599e+02
1.084973590484510453e+02
1.085520156880952527e+02
1.081974500736143057e+02
1.089710857652528233e+02
1.101043136152873387e+02
1.104153936380130858e+02
1.107051041291213380e+02
1.111221692090585265e+02
1.110880439364412240e+02
1.107276527115113254e+02
1.108512795449963590e+02
1.109314293394261171e+02
1.112579384327788290e+02
1.114656102045928066e+02
1.107823960999688495e+02
1.102695847664196549e+02
1.101174578932256480e+02
1.106279978740431602e+02
1.107681595200713502e+02
1.109802603686213729e+02
1.111463415826160315e+02
1.108901161334465542e+02
1.107897282074151946e+02
1.109453910111124060e+02
1.106447281768698332e+02
1.109809225919567979e+02
1.114614279343396959e+02
1.109556591382543900e+02
1.103066326187756232e+02
1.102826264119591144e+02
1.099707619844707409e+02
1.095747292154119634e+02
1.101040936887183790e+02
1.111824303107684671e+02
1.123311092240868447e+02
1.120623051969870119e+02
1.118794875710943160e+02
1.118466183235486398e+02
1.115582286136684331e+02
1.113661716282507825e+02
1.111256623760622091e+02
1.105092191995894666e+02
1.102725635496148300e+02
1.102018962557501567e+02
1.103258248773603896e+02
1.103474839789603550e+02
1.100535008033428852e+02
1.098921675596092626e+02
1.098624090512001317e+02
1.098285391377656737e+02
1.095019127502428375e+02
1.092293247643425786e+02
1.092327886078037267e+02
1.098468370283033266e+02
1.101870878667733678e+02
1.100475603423523552e+02
1.100708371260484739e+02
1.102993567147857874e+02
1.108143098887538116e+02
1.105788332895516533e+02
1.104831933337813297e+02
1.095651563005907434e+02
1.094662504352713341e+02
1.094686537439443867e+02
1.090946417335100875e+02
1.078463373062660793e+02
1.086100017716306922e+02
1.094073431037747923e+02
1.097213909133672587e+02
1.097519167211392244e+02
1.096669065495354118e+02
1.097555394004557314e+02
1.097785058433267551e+02
1.096354399447739922e+02
1.099699018272232394e+02
1.100691498005388240e+02
1.098133177755649399e+02
1.095624536474210515e+02
1.100936740566066590e+02
1.102324183980793038e+02
1.097128553188629780e+02
1.093279960413217538e+02
1.090854023739851328e+02
1.095858232890018371e+02
1.095608494052818997e+02
1.089937553072557392e+02
1.088542766554056129e+02
1.089803764409772100e+02
1.088741714571967947e+02
1.091559878062935667e+02
1.097137961158524320e+02
1.096378151517187831e+02
1.097097714596404217e+02
1.102523193089418498e+02
1.100131760451093896e+02
1.100208001661667367e+02
1.109056600546150975e+02
1.114799054315753466e+02
1.117426688089143596e+02
1.117342077450806670e+02
1.118202613460727832e+02
1.121870377723882228e+02
1.122525196864824579e+02
1.122403125400907840e+02
1.121213420407963781e+02
1.122773066326187745e+02
1.128138138321593686e+02
1.137685358388671375e+02
1.139839978984794584e+02
1.136197457404500000e+02
1.138711963394444382e+02
1.135199284016836572e+02
1.129068378835733171e+02
1.124940369354454361e+02
1.129313670268982435e+02
1.131626124832764191e+02
1.131899823447837719e+02
1.131466824687979198e+02
1.126861330189197901e+02
1.122816391860273342e+02
1.119353220396967430e+02
1.117204550036348962e+02
1.117523284725488821e+02
1.112737120550305150e+02
1.106858092381377077e+02
1.108099431245456401e+02
1.104885717602067245e+02
1.094967224832153221e+02
1.097962893500559005e+02
1.101640297878319501e+02
1.105737077786805571e+02
1.102559395446298254e+02
1.102050399838720551e+02
1.099311361040008279e+02
1.098147277492348337e+02
1.094357844963986963e+02
1.090735202301898141e+02
1.081828750511634780e+02
1.079746620156270041e+02
1.078164712782010071e+02
1.076738916617285042e+02
1.074468529118888682e+02
1.072609037760170025e+02
1.075691186442748801e+02
1.078725684368719158e+02
1.077781417426736965e+02
1.076961848849356471e+02
1.077798510608402438e+02
1.077628116390027486e+02
1.077632062850126147e+02
1.079900324391689281e+02
1.080377809409191769e+02
1.082339090114911642e+02
1.075156997024882202e+02
1.065203560366788622e+02
1.056776866168573719e+02
1.047311886420145299e+02
1.046546908504438278e+02
1.044600802731976756e+02
1.044860975863059025e+02
1.046909933960938588e+02
1.053325436340421959e+02
1.058606618567911539e+02
1.054861476806910616e+02
1.046773811632893683e+02
1.045885968073993126e+02
1.053309784899597474e+02
1.059484455467924278e+02
1.058593569591486414e+02
1.057135248730840402e+02
1.058926685034607829e+02
1.062516497547207877e+02
1.062047834028749236e+02
1.057723845538239686e+02
1.057906983279471689e+02
1.061857866345736738e+02
1.062456946319589974e+02
1.069660909885088387e+02
1.072707125009927296e+02
1.064717131668815000e+02
1.055073180565822213e+02
1.053171231161151127e+02
1.055727657598768445e+02
1.050082667953644346e+02
1.049656047064285787e+02
1.049905407139060856e+02
1.047680947639149309e+02
1.040925231075624140e+02
1.040611090408146993e+02
1.044687881435143026e+02
1.044528459108930889e+02
1.040055592549376513e+02
1.039871782810295002e+02
1.040950632594339282e+02
1.039942232621219205e+02
1.040849380845617702e+02
1.039847187688999384e+02
1.032967909048145572e+02
1.029899689048267817e+02
1.028708359042341982e+02
1.027224013537702092e+02
1.029853394505501285e+02
1.027323114893305132e+02
1.023599831389630452e+02
1.017763957700789916e+02
1.016862124368474696e+02
1.014182184726099791e+02
1.011636644653646186e+02
1.089979400211373814e+02
1.092475566769095394e+02
1.096164725000152771e+02
1.091819794613020917e+02
1.086107336383796280e+02
1.089458284206217797e+02
1.094842795266691553e+02
1.096857957981807203e+02
1.100243727510980989e+02
1.101763640029079170e+02
1.102779480851115892e+02
1.103671820686537473e+02
1.107355480753370642e+02
1.106671777923037894e+02
1.103483025945226075e+02
1.101870316633168585e+02
1.099251455486251530e+02
1.098223335430781162e+02
1.097639870243324367e+02
1.086680000733088605e+02
1.083447544458766885e+02
1.088104171884831857e+02
1.093072313077689017e+02
1.089241766499074515e+02
1.090854805700985395e+02
1.095219773842178199e+02
1.097715537201190017e+02
1.102019304665497828e+02
1.104060675296748144e+02
1.104433463049281841e+02
1.111398158725892102e+02
1.111319021815493784e+02
1.107690465572328407e+02
1.105570727773671109e+02
1.105996688883322889e+02
1.113439272776145259e+02
1.115125083236097225e+02
