9.397904717167720889e+01
8.889933989319619911e+01
8.912653283227848533e+01
8.916102155854430578e+01
8.932586283623417955e+01
8.942032980617088356e+01
8.970081339003164089e+01
8.980430429193037867e+01
8.973542573180380089e+01
8.978684978243670400e+01
8.981572636471518933e+01
8.974575998813291733e+01
8.974823229825949511e+01
8.964093403876582045e+01
8.960570361946201956e+01
8.929397003560126223e+01
8.930586184731012622e+01
8.915365407436708267e+01
8.910810176028481067e+01
8.877328916139239823e+01
8.861056170886075734e+01
8.848931962025316977e+01
8.855758010284810666e+01
8.840306071993670400e+01
8.842204806170886400e+01
8.830524376977848533e+01
8.813137856012657778e+01
8.807974436313291733e+01
8.794170292721518933e+01
8.795504104034810666e+01
8.784133949762657778e+01
8.792681962025316977e+01
8.795354529272151467e+01
8.807933643196201956e+01
8.816293759889239823e+01
8.826666337025316977e+01
8.817031744462025245e+01
8.822175385680380089e+01
8.825762707674050489e+01
8.834845975079113600e+01
8.815934038765823288e+01
8.823129697389239823e+01
8.819750049446201956e+01
8.819768591772151467e+01
8.823091376582279111e+01
8.827989022943037867e+01
8.840030409414556800e+01
8.858194471914556800e+01
8.862980864319619911e+01
8.881262361550632534e+01
8.908241445806962133e+01
8.917800632911392711e+01
8.909675385680380089e+01
8.915605221518987378e+01
8.935514734968354844e+01
8.938020421281645156e+01
8.940500148338607289e+01
8.948253312895569422e+01
8.935583959651899022e+01
8.934645717958861155e+01
8.932835986946201956e+01
8.922480715981012622e+01
8.910607446598100978e+01
8.914890723892405333e+01
8.918820460838607289e+01
8.922437450553798044e+01
8.920895965189873777e+01
8.921891070015823288e+01
8.940842563291138845e+01
8.941484127768987378e+01
8.946051720727848533e+01
8.955289507515823288e+01
8.964582921281645156e+01
8.974996291534810666e+01
8.962213212025316977e+01
8.951616890822785422e+01
8.952170688291138845e+01
8.951993918117088356e+01
8.952171924446201956e+01
8.958308198180380089e+01
8.970230913765823288e+01
8.975197784810126223e+01
8.967346964003164089e+01
8.961736056170886400e+01
8.964017998417720889e+01
8.954442741297468444e+01
8.962862193433544178e+01
8.956315516218354844e+01
8.936905409414556800e+01
8.934467711629746134e+01
8.935865803006329600e+01
8.934105518196201956e+01
8.914836333069619911e+01
8.908271113528481067e+01
8.883688933939873777e+01
8.912789260284810666e+01
8.917931665348100978e+01
8.898914655854430578e+01
8.909897893591772799e+01
8.894738924050632534e+01
8.897768740110760177e+01
8.884817543512657778e+01
8.882593700553798044e+01
8.898918364319619911e+01
8.901461135284810666e+01
8.894790842563291733e+01
8.902260927610760177e+01
8.887650810917720889e+01
8.877604578718354844e+01
8.885339200949367466e+01
8.868146756329113600e+01
8.877341277689873777e+01
8.849002422863924266e+01
8.818015723892405333e+01
8.798922072784810666e+01
8.806416880933544178e+01
8.785625988924050489e+01
8.766952630537974755e+01
8.746264339398733512e+01
8.735932555379746134e+01
8.710491248022151467e+01
8.703493374208861155e+01
8.693372972705695645e+01
8.693036738528481067e+01
8.700159464003164089e+01
8.705495945411392711e+01
8.710534513449367466e+01
8.719287727452531556e+01
8.714676869066455822e+01
8.707628312895569422e+01
8.715675682357594667e+01
8.724592068829113600e+01
8.699212569224683023e+01
8.691816653481012622e+01
8.678209058544304355e+01
8.661163716376582045e+01
8.648087668117088356e+01
8.643966327136075734e+01
8.640323378164556800e+01
8.635545638844936889e+01
8.629384642009493689e+01
8.624161886867088356e+01
8.626595876186708267e+01
8.648305231408227201e+01
8.672868868670886400e+01
8.674399228639239823e+01
8.682416930379746134e+01
8.707095530063291733e+01
8.711019086234176712e+01
8.729942147943037867e+01
8.752574910996835911e+01
8.754626928401899022e+01
8.773647646360760177e+01
8.799211333069619911e+01
8.802886422072785422e+01
8.817936609968354844e+01
8.833975721914556800e+01
8.831379796281645156e+01
8.825962964794304355e+01
8.824807159810126223e+01
8.815213360363924266e+01
8.806895272943037867e+01
8.816113281250000000e+01
8.812628560126582045e+01
8.817110858386075734e+01
8.817295045490506311e+01
8.825106309335443200e+01
8.801475969145569422e+01
8.798165545886075734e+01
8.781357545490506311e+01
8.781657931170886400e+01
8.791808000395569422e+01
8.790899426424050489e+01
8.784251384493670400e+01
8.772509147547468444e+01
8.793314873417720889e+01
8.795980023734176712e+01
8.784570312500000000e+01
8.784294649920886400e+01
8.776541485363924266e+01
8.807484918908227201e+01
8.784287232990506311e+01
8.772133356408227201e+01
8.757697537579113600e+01
8.762184780458861155e+01
8.744322339794304355e+01
8.734072142009493689e+01
8.739191060126582045e+01
8.743279024920886400e+01
8.731324169303798044e+01
8.710059829905063111e+01
8.698159365110760177e+01
8.718152937104430578e+01
8.714266465585443200e+01
8.749416534810126223e+01
8.754001433939873777e+01
8.753429094145569422e+01
8.777673803401899022e+01
8.775127323971518933e+01
8.778358633306962133e+01
8.784942395174050489e+01
8.771281645569619911e+01
8.774961679193037867e+01
8.763011768196201956e+01
8.754484770569619911e+01
8.757386026503164089e+01
8.748048111155063111e+01
8.714173753955695645e+01
8.693359375000000000e+01
8.677586036392405333e+01
8.643717859968354844e+01
8.627949465981012622e+01
8.598684731012657778e+01
8.599263251582279111e+01
8.600288024129746134e+01
8.599353490901899022e+01
8.581965733781645156e+01
8.582095530063291733e+01
8.583812549446201956e+01
8.570617830300632534e+01
8.573425138449367466e+01
8.583737143987342222e+01
8.583609820015823288e+01
8.584086975870253866e+01
8.590616346914556800e+01
8.583195708069619911e+01
8.578855567642405333e+01
8.588801671281645156e+01
8.573280508306962133e+01
8.567433494857594667e+01
8.552833267405063111e+01
8.543239467958861155e+01
8.521417622626582045e+01
8.527254746835443200e+01
8.524166831487342222e+01
8.530198032041138845e+01
8.531470035601266488e+01
8.536404766613924266e+01
8.537841178797468444e+01
8.539017998417720889e+01
8.568690664556962133e+01
8.593162826344936889e+01
8.614631131329113600e+01
8.635862094541138845e+01
8.642452037183544178e+01
8.643049100079113600e+01
8.656253708465189334e+01
8.675372082674050489e+01
8.670626483386075734e+01
8.666752373417720889e+01
8.672726710838607289e+01
8.683313142800632534e+01
8.694549792325949511e+01
8.698721815664556800e+01
8.708754450158227201e+01
8.706083119066455822e+01
8.703348744066455822e+01
8.703133653085443200e+01
8.697233484968354844e+01
8.694115901898733512e+01
8.700191604034810666e+01
8.694611600079113600e+01
8.707387262658227201e+01
8.710590140427214578e+01
8.716628757911392711e+01
8.730028678797468444e+01
8.729359918908227201e+01
8.751451246044304355e+01
8.755868028085443200e+01
8.772119758702531556e+01
8.785304588607594667e+01
8.783141317246835911e+01
8.794768591772151467e+01
8.784797765031645156e+01
8.793769778481012622e+01
8.786239121835443200e+01
8.796094986155063111e+01
8.789575504351266488e+01
8.790616346914556800e+01
8.790167622626582045e+01
8.785089497626582045e+01
8.773187796677214578e+01
8.764606408227848533e+01
8.774417770965189334e+01
8.771505389636075734e+01
8.770894729034810666e+01
8.780411886867088356e+01
8.788406101661392711e+01
8.785046232199367466e+01
8.795648734177214578e+01
8.788286194620253866e+01
8.816019333465189334e+01
8.817647349683544178e+01
8.818840239319619911e+01
8.813670638844936889e+01
8.826825801028481067e+01
8.848767553401899022e+01
8.853398190268987378e+01
8.840503856803798044e+01
8.840000741693037867e+01
8.842417424841772799e+01
8.816346914556962133e+01
8.795258109177214578e+01
8.762752175632911644e+01
8.743473101265823288e+01
8.721240852452531556e+01
8.712493819224683023e+01
8.695465783227848533e+01
8.698294106012657778e+01
8.692516317246835911e+01
8.670616594145569422e+01
8.652689873417720889e+01
8.637894333465189334e+01
8.626274475870253866e+01
8.626836926424050489e+01
8.612104430379746134e+01
8.607999159414556800e+01
8.593191257911392711e+01
8.582955893987342222e+01
8.563612539556962133e+01
8.542178846914556800e+01
8.541170144382911644e+01
8.527393196202531556e+01
8.527437697784810666e+01
8.524109968354430578e+01
8.511249011075949511e+01
8.508311906645569422e+01
8.497668611550632534e+01
8.495930577531645156e+01
8.486417128164556800e+01
8.486821350870253866e+01
8.483053550237342222e+01
8.478095332278481067e+01
8.482235215585443200e+01
8.495708069620253866e+01
8.499463508702531556e+01
8.504261026503164089e+01
8.507421875000000000e+01
8.512574169303798044e+01
8.517097260680380089e+01
8.540104578718354844e+01
8.550662579113924266e+01
8.571512806566455822e+01
8.574465981012657778e+01
8.595249456091772799e+01
8.604628164556962133e+01
8.608434285996835911e+01
8.599108732199367466e+01
8.595753807357594667e+01
8.586744709256329600e+01
8.580085541930380089e+01
8.591449515427214578e+01
8.597570955300632534e+01
8.615131774129746134e+01
8.631760532041138845e+01
8.635713755933544178e+01
8.655159711234176712e+01
8.658751977848100978e+01
8.672549940664556800e+01
8.668065170094936889e+01
8.682366248022151467e+01
8.680489764636075734e+01
8.709782931170886400e+01
8.699660057357594667e+01
8.690932802610760177e+01
8.684032585047468444e+01
8.698308939873417955e+01
8.695936758306962133e+01
8.703687450553798044e+01
8.697070312500000000e+01
8.690386422072785422e+01
8.685723645174050489e+01
8.673891168908227201e+01
8.662859721123417955e+01
8.643401404272151467e+01
8.641946449762657778e+01
8.644083761867088356e+01
8.640088508702531556e+01
8.638652096518987378e+01
8.651558791534810666e+01
8.668887213212025245e+01
8.676229974287974755e+01
8.629467464398733512e+01
8.396307604825949511e+01
8.147467118275316977e+01
7.954408128955695645e+01
7.797095035601266488e+01
7.641283870648733512e+01
7.506873022151899022e+01
7.424532733386075734e+01
7.359103045886075734e+01
7.268016960047468444e+01
7.310618571993670400e+01
7.323988825158227201e+01
7.372050534018987378e+01
7.401176819620253866e+01
7.437816455696201956e+01
7.476620599287974755e+01
7.476539013053798044e+01
7.498744066455695645e+01
7.513057505933544178e+01
7.571438637262657778e+01
7.602221370648733512e+01
7.644204905063291733e+01
7.676276948180380089e+01
7.726315268987342222e+01
7.759666732594936889e+01
7.801781299446201956e+01
7.826527887658227201e+01
7.868453322784810666e+01
7.922721766218354844e+01
7.969272893591772799e+01
7.972774920886075734e+01
8.016580547863924266e+01
8.047384295886075734e+01
8.079552759098100978e+01
8.077476018591772799e+01
8.091538518591772799e+01
8.103545292721518933e+01
8.096742731408227201e+01
8.148794748813291733e+01
8.152497033227848533e+01
8.162624851661392711e+01
8.152828322784810666e+01
8.177655261075949511e+01
8.192935373813291733e+01
8.216871044303798044e+01
8.252438933939873777e+01
8.287841178797468444e+01
8.316830251186708267e+01
8.340585443037974755e+01
8.356581289556962133e+01
8.375966673259493689e+01
8.379437796677214578e+01
8.417142998417720889e+01
8.428684978243670400e+01
8.466423556170886400e+01
8.498846667325949511e+01
8.506311807753164089e+01
8.536135284810126223e+01
8.536449268196201956e+01
8.535476414161392711e+01
8.539691702927214578e+01
8.560046232199367466e+01
8.565432159810126223e+01
8.554440268987342222e+01
8.573930725870253866e+01
8.561303401898733512e+01
8.566740011867088356e+01
8.579568829113924266e+01
8.586546924446201956e+01
8.599529024920886400e+01
8.617311115506329600e+01
8.620903382120253866e+01
8.652065615110760177e+01
8.653865456882911644e+01
8.674054341376582045e+01
8.664336926424050489e+01
8.663365308544304355e+01
8.696391663370253866e+01
8.707322982594936889e+01
8.708370005933544178e+01
8.728782634493670400e+01
8.722206289556962133e+01
8.725731803797468444e+01
8.739958712420886400e+01
8.722760087025316977e+01
8.742119511471518933e+01
8.739046429984176712e+01
8.741621340981012622e+01
8.730974337420886400e+01
8.733336629746835911e+01
8.717295045490506311e+01
8.731504647943037867e+01
8.711157535601266488e+01
8.731442840189873777e+01
8.741513795490506311e+01
8.718834058544304355e+01
8.731486105617088356e+01
8.729492187500000000e+01
8.726339992088607289e+01
8.719436066060126223e+01
8.730749357199367466e+01
8.709058544303798044e+01
8.678631823575949511e+01
8.667874802215189334e+01
8.659387361550632534e+01
8.657659216772151467e+01
8.629639289952531556e+01
8.600991396360760177e+01
8.585775563686708267e+01
8.550923407832279111e+01
8.533434285996835911e+01
8.503014982199367466e+01
8.467396410205695645e+01
8.436132812500000000e+01
8.431060868275316977e+01
8.414720134493670400e+01
8.412221865110760177e+01
8.401406744462025245e+01
8.374320114715189334e+01
8.365492731408227201e+01
8.353854331487342222e+01
8.351175583465189334e+01
8.353636768196201956e+01
8.338864715189873777e+01
8.343322290348100978e+01
8.345238330696201956e+01
8.347348447389239823e+01
8.346625296677214578e+01
8.343522547468354844e+01
8.365800534018987378e+01
8.374273140822785422e+01
8.378263449367088356e+01
8.378727007515823288e+01
8.383616000791138845e+01
8.370214843750000000e+01
8.372031991693037867e+01
8.371528876582279111e+01
8.366518740110760177e+01
8.371606754351266488e+01
8.373061708860760177e+01
8.381135037579113600e+01
8.390177511867088356e+01
8.381937302215189334e+01
8.375923407832279111e+01
8.383063439477848533e+01
8.375548852848100978e+01
8.385095678401899022e+01
8.405107792721518933e+01
8.420166633702531556e+01
8.448259493670886400e+01
8.444339645965189334e+01
8.441487836234176712e+01
8.441801819620253866e+01
8.454783920094936889e+01
8.447493077531645156e+01
8.448593255537974755e+01
8.444186362737342222e+01
8.454621983781645156e+01
8.441918018196201956e+01
8.444322339794304355e+01
8.423640229430380089e+01
8.428094096123417955e+01
8.427691109572785422e+01
8.421981309335443200e+01
8.425215090981012622e+01
8.417727699762657778e+01
8.434428154667720889e+01
8.450482100474683023e+01
8.461914062500000000e+01
8.478542820411392711e+01
8.470957772943037867e+01
8.471282881724683023e+01
8.453984127768987378e+01
8.466025514240506311e+01
8.450442543512657778e+01
8.452425336234176712e+01
8.467574416534810666e+01
8.479641762262657778e+01
8.451361006724683023e+01
8.464912974683544178e+01
8.462500000000000000e+01
8.464945114715189334e+01
8.451976611946201956e+01
8.438817741297468444e+01
8.432755636867088356e+01
8.431921232199367466e+01
8.418443433544304355e+01
8.431198081487342222e+01
8.422540051424050489e+01
8.405291979825949511e+01
8.395942939082279111e+01
8.375979034810126223e+01
8.407216673259493689e+01
8.420433643196201956e+01
8.415966178797468444e+01
8.430238825158227201e+01
8.432657980617088356e+01
8.427770223496835911e+01
8.429871687104430578e+01
8.400274426424050489e+01
8.384481309335443200e+01
8.380441554588607289e+01
8.364611352848100978e+01
8.347741544699367466e+01
8.332043611550632534e+01
8.298355913765823288e+01
8.265097161787974755e+01
8.242313587816455822e+01
8.209402195411392711e+01
8.172051770174050489e+01
8.164856111550632534e+01
8.148871390427214578e+01
8.143967563291138845e+01
8.172668611550632534e+01
8.186328125000000000e+01
8.181759295886075734e+01
8.168701789952531556e+01
8.146921973892405333e+01
8.172116050237342222e+01
8.179979232594936889e+01
8.206641861155063111e+01
8.220600524129746134e+01
8.226977848101266488e+01
8.228593502768987378e+01
8.220349584651899022e+01
8.240172567246835911e+01
8.260598793512657778e+01
8.266191159018987378e+01
8.269850178006329600e+01
8.250771360759493689e+01
8.230871736550632534e+01
8.242647349683544178e+01
8.241667078718354844e+01
8.248972755142405333e+01
8.269664754746835911e+01
8.275003708465189334e+01
8.273820708069619911e+01
8.290446993670886400e+01
8.317093552215189334e+01
8.319961431962025245e+01
8.333481259889239823e+01
8.345604232594936889e+01
8.354282041139239823e+01
8.360536985759493689e+01
8.380469986155063111e+01
8.391202284414556800e+01
8.394738924050632534e+01
8.406829756724683023e+01
8.407261174841772799e+01
8.405383455300632534e+01
8.402400613132911644e+01
8.369694422468354844e+01
8.350212618670886400e+01
8.338344293908227201e+01
8.323494363132911644e+01
8.323585838607594667e+01
8.334277343750000000e+01
8.341449515427214578e+01
8.353094096123417955e+01
8.394136916534810666e+01
8.411249011075949511e+01
8.432125197784810666e+01
8.453375939477848533e+01
8.481154816060126223e+01
8.472768740110760177e+01
8.471332327927214578e+01
8.462775662579113600e+01
8.459303303006329600e+01
8.455326592167720889e+01
8.467857496044304355e+01
8.448657535601266488e+01
8.461167424841772799e+01
8.457643146756329600e+01
8.472054242484176712e+01
8.469636323180380089e+01
8.474103787579113600e+01
8.440454410601266488e+01
8.412308395965189334e+01
8.418078767800632534e+01
8.424631625791138845e+01
8.431172122231012622e+01
8.451689823971518933e+01
8.489109473892405333e+01
8.504858089398733512e+01
8.518761125395569422e+01
8.537385037579113600e+01
8.524736698971518933e+01
8.487497527689873777e+01
8.452362292325949511e+01
8.406168413765823288e+01
8.320553550237342222e+01
8.286204509493670400e+01
8.241318482990506311e+01
8.221217365506329600e+01
8.225317691851266488e+01
8.225194076344936889e+01
8.231366198575949511e+01
8.247637707674050489e+01
8.246026997626582045e+01
8.264548308939873777e+01
8.276649030854430578e+01
8.300343651107594667e+01
8.347667375395569422e+01
8.376700949367088356e+01
8.422443631329113600e+01
8.539089695411392711e+01
8.640723892405063111e+01
8.687462915348100978e+01
8.683011520965189334e+01
8.680704855617088356e+01
8.670701888844936889e+01
8.662895569620253866e+01
8.644989863528481067e+01
8.634702581091772799e+01
8.624893690664556800e+01
8.608318087420886400e+01
8.577448823180380089e+01
8.568024376977848533e+01
8.539877126186708267e+01
8.520075158227848533e+01
8.513451839398733512e+01
8.503883999208861155e+01
8.501285601265823288e+01
8.503288172468354844e+01
8.476006230221518933e+01
8.465260334256329600e+01
8.438906744462025245e+01
8.428771509098100978e+01
8.429604677610760177e+01
8.427760334256329600e+01
8.414465486550632534e+01
8.401814675632911644e+01
8.399347310126582045e+01
8.388124258306962133e+01
8.381744462025316977e+01
8.371094986155063111e+01
8.365224485759493689e+01
8.371258158623417955e+01
8.379989121835443200e+01
8.382873071598100978e+01
8.378179390822785422e+01
8.387783079509493689e+01
8.400362193433544178e+01
8.402968008306962133e+01
8.414281299446201956e+01
8.424096370648733512e+01
8.434786639636075734e+01
8.441102155854430578e+01
8.450063043908227201e+01
8.457880488528481067e+01
8.459549297863924266e+01
8.473727996439873777e+01
8.470211135284810666e+01
8.477488380142405333e+01
8.457912628560126223e+01
8.444240753560126223e+01
8.432162282436708267e+01
8.420098645174050489e+01
8.410894234572785422e+01
8.401442592958861155e+01
8.396739022943037867e+01
8.402724485759493689e+01
8.392649821993670400e+01
8.389789359177214578e+01
8.385375049446201956e+01
8.393007070806962133e+01
8.398464695411392711e+01
8.413778184335443200e+01
8.402818433544304355e+01
8.403065664556962133e+01
8.419157931170886400e+01
8.429325306566455822e+01
8.434399723101266488e+01
8.445155508306962133e+01
8.447310126582279111e+01
8.450511768196201956e+01
8.444846469541138845e+01
8.435151305379746134e+01
8.426040842563291733e+01
8.428832080696201956e+01
8.418821696993670400e+01
8.430111501186708267e+01
8.427056962025316977e+01
8.432330399525316977e+01
8.427860462816455822e+01
8.453332674050632534e+01
8.444640031645569422e+01
8.458283475079113600e+01
8.487142751186708267e+01
8.505811164952531556e+01
8.506331586234176712e+01
8.513784365110760177e+01
8.520585690268987378e+01
8.526896261867088356e+01
8.516128115110760177e+01
8.508352699762657778e+01
8.518999703322785422e+01
8.505246242088607289e+01
8.505003955696201956e+01
8.496146904667720889e+01
8.475184187104430578e+01
8.455754301819619911e+01
8.443923061708861155e+01
8.414506279667720889e+01
8.394117138053798044e+01
8.363657041139239823e+01
8.350614369066455822e+01
8.338106952136075734e+01
8.323980172072785422e+01
8.312701493275316977e+01
8.305290743670886400e+01
8.309806418117088356e+01
8.292439675632911644e+01
8.281889092167720889e+01
8.274468453322785422e+01
8.262483929984176712e+01
8.264512460443037867e+01
8.231319224683544178e+01
8.214507515822785422e+01
8.202540298655063111e+01
8.181315516218354844e+01
8.180058346518987378e+01
8.156958316851266488e+01
8.140217068829113600e+01
8.126922221123417955e+01
8.099751532832279111e+01
8.096149376977848533e+01
8.100184187104430578e+01
8.101797369462025245e+01
8.100049446202531556e+01
8.101828273338607289e+01
8.113162579113924266e+01
8.102323971518987378e+01
8.107157337816455822e+01
8.110742187500000000e+01
8.112743522547468444e+01
8.125782486155063111e+01
8.128604628164556800e+01
8.144846469541138845e+01
8.168332179588607289e+01
8.187894333465189334e+01
8.177773931962025245e+01
8.170385433148733512e+01
8.143733929984176712e+01
8.144733979430380089e+01
8.145884839794304355e+01
8.145657387262657778e+01
8.136577828322785422e+01
8.123181615901899022e+01
8.100027195411392711e+01
8.110785452927214578e+01
8.126161985759493689e+01
8.129769086234176712e+01
8.141000791139239823e+01
8.132612242879746134e+01
8.142393937895569422e+01
8.147083910205695645e+01
8.176299198971518933e+01
8.216665842563291733e+01
8.195701888844936889e+01
8.239176226265823288e+01
8.249826938291138845e+01
8.255759246439873777e+01
8.258701295490506311e+01
8.263671875000000000e+01
8.287629796281645156e+01
8.284823724287974755e+01
8.295117187500000000e+01
8.321313785601266488e+01
8.311875741693037867e+01
8.292374159414556800e+01
8.279594788370253866e+01
8.245238330696201956e+01
8.238046380537974755e+01
8.232986797863924266e+01
8.233238973496835911e+01
8.220878659018987378e+01
8.199075356012657778e+01
8.201996390427214578e+01
8.196520223496835911e+01
8.204176967958861155e+01
8.214650909810126223e+01
8.233170984968354844e+01
8.269649920886075734e+01
8.291654717167720889e+01
8.312577877768987378e+01
8.291495253164556800e+01
8.298232298259493689e+01
8.314779469936708267e+01
8.319887262658227201e+01
8.308032535601266488e+01
8.317104677610760177e+01
8.319877373417720889e+01
8.284091920490506311e+01
8.265526107594936889e+01
8.214652145965189334e+01
8.237575405458861155e+01
8.200325108781645156e+01
8.192526206487342222e+01
8.183430577531645156e+01
8.157643146756329600e+01
8.148630340189873777e+01
8.110774327531645156e+01
8.101741742484176712e+01
8.086189675632911644e+01
8.083272349683544178e+01
8.063278777689873777e+01
8.059166089794304355e+01
8.053887707674050489e+01
8.050009889240506311e+01
8.045438587816455822e+01
