2.530303890699515819e+02
2.525094477895008254e+02
2.524931251419347404e+02
2.524073554413940030e+02
2.522376008887415821e+02
2.520894167326471234e+02
2.519597439344000804e+02
2.519528390015160255e+02
2.518170112995390468e+02
2.516940298415854897e+02
2.516296574539517792e+02
2.516408919331970822e+02
2.517273441479926532e+02
2.518271446721537927e+02
2.518300723636966154e+02
2.517507791833152169e+02
2.517445641299477757e+02
2.516625998146409131e+02
2.516678389708274324e+02
2.517645853664524509e+02
2.518296132623813151e+02
2.517901391420697621e+02
2.517824768147698080e+02
2.517857003443259885e+02
2.517702087437932335e+02
2.519971201826584775e+02
2.520288976044486162e+02
2.520422606443376594e+02
2.520015737109257543e+02
2.519897475556537643e+02
2.518637549331909327e+02
2.516646866388014132e+02
2.516176140234583727e+02
2.515614772259969243e+02
2.516316337991861474e+02
2.516503121029663532e+02
2.516360873274533958e+02
2.516598157457020761e+02
2.516163729768546773e+02
2.517435833225923147e+02
2.518859035027957418e+02
2.519415136840425475e+02
2.518648278063181749e+02
2.517281285483682893e+02
2.518729590552824220e+02
2.519007064513555179e+02
2.517408397625930547e+02
2.516322610739779293e+02
2.516397945091973725e+02
2.515490802629398388e+02
2.516557636241998068e+02
2.517671681182370094e+02
2.518262952119660838e+02
2.518047591866295818e+02
2.517799971766496583e+02
2.518250566204496579e+02
2.517502083755301499e+02
2.517416352108613182e+02
2.518488132722016530e+02
2.519397717996403401e+02
2.517596383656484136e+02
2.516129346271643215e+02
2.517583310316890390e+02
2.518756031842481491e+02
2.519210922683164995e+02
2.519515709489525932e+02
2.518883401768890451e+02
2.518723980678463477e+02
2.518231011434568813e+02
2.518177294125590038e+02
2.519544311255961304e+02
2.519886255807815871e+02
2.517851098958429361e+02
2.516902477796804760e+02
2.519390733273183685e+02
2.517405733856267034e+02
2.515443677229679622e+02
2.516083350212058178e+02
2.517114941047217371e+02
2.517668415916330673e+02
2.517243624445303851e+02
2.517157058068951017e+02
2.518837663493466437e+02
2.519103316209099717e+02
2.518665807386130098e+02
2.518667354091095945e+02
2.518483959073695644e+02
2.518066999330988835e+02
2.517571697754208913e+02
2.515905319560293947e+02
2.517001024998925800e+02
2.517958165313299901e+02
2.518792097074149865e+02
2.518538523387775001e+02
2.518853781141247339e+02
2.519538394495694433e+02
2.518680501083307206e+02
2.517994218269531643e+02
2.518394115155867325e+02
2.519471161931417100e+02
2.519532232226702888e+02
2.518539935062942163e+02
2.519241427142217162e+02
2.518108551682655332e+02
2.516389241807680719e+02
2.514797756050255657e+02
2.514817666807834087e+02
2.516718812719807090e+02
2.517665212027472421e+02
2.517491048138123233e+02
2.516219042884236501e+02
2.515418168873176228e+02
2.516073087947362978e+02
2.516792465337236990e+02
2.517048506386295799e+02
2.516800358442738172e+02
2.516197106679678654e+02
2.516166602220626487e+02
2.516292977836699833e+02
2.516269003909726507e+02
2.517752760438723953e+02
2.517397828475329504e+02
2.516696066336457420e+02
2.515788604712539893e+02
2.517091040772861561e+02
2.518256225180602428e+02
2.518555929956360728e+02
2.519638169241439414e+02
2.518265640440197046e+02
2.516091353796485635e+02
2.515917680924585795e+02
2.517781165798179472e+02
2.519673129683846184e+02
2.519126737741442525e+02
2.517227715479938865e+02
2.516757873157917231e+02
2.517063470143070276e+02
2.516794944975356998e+02
2.516859967961111408e+02
2.516709286981286198e+02
2.517541954372203463e+02
2.519440068251425373e+02
2.518520920412209136e+02
2.518490489605774485e+02
2.518666089721163530e+02
2.518482829733561630e+02
2.516895775408618476e+02
2.517944711435182512e+02
2.518851669766214343e+02
2.518823632669846120e+02
2.518637328374057063e+02
2.518401063052778284e+02
2.517088917122392218e+02
2.516178251609616439e+02
2.515435587717198587e+02
2.515863509424466145e+02
2.517095607235142154e+02
2.515805949903944736e+02
2.515343681526082094e+02
2.517784062801131881e+02
2.518575239217563819e+02
2.517613900703996137e+02
2.516573459279309191e+02
2.516945527751692566e+02
2.517437429032634384e+02
2.517623450993389724e+02
2.518159187857138477e+02
2.517610463581849558e+02
2.517036562386835783e+02
2.518708513628803018e+02
2.516926562202704361e+02
2.518598722127087512e+02
2.517498069687651423e+02
2.516609328103997427e+02
2.517124159899832421e+02
2.517453264345381569e+02
2.516774162661805576e+02
2.516510559944024124e+02
2.516009182026306235e+02
2.517810381336426815e+02
2.517634056970299525e+02
2.515765035874962336e+02
2.516955446304173165e+02
2.519699804206792066e+02
2.520052661621462278e+02
2.518966874735311023e+02
2.518706132194172937e+02
2.518207651279407457e+02
2.517644392887612241e+02
2.517278769019254128e+02
2.517704677554978616e+02
2.518232582690407355e+02
2.517377414424865094e+02
2.517384472800702042e+02
2.519324040828100806e+02
2.519265855260331364e+02
2.518006690112749766e+02
2.517408299422440621e+02
2.518209087505447314e+02
2.516982427713024890e+02
2.515784271483547911e+02
2.515627415959294524e+02
2.517320701909443983e+02
2.516546637451128561e+02
2.515550559453006656e+02
2.515179939482099485e+02
2.515536283120661381e+02
2.515456136797461397e+02
2.515707022163300053e+02
2.517399129671570677e+02
2.518582678131924126e+02
2.517708163778870301e+02
2.518691438496995545e+02
2.519784259208111621e+02
2.518858200298293184e+02
2.517576779784811549e+02
2.516825731769442882e+02
2.516468209689001867e+02
2.516222860544906723e+02
2.517828819041656629e+02
2.519918662959484834e+02
2.519823491502329205e+02
2.518438245349144040e+02
2.518392752582444984e+02
2.518432414516931033e+02
2.517786935253211595e+02
2.517102591958361586e+02
2.518016129923217079e+02
2.517757805643018116e+02
2.517980788942286949e+02
2.516971306167793045e+02
2.516426964223241214e+02
2.516599520030443102e+02
2.516454019284710455e+02
2.516714442664506066e+02
2.517735574827990490e+02
2.518703677106925056e+02
2.518079863988166380e+02
2.517338403088499774e+02
2.517410570378144712e+02
2.517482676290608765e+02
2.518108895394870217e+02
2.519595094735679197e+02
2.520130230103052327e+02
2.519403205116401807e+02
2.518961841806453208e+02
2.517653280303448753e+02
2.516502740491140173e+02
2.516516771314760490e+02
2.516508964137313171e+02
2.516713411527862263e+02
2.516065219392734207e+02
2.515884684551977273e+02
2.515379562626206962e+02
2.514795890183947336e+02
2.515573453141591074e+02
2.516152350439153622e+02
2.516468099210075593e+02
2.516071762200249111e+02
2.516384969955869906e+02
2.517862601042184565e+02
2.516658245717407283e+02
2.516106857672454566e+02
2.516666212475525981e+02
2.517929121631160001e+02
2.517332203993199471e+02
2.515882794134796541e+02
2.517263977118586809e+02
2.519389591657613607e+02
2.519252204975234406e+02
2.517589840848969232e+02
2.518622757431242292e+02
2.518896781994390039e+02
2.517735648480608006e+02
2.517157720942508092e+02
2.517942158144444988e+02
2.517988878454767985e+02
2.517166866142505626e+02
2.517072995881591169e+02
2.517843537289706433e+02
2.517230465177656242e+02
2.516815236271459071e+02
2.517278449857911937e+02
2.516974657361886045e+02
2.517271023218987693e+02
2.519095521307088461e+02
2.520237149152688119e+02
2.519084362935547858e+02
2.519482172997722955e+02
2.519902459383650353e+02
2.520016633216102946e+02
2.519621143211376761e+02
2.518140234583586619e+02
2.517224327459537108e+02
2.517873342048893051e+02
2.519000877693690938e+02
2.518521632387511033e+02
2.517175397570691189e+02
2.517347450085007381e+02
2.516882763446205900e+02
2.517388781478821898e+02
2.518518563528451466e+02
2.519626483026140420e+02
2.516633694844930460e+02
2.515495491846041602e+02
2.514095171457155686e+02
2.513224732548932820e+02
2.513079514138233606e+02
2.513995261681612021e+02
2.515025563595966389e+02
2.516118519336880865e+02
2.515877871684864999e+02
2.516987190582285336e+02
2.518321555052262681e+02
2.518989977106311358e+02
2.520565394317700623e+02
2.520740675271747477e+02
2.518576970054073172e+02
2.516389290909425824e+02
2.516770406378316807e+02
2.516069773579578452e+02
2.517450170935449592e+02
2.519462421820815337e+02
2.519927697680556378e+02
2.520088702302257957e+02
2.519518545115297172e+02
2.519340747696821268e+02
2.520057608622266514e+02
2.519916858470357965e+02
2.519721384423698964e+02
2.519752208044093322e+02
2.520092925052323949e+02
2.517863239364868946e+02
2.516187826449882436e+02
2.515562196566560544e+02
2.516094213973129001e+02
2.517993494018793683e+02
2.518299508368778561e+02
2.518617343963861117e+02
2.519617521957686677e+02
2.519763832882211148e+02
2.519034794724017559e+02
2.517298299238309198e+02
2.515724195498597453e+02
2.515285434581131483e+02
2.517393544348082344e+02
2.517358718935474258e+02
2.517101045253395739e+02
2.516933767883776056e+02
2.515545722931128694e+02
2.515204478079139676e+02
2.515273846569322416e+02
2.515246803783289522e+02
2.515121680261712243e+02
2.515407341938414163e+02
2.517749077807852700e+02
2.519598936947221830e+02
2.519115002424398710e+02
2.518053778686160058e+02
2.516161385160225166e+02
2.517610463581849558e+02
2.518347382570107982e+02
2.518117132212586000e+02
2.517740325421814589e+02
2.516518809037176254e+02
2.516415511241230831e+02
2.516625286171107234e+02
2.515632608468823435e+02
2.515940206350083201e+02
2.515939543476526410e+02
2.515298372890926544e+02
2.514536056025091000e+02
2.514222013539806255e+02
2.514045394563209186e+02
2.515570101947498074e+02
2.515556267530857326e+02
2.515713920958466190e+02
2.516084319971521097e+02
2.515416167977069506e+02
2.515314048623002918e+02
2.515128247620099842e+02
2.514329890073468619e+02
2.514888324218821936e+02
2.514485198892755591e+02
2.514918816402438040e+02
2.515598347726282213e+02
2.516662038827204810e+02
2.517379034782448457e+02
2.516614778397687360e+02
2.514711557936990118e+02
2.514464600710747675e+02
2.514996704045369995e+02
2.514053533177435327e+02
2.514171328263578289e+02
2.514525916514758137e+02
2.516085633443198617e+02
2.515710017369742388e+02
2.514677616355791372e+02
2.513730799683293640e+02
2.513956544955716481e+02
2.514255439552683242e+02
2.515075561447764869e+02
2.516202544697932240e+02
2.516144629189759883e+02
2.516203146194307863e+02
2.515998539223087676e+02
2.516026281708986119e+02
2.517069890196222843e+02
2.518715891165982441e+02
2.518701357049476144e+02
2.517170978413645344e+02
2.516161974381164441e+02
2.514462599814640953e+02
2.515531520251400934e+02
2.515072922228973766e+02
2.514621210726276104e+02
2.516203723139811075e+02
2.517156726632172763e+02
2.518668348401431274e+02
2.518105789709501892e+02
2.517159144893111602e+02
2.515657183892172668e+02
2.517123018284262344e+02
2.519289878289049796e+02
2.519743050568659726e+02
2.520175170475120865e+02
2.520365832550774314e+02
2.520572526346155087e+02
2.520982071725373999e+02
2.519627514162784507e+02
2.517278609438583032e+02
2.516111866050439687e+02
2.517861066612654781e+02
2.519434041012232512e+02
2.518787456959251756e+02
2.517559815131930350e+02
2.516662824455123939e+02
2.515457757155044760e+02
2.516465975559606534e+02
2.514575497001724784e+02
2.513239450796982624e+02
2.513899464177208074e+02
2.514902477796804590e+02
2.517274202556973250e+02
2.516921774782571219e+02
2.515238444211211117e+02
2.515748525413222012e+02
2.515399056018953274e+02
2.515360854861379778e+02
2.517246005879933932e+02
2.517371288982182307e+02
2.516609757744265892e+02
2.515590160010311251e+02
2.514843482050243324e+02
2.515789709501801497e+02
2.515136177551909782e+02
2.514992162133961813e+02
2.515422833538947032e+02
2.515645841389088275e+02
2.515408741338145262e+02
2.514668287024250048e+02
2.516248994948657867e+02
2.516599409551516828e+02
2.515861336672251980e+02
2.517953868910616393e+02
2.518783369238984449e+02
2.518304038004750680e+02
2.517059087812333189e+02
2.518072744235148264e+02
2.519808429542064800e+02
2.519975031762691344e+02
2.519916158770492416e+02
2.518966310065243874e+02
2.518037280499855797e+02
2.518523166817040817e+02
2.516989510639734249e+02
2.516771928532410243e+02
2.518326796663536413e+02
2.518653581051636650e+02
2.520057326287232797e+02
2.517292222897371232e+02
2.516513297366305153e+02
2.516506791385098722e+02
2.516692076819680040e+02
2.517017560011538819e+02
2.517535436115560969e+02
2.517702013785314819e+02
2.516962013662560480e+02
2.516756130045971531e+02
2.516500371331946155e+02
2.517690376671760930e+02
2.516375346013859087e+02
2.518687964548540208e+02
2.519858341465809701e+02
2.519870997440571614e+02
2.517908916263111792e+02
2.517784381962474072e+02
2.517120698226813147e+02
2.516348069994537298e+02
2.516186770762365938e+02
2.516859832931312724e+02
2.517115775776881605e+02
2.517719972748531632e+02
2.518491913556377995e+02
2.519317436643404733e+02
2.519426467068073521e+02
2.519088806643466114e+02
2.517960669502292319e+02
2.518790464441130155e+02
2.520066618792465363e+02
2.519849282193866031e+02
2.519757351451877128e+02
2.518741497725975478e+02
2.517521663076101675e+02
2.516579682925481904e+02
2.515917251284317615e+02
2.514847839830108001e+02
2.516032554456903938e+02
2.517826290301791516e+02
2.517121864393255919e+02
2.515416560791029212e+02
2.515937628508472983e+02
2.517338685423533207e+02
2.517375241672650930e+02
2.516644951419960989e+02
2.517142413473518729e+02
2.516307953868910658e+02
2.515541193295156859e+02
2.516184659387332943e+02
2.518048647553812316e+02
2.518858494908762680e+02
2.517480294855978400e+02
2.516743240837921292e+02
2.518651432850294896e+02
2.518876969440301536e+02
2.518413277111835384e+02
2.518125798670570248e+02
2.517340919552928540e+02
2.520142812425196439e+02
2.520548294635020454e+02
2.517380434182179840e+02
2.517569328595014895e+02
2.517690315294579761e+02
2.518820944349309912e+02
2.519057577933675702e+02
2.519336770455479950e+02
2.518956146004038601e+02
2.518320352059511436e+02
2.517429928741092624e+02
2.518485051587520900e+02
2.519687393740755113e+02
2.518481258477723088e+02
2.517903809681636460e+02
2.518252800333891912e+02
2.517426651199617140e+02
2.515836994482191358e+02
2.516354981065139498e+02
2.516493988105102346e+02
2.517646062346940710e+02
2.518988381299600405e+02
2.520321260441793072e+02
2.520209909959675088e+02
2.519438018253573546e+02
2.519279824706770512e+02
2.517388462317479707e+02
2.516720580382625485e+02
2.516104107974737190e+02
2.516375726552382446e+02
2.515901551001368830e+02
2.516120728915403788e+02
2.517365310844734267e+02
2.516765459377512570e+02
2.517587410312594045e+02
2.517452085903502734e+02
2.516955569058535502e+02
2.517787217588245028e+02
2.518024550872476652e+02
2.518853805692119749e+02
2.518022599078114752e+02
2.517445813155584915e+02
2.516558385043608439e+02
2.516767055184223523e+02
2.518108171144131973e+02
2.517897303700430314e+02
2.517445125731155713e+02
2.517558710342668746e+02
2.517580842954206446e+02
2.516796332099652034e+02
2.516236302147587480e+02
2.515107563510038347e+02
2.515838958551989606e+02
2.517770203833618723e+02
2.517229028951616385e+02
2.516435851639077725e+02
2.516801536884617008e+02
2.516919319695323622e+02
2.516236756338728355e+02
2.515941212935854594e+02
2.516425871709415958e+02
2.516835564393869618e+02
2.517406273975461488e+02
2.516828100928636616e+02
2.517622088419967099e+02
2.517345142302994532e+02
2.515711330841419908e+02
2.515263363346774952e+02
2.516344939758296562e+02
2.518792047972404760e+02
2.518885586796540679e+02
2.519215796031351431e+02
2.519628974939697059e+02
2.518873716449698463e+02
2.518891454455062728e+02
2.517739159255372101e+02
2.518524811725496590e+02
2.518870942201108392e+02
2.518153307923180364e+02
2.517080066532864464e+02
2.516382134330098665e+02
2.515774402032812134e+02
2.514758879743689022e+02
2.514605878706414614e+02
2.514387474144862438e+02
2.515453693985650148e+02
2.516793238689720056e+02
2.517786566990124300e+02
2.518026244882677531e+02
2.517233681341950557e+02
2.516135643570433444e+02
2.515465097865915425e+02
2.515330792318032138e+02
2.516870463459095220e+02
2.516205699485045386e+02
2.515870236363524839e+02
2.516137116622782059e+02
2.515932018634112239e+02
2.515855542666347446e+02
2.515959171899071407e+02
2.515819354680317019e+02
2.517080017431119359e+02
2.516732008813763173e+02
2.514874023335604249e+02
2.514738760303694391e+02
2.515471198757725801e+02
2.516801954249449125e+02
2.516455872875582429e+02
2.516013048788721278e+02
2.515175729007469556e+02
2.515112240451244929e+02
2.516937794226862195e+02
2.516933350518943939e+02
2.515333419261386894e+02
2.515002448949529423e+02
2.517437809571157743e+02
2.518733923781816486e+02
2.519376395563657240e+02
2.519525259778919519e+02
2.518762586925432743e+02
2.519382066815199437e+02
2.517756823608118850e+02
2.517639347683318363e+02
2.516443155523639348e+02
2.517905086327005222e+02
2.518837835349573595e+02
2.518888729308217762e+02
2.519065802475955422e+02
2.519826584912261183e+02
2.520621566713926995e+02
2.520884408354662014e+02
2.519968697637592356e+02
2.517161354471634525e+02
2.518175796522369012e+02
2.518431677990756725e+02
2.517479668808730366e+02
2.518103322346817947e+02
2.518444149833974848e+02
2.518182167473776474e+02
2.516585550584003954e+02
2.516771805778047906e+02
2.517317939936290543e+02
2.517456308653568726e+02
2.517294677984618829e+02
2.519855751348763420e+02
2.519475274202557102e+02
2.517727620345308139e+02
2.517135882941440173e+02
2.517170794282101838e+02
2.515513143923352288e+02
2.516503759352347913e+02
2.517910548896131502e+02
2.517991959589263899e+02
2.517409551516936972e+02
2.516661621462372693e+02
2.517355171334401405e+02
2.517472929594235325e+02
2.516698533699141365e+02
2.516378046609831358e+02
2.517152074241838307e+02
2.517773272692678290e+02
2.517806956489716299e+02
2.517354066545139801e+02
2.518206448286655927e+02
2.519118783258760175e+02
2.519439552683103614e+02
2.519201102334174323e+02
2.519197161919141763e+02
2.519423349107268848e+02
2.517983771873292937e+02
2.517901059983919083e+02
2.517405058707273895e+02
2.516364420875606811e+02
2.515303062107569758e+02
2.516205920442897650e+02
2.517823700184745235e+02
2.517965751532895240e+02
2.517209019990548029e+02
2.517037127056902648e+02
2.518586790403063844e+02
2.518490391402284558e+02
2.517726982022623758e+02
2.517359136300306375e+02
2.516500138098657544e+02
2.514978966040005730e+02
2.515287054938714846e+02
2.517602005806281227e+02
2.517804071762200238e+02
2.516703247466656705e+02
2.515080385694206484e+02
2.515007138166172638e+02
2.515515071166841494e+02
2.516052158328576525e+02
2.515869855825001480e+02
2.516589822435814767e+02
2.517449581714510316e+02
2.515824989105550458e+02
2.515338218956956098e+02
2.515156272441032002e+02
2.515434004185923698e+02
2.516296009869450643e+02
2.515082521620112175e+02
2.514936542132365958e+02
2.515438079630754942e+02
2.517503814591811135e+02
2.517108557820373562e+02
2.515658485088413840e+02
2.513452945184039606e+02
2.516302380820858389e+02
2.518279118869186846e+02
2.516544415597169291e+02
2.515629686914998615e+02
2.515970575779336684e+02
2.517305087554549061e+02
2.517233006192957703e+02
2.515840124718432094e+02
2.516195351292296607e+02
2.517724085019671350e+02
2.516362677763661111e+02
2.514903312526468824e+02
2.514749304903423024e+02
2.516669244508276790e+02
2.516786659055896109e+02
2.515580413313938095e+02
2.516135201654728917e+02
2.516456474371958052e+02
2.516377616969563178e+02
2.517024041441872839e+02
2.518565148808975778e+02
2.517351942894670742e+02
2.519232527450944303e+02
2.520307106863810134e+02
2.520393329527948083e+02
2.518980549571280392e+02
2.517804869665555714e+02
2.517253604374965335e+02
2.517906485726736605e+02
2.516466208792894861e+02
2.515340674044203979e+02
2.515263989394022985e+02
2.515910929434654690e+02
2.515412288939218115e+02
2.517305811805287021e+02
2.517093864123196170e+02
2.516872452079765878e+02
2.516719524695108987e+02
2.516576884126019706e+02
2.515284980389990608e+02
2.514692469633639575e+02
2.515379906338421563e+02
2.516351433464066645e+02
2.516227353354569800e+02
2.516762513272815340e+02
2.518139350752177279e+02
2.518778581818851308e+02
2.517439393102432348e+02
2.516164294438613638e+02
2.516925985257201148e+02
2.516160562705997279e+02
2.515060303080520612e+02
2.514711361530010265e+02
2.516959276240279451e+02
2.517559385491661885e+02
2.515107563510038347e+02
2.514445205521491289e+02
2.516530262019186637e+02
2.516975725324838606e+02
2.517580732475280456e+02
2.515528230434489103e+02
2.515324740527966583e+02
2.516256507515635974e+02
2.517094514721316898e+02
2.516916557722170182e+02
2.517655060241703211e+02
2.517631331823454559e+02
2.517284059732272681e+02
2.517139565572311426e+02
2.517355208160709878e+02
2.518561932644681463e+02
2.518473316270477085e+02
2.518530605731401124e+02
2.518974559158396005e+02
2.518713055540211201e+02
2.518428547754515705e+02
2.517466804151552537e+02
2.518179393225186686e+02
2.518293112866498404e+02
2.516617233484934957e+02
2.516037918822540291e+02
2.517036746518379289e+02
2.517785744535896413e+02
2.517105869499837354e+02
2.516285538922339526e+02
2.517445506269679072e+02
2.518719549245981284e+02
2.517462409545379103e+02
2.516069687651524873e+02
2.517483854732487600e+02
2.518198567456591093e+02
2.519011471395164676e+02
2.519104052735274024e+02
2.518824590153872691e+02
2.517410459899218722e+02
2.517643349475532091e+02
2.517984962590608120e+02
2.518808644362198947e+02
2.520570009881726037e+02
2.520776814156033083e+02
2.519655170720629371e+02
2.519538529525493118e+02
2.519298446543544117e+02
2.518451601023771502e+02
2.517045093815021346e+02
2.516409545379218855e+02
2.516768258176975053e+02
2.517712742516587241e+02
2.516621689468289560e+02
2.516386897199359112e+02
2.516138393268150821e+02
2.516722839062893229e+02
2.516531882376770000e+02
2.516153798940629827e+02
2.516533060818648835e+02
2.518088297212862301e+02
2.518497044688725737e+02
2.518010802383889768e+02
2.517159157168547949e+02
2.517452441891153683e+02
2.517577148047898845e+02
2.517394121293585556e+02
2.517408974571433760e+02
2.517486039760138112e+02
2.517746401762752555e+02
2.518485346197990395e+02
2.519005959724293575e+02
2.519480319406850981e+02
2.516669784627471245e+02
2.515564614827499383e+02
2.515424208387805720e+02
2.515410275767675046e+02
2.515430432033978434e+02
2.516451920185113522e+02
2.516651125964388882e+02
2.517996341920000987e+02
2.517475249651684521e+02
2.517072357558906788e+02
2.517040551903613164e+02
2.518107925635407298e+02
2.517808343614011051e+02
2.517120415891779714e+02
2.516511333296506905e+02
2.514988884592486329e+02
2.514626906528690711e+02
2.516289638918043181e+02
2.517007518704695883e+02
