2.525095910354697253e+02
2.528949053669618934e+02
2.530021181133413961e+02
2.531891209829633169e+02
2.533594790532479806e+02
2.521477061626185332e+02
2.521311022870167449e+02
2.520334421325978553e+02
2.518466959664078217e+02
2.518803836414188027e+02
2.519046402555625264e+02
2.519006458509532820e+02
2.519109313498136089e+02
2.519014568849844693e+02
2.519079476374603530e+02
2.519167375598044600e+02
2.519054860127632480e+02
2.519206401960370840e+02
2.518970433221144560e+02
2.519009471984602726e+02
2.519189796844655973e+02
2.519130742654189419e+02
2.519015238510971244e+02
2.519084511234185584e+02
2.518986294268940753e+02
2.519180533199070453e+02
2.518956419942012417e+02
2.519063726936994669e+02
2.518892281287435821e+02
2.518872327866087630e+02
2.519006086475573625e+02
2.519036221226273540e+02
2.518984458901408630e+02
2.518907807504669165e+02
2.518868185888007929e+02
2.519049738460126662e+02
2.518855809558296528e+02
2.519083742364003058e+02
2.518978568363720285e+02
2.518881628715069212e+02
2.519030330688585195e+02
2.519169347378028760e+02
2.518938810334607297e+02
2.518850030630796084e+02
2.518957164009930807e+02
2.518868458712911433e+02
2.519111719317739357e+02
2.519125695393475439e+02
2.519089521291503502e+02
2.518980267318800941e+02
2.519078323069329883e+02
2.519084077194566191e+02
2.518453764859656303e+02
2.518669730573006689e+02
2.518670474640925363e+02
2.519080803295724706e+02
2.519157801924159514e+02
2.518887655665209024e+02
2.519038738656064425e+02
2.519007711023862157e+02
2.519210742356562207e+02
2.518589458045730396e+02
2.518797115000657243e+02
2.518691023316608266e+02
2.518804220849279147e+02
2.518854358625855241e+02
2.518753500219499983e+02
2.518775983471771269e+02
2.518939145165170714e+02
2.518816051529183540e+02
2.518563490075374034e+02
2.518742239991666452e+02
2.518568053691940918e+02
2.518423791323671992e+02
2.518524835747006989e+02
2.519010910515911803e+02
2.519154168392490760e+02
2.518842267522179554e+02
2.518971115283403037e+02
2.519030764728204304e+02
2.519012175431373350e+02
2.518835211278085353e+02
2.518904248379791966e+02
2.518997368479794829e+02
2.518747002026345001e+02
2.518797313418768908e+02
2.518987224353838883e+02
2.518909382448429994e+02
2.518816696388046239e+02
2.519130841863245394e+02
2.518882856427134698e+02
2.518721170468440391e+02
2.518837307069389340e+02
2.518924611038495698e+02
2.519007177775187358e+02
2.518609299856890971e+02
2.518866251311419830e+02
2.519021711901862375e+02
2.518636408731389054e+02
2.518735022532856931e+02
2.519019653313954450e+02
2.518475690060988654e+02
2.518229701207126254e+02
2.518648834665628158e+02
2.518690750491704762e+02
2.518553159932438632e+02
2.518296828534508620e+02
2.518815964721259775e+02
2.518892132473852143e+02
2.518755571208539834e+02
2.518720438801653927e+02
2.518830808876234357e+02
2.518831230514721256e+02
2.518891500016121370e+02
2.519044492781301017e+02
2.518991118309279216e+02
2.519022976817323922e+02
2.518838758001830342e+02
2.518712911314544840e+02
2.519141928475231111e+02
2.519298021523404714e+02
2.518962955338563177e+02
2.518743331291280185e+02
2.518736039425678825e+02
2.518991006699091599e+02
2.518824533903454608e+02
2.518838720798434565e+02
2.518484928904310323e+02
2.518547728236633532e+02
2.518599726183005885e+02
2.518870219673651718e+02
2.518763966774887137e+02
2.518756104457214917e+02
2.518986480285920493e+02
2.519102926915168723e+02
2.518921448749841829e+02
2.519071738068250852e+02
2.518792873813521567e+02
2.518887023207478251e+02
2.518801269379868870e+02
2.519091641885071340e+02
2.518919414964198040e+02
2.518625904972605838e+02
2.518680370744241657e+02
2.518960537117827982e+02
2.518839018425601921e+02
2.518901929368112746e+02
2.518990126218721173e+02
2.518866288514815608e+02
2.518796494944058395e+02
2.518856900857910261e+02
2.518841188623697462e+02
2.518740689850169474e+02
2.518909258437110168e+02
2.518901656543209242e+02
2.518757344570412329e+02
2.518918001235152815e+02
2.518900714057179187e+02
2.518634858589892076e+02
2.518563403267450269e+02
2.518591553837034382e+02
2.518855015885850150e+02
2.518518783994603041e+02
2.518459953024512004e+02
2.518763929571491360e+02
2.518718987869212640e+02
2.518422588413870358e+02
2.519055393376307279e+02
2.519035415152695236e+02
2.518538328178596259e+02
2.518328228200670083e+02
2.518509718767129186e+02
2.518571848438325560e+02
2.518372785467857398e+02
2.518569206997214565e+02
2.518590338526100538e+02
2.518953394065810301e+02
2.519030814332732291e+02
2.519081187730816112e+02
2.518744434992026129e+02
2.519189350403904939e+02
2.518919414964198040e+02
2.518756426886646125e+02
2.518719868349583066e+02
2.518467579720676781e+02
2.518391635188459929e+02
2.518519094022902323e+02
2.518326132409366380e+02
2.518428937793441662e+02
2.518700522583701513e+02
2.518812790031473980e+02
2.518926421603763970e+02
2.518774396126878514e+02
2.518673488115995269e+02
2.518740144200362749e+02
2.518925863552825035e+02
2.519021116647527663e+02
2.518617869039085804e+02
2.518523595633809578e+02
2.518671007889600162e+02
2.519116208527514402e+02
2.518804146442487308e+02
2.518635813477054057e+02
2.518903504311873576e+02
2.518725696881611213e+02
2.518767327481652387e+02
2.518561282673882431e+02
2.518682751761580789e+02
2.518654750005580638e+02
2.518391114340917056e+02
2.518650285598069445e+02
2.518601611155066280e+02
2.518494874612154604e+02
2.518659685656106717e+02
2.518626748249580203e+02
2.518393954200139433e+02
2.518322895713920673e+02
2.518674219782781734e+02
2.518886502359935378e+02
2.518664522097577105e+02
2.518926012366408713e+02
2.518746071941446871e+02
2.518832061390563695e+02
2.518974165961869005e+02
2.519003110203899496e+02
2.518647805371674337e+02
2.518786512032818337e+02
2.518701961115010590e+02
2.518677543286151206e+02
2.518968622655876004e+02
2.518715875185086759e+02
2.518978878392019567e+02
2.518998583790728389e+02
2.518684934360808541e+02
2.518896336457591758e+02
2.518816981614081669e+02
2.518806341442846986e+02
2.518930699994295423e+02
2.518869363995545427e+02
2.518878602838867096e+02
2.519217575380280607e+02
2.518922825275491277e+02
2.518784837880001817e+02
2.518408736349454102e+02
2.518705371426303827e+02
2.518682702157052802e+02
2.518641145963803467e+02
2.519055877020454375e+02
2.518819313026893099e+02
2.518989840992685743e+02
2.518554102418468688e+02
2.518725932503118941e+02
2.518903826741305068e+02
2.518934965983694951e+02
2.518770006126159160e+02
2.518926371999235982e+02
2.519163382433548577e+02
2.518895480779485467e+02
2.518776144686486873e+02
2.518712737698697026e+02
2.518787603332432070e+02
2.518684574727981271e+02
2.518618774321720082e+02
2.518995049468115326e+02
2.518976038532797190e+02
2.518925392309810150e+02
2.519005205995203198e+02
2.518811847545443925e+02
2.518652220174657543e+02
2.518919762195893099e+02
2.519045348459407307e+02
2.518985723816869893e+02
2.518957722060869742e+02
2.519085974567758512e+02
2.518760742480573640e+02
2.518880959053942377e+02
2.518581112083911080e+02
2.518895493180617393e+02
2.518923705755861420e+02
2.518683781055534610e+02
2.518754405502134261e+02
2.519000493565052636e+02
2.518724543576337567e+02
2.518927252479606409e+02
2.518930402367128067e+02
2.518908985612206664e+02
2.518846186279883739e+02
2.518891710835364961e+02
2.519031471592726916e+02
2.519036370039857218e+02
2.519005912859725811e+02
2.518764785249597651e+02
2.518672310008457487e+02
2.518662004667785936e+02
2.518701861905954900e+02
2.518618179067385370e+02
2.518848988935710054e+02
2.518880946652810451e+02
2.518430413528146801e+02
2.518801604210432288e+02
2.519303217597702371e+02
2.518837542690896782e+02
2.518740007787910997e+02
2.518887234026721842e+02
2.518849373370801175e+02
2.518730334904970221e+02
2.519041268486987519e+02
2.519024812184856330e+02
2.519258300697687787e+02
2.519103993412518605e+02
2.518844425319143170e+02
2.518451718672880588e+02
2.518681152015556108e+02
2.518573609399065845e+02
2.518492803623114753e+02
2.518601462341482602e+02
2.518840866194266255e+02
2.518838571984850887e+02
2.518996674016404143e+02
2.518983652827830042e+02
2.519056993122332244e+02
2.518979746471257783e+02
2.518907819905801091e+02
2.519154416415130413e+02
2.518782444461530474e+02
2.518691668175470966e+02
2.518885547472773396e+02
2.518963897824593516e+02
2.518861675293720737e+02
2.518746406772010289e+02
2.518486999893350173e+02
2.518429694262492262e+02
2.518622569068104440e+02
2.519031980039137864e+02
2.518877523940385288e+02
2.518933006604843001e+02
2.518532326030720014e+02
2.519002043706549614e+02
2.519046799391848594e+02
2.518544293123076159e+02
2.518526261877184140e+02
2.518285270679507732e+02
2.518954113331464839e+02
2.518581583326925966e+02
2.518817539665020604e+02
2.518786722852061928e+02
2.518702791990853029e+02
2.518864490350679262e+02
2.519017433511330921e+02
2.518986058647433310e+02
2.518523595633809578e+02
2.518419612142196229e+02
2.518936354910476325e+02
2.518755298383636330e+02
2.518688121451725976e+02
2.518788223389030918e+02
2.519084188804754092e+02
2.518880115776968012e+02
2.518931320050894271e+02
2.519119693245599478e+02
2.519343136841530963e+02
2.518942580278727803e+02
2.518642658901904667e+02
2.518897576570789454e+02
2.519017247494351182e+02
2.518633854098202107e+02
2.518842924782174180e+02
2.518584423186148342e+02
2.518651922547490187e+02
2.519023138032039526e+02
2.518756575700229803e+02
2.518730347306102146e+02
2.518713060128128518e+02
2.518769671295595742e+02
2.518840469358042924e+02
2.518882943235058463e+02
2.518950132568100742e+02
2.518868049475556177e+02
2.518868309899327471e+02
2.519012262239297115e+02
2.518836451391283049e+02
2.518881479901485534e+02
2.518667870403210429e+02
2.518767327481652387e+02
2.519129936580611115e+02
2.518748738184821434e+02
2.518840109725215655e+02
2.518850663088526858e+02
2.518812504805438550e+02
2.518914640528387565e+02
2.518870380888367606e+02
2.518923618947937655e+02
2.518928790219971177e+02
2.518869984052144275e+02
2.518944118019092855e+02
2.518794051921059349e+02
2.518719694733735253e+02
2.518802980736081452e+02
2.519013452747966824e+02
2.519184092323947368e+02
2.518862183740131684e+02
2.519018425601888964e+02
2.519051127386907751e+02
2.518425130645925378e+02
2.518755509202879921e+02
2.519125062935744666e+02
2.519057588376666956e+02
2.519023510065998721e+02
2.518784416241514634e+02
2.518967208926830779e+02
2.518592793950231794e+02
2.518753078581012801e+02
2.518891648829705048e+02
2.518674629020136990e+02
2.518783548162276134e+02
2.519055591794418945e+02
2.519071341232027521e+02
2.519019281279995255e+02
2.518898035412672414e+02
2.518715577557919403e+02
2.519288472651783763e+02
2.518816076331447675e+02
2.518872079843447978e+02
2.518456431103031150e+02
2.518747026828608853e+02
2.519129539744387785e+02
2.518684153089494089e+02
2.518484184836391933e+02
2.518829779582280253e+02
2.519027788456530175e+02
2.518835236080349489e+02
2.518820354721979129e+02
2.519074887955772510e+02
2.518705718657999171e+02
2.518703610465563258e+02
2.518961950846873208e+02
2.519059944591742237e+02
2.518854705857550584e+02
2.518659834469690395e+02
2.518756191265138682e+02
2.518425701097996239e+02
2.518607861325581894e+02
2.518616356100984888e+02
2.518927785728281208e+02
2.518689708796619016e+02
2.518898605864743274e+02
2.518657304638767300e+02
2.518431653641344496e+02
2.518669333736783358e+02
2.519002973791447744e+02
2.518783448953220443e+02
2.518997864525073851e+02
2.518777025166857300e+02
2.518890520326695537e+02
2.518719583123547636e+02
2.519043215464707544e+02
2.518912978776702687e+02
2.519037052102115979e+02
2.518801877035335792e+02
2.518676985235212271e+02
2.518909481657485685e+02
2.519086619426621212e+02
2.519180682012654131e+02
2.518771593471051915e+02
2.518461193137709699e+02
2.518443273502005297e+02
2.518662203085897602e+02
2.518589718469501975e+02
2.519047481454107071e+02
2.518648239411293446e+02
2.518627132684671324e+02
2.518873257950985760e+02
2.518825339977033195e+02
2.518985091359139403e+02
2.518801728221752114e+02
2.518786115196595006e+02
2.518960512315564131e+02
2.519027155998799685e+02
2.518819660258588442e+02
2.518994801445475957e+02
2.519299174828678360e+02
2.518767364685048449e+02
2.518657044214996006e+02
2.518600147821493067e+02
2.518788905451289679e+02
2.518517295858765976e+02
2.518545954874761037e+02
2.518864750774450556e+02
2.518814166557123428e+02
2.518814873421646041e+02
2.518833152690177428e+02
2.518864564757471101e+02
2.518503493398877424e+02
2.518792104943339325e+02
2.518736671883409599e+02
2.518383512447016130e+02
2.518659586447051026e+02
2.518425043838001613e+02
2.518909308041638155e+02
2.518498929782310540e+02
2.518969912373601403e+02
2.518751268015744529e+02
2.518698352385605688e+02
2.518801058560625279e+02
2.518842490742555071e+02
2.519104514260061762e+02
2.518801070961757489e+02
2.518539208658966402e+02
2.518562187956516709e+02
2.518717437727715662e+02
2.518808995285089622e+02
2.518805386555684720e+02
2.519057737190250634e+02
2.518953418868074152e+02
2.519132143982102718e+02
2.518823442603840874e+02
2.518854457834911216e+02
2.518829804384544104e+02
2.518900404028879620e+02
2.518909878493709016e+02
2.518676749613704828e+02
2.518668651674524881e+02
2.518909853691444880e+02
2.518854185010007711e+02
2.518543834281193199e+02
2.518604438613156731e+02
2.518747336856908419e+02
2.518841721872372545e+02
2.518765603724307880e+02
2.518804729295690095e+02
2.518941650193829673e+02
2.518861650491456885e+02
2.518876011002284372e+02
2.518881777528652890e+02
2.518684921959676615e+02
2.518530230239416312e+02
2.519036556056836957e+02
2.518836538199206814e+02
2.518828452661158792e+02
2.518842453539159010e+02
2.519346013904149117e+02
2.518932584966355819e+02
2.518950876636019416e+02
2.519083705160606996e+02
2.518921188326070535e+02
2.518874138431355902e+02
2.518729491627995856e+02
2.518457113165289627e+02
2.518613640253082337e+02
2.518650967660327922e+02
2.518641207969463380e+02
2.518496089923088164e+02
2.518649529129018845e+02
2.518786338416970807e+02
2.518556161006376612e+02
2.518527353176797874e+02
2.518610465563296543e+02
2.518812058364687516e+02
2.518332233766298316e+02
2.518446646609902473e+02
2.518806639070014342e+02
2.518553593972057740e+02
2.518287515284395113e+02
2.518559509312009936e+02
2.518828303847575114e+02
2.518736448663034082e+02
2.518878491228679479e+02
2.518875750578512793e+02
2.518620535282460651e+02
2.518832321814335273e+02
2.518776095081959170e+02
2.518705669053471183e+02
2.518516588994243364e+02
2.518489281701633615e+02
2.518691854192450705e+02
2.518579090699398932e+02
2.518361376426440188e+02
2.518593984458901502e+02
2.518773366832924410e+02
2.518510748061083007e+02
2.518491055063506110e+02
2.518765120080160784e+02
2.518531482753745649e+02
2.518794275141434866e+02
2.518706499929313622e+02
2.518696194588642072e+02
2.518771320646148695e+02
2.518732071063446654e+02
2.518614396722132938e+02
2.518849286562877410e+02
2.518971412910570393e+02
2.518947119093030835e+02
2.518864229926907683e+02
2.519203934135107943e+02
2.518692672667160934e+02
2.518598709290183990e+02
2.518613987484777681e+02
2.518671454330351196e+02
2.518886403150879687e+02
2.518680792382728555e+02
2.519191160969173211e+02
2.518838906815414020e+02
2.518793555875780328e+02
2.518561034651243062e+02
2.518624131610733343e+02
2.518789240281852813e+02
2.518920295444568183e+02
2.518990746275320021e+02
2.518344362073370064e+02
2.518903405102817885e+02
2.518909866092576806e+02
2.518677940122374252e+02
2.518783548162276134e+02
2.518938078667820832e+02
2.518743864539955268e+02
2.518642844918884123e+02
2.518919439766461892e+02
2.518852349642475303e+02
2.518922143213232516e+02
2.519029003767464019e+02
2.518768455984662182e+02
2.518711720805875132e+02
2.518854209812271563e+02
2.519103993412518605e+02
2.518781253952860766e+02
2.518576895699039540e+02
2.518879718940744965e+02
2.518802249069294987e+02
2.519023795292034151e+02
2.518908514369191494e+02
2.518874088826828199e+02
2.518783672173595960e+02
2.518711658800215218e+02
2.518654936022560094e+02
2.518581868552961396e+02
2.518623623164322396e+02
2.518756315276458508e+02
2.518570397505884273e+02
2.518900280017560078e+02
2.518681635659702920e+02
2.518688096649462125e+02
2.518743554511655702e+02
2.518718293405821953e+02
2.518557277108254482e+02
2.518677865715582413e+02
2.518829655570960426e+02
2.518543784676665211e+02
2.518653819920682224e+02
2.518919390161933904e+02
2.518896361259855894e+02
2.518730496119685824e+02
2.518780671099657980e+02
2.518563849708201303e+02
2.518681462043855390e+02
2.518683409021575414e+02
2.518561047052374988e+02
2.518593364402302655e+02
2.518084372341507446e+02
2.518864316734831448e+02
2.519068340158089541e+02
2.519091989116766683e+02
2.518739387731312149e+02
2.518685021168732305e+02
2.518529994617908585e+02
2.518652964242575933e+02
2.518893000553090360e+02
2.518854433032647080e+02
2.518833735543380499e+02
2.518801480199112461e+02
2.518554176825260527e+02
2.518729851260823125e+02
2.518937557820277959e+02
2.518949996155648989e+02
2.519144855142377537e+02
2.518808697657922266e+02
2.518856057580935897e+02
2.518918608890619453e+02
2.518837976730515891e+02
2.518703746878015011e+02
2.519028830151616205e+02
2.518625210509215151e+02
2.518803055142873575e+02
2.519080890103648755e+02
2.518449684887236515e+02
2.518469229071229734e+02
2.518716991286964628e+02
2.518201004987735416e+02
2.518737428352459915e+02
2.518551882615845159e+02
2.518032845638149979e+02
2.518365754026027616e+02
2.518793134237293145e+02
2.518909816488049103e+02
2.518317724441887151e+02
2.518681090009896195e+02
2.518815295060133224e+02
2.518685107976656070e+02
2.518654861615768255e+02
2.518772387143498577e+02
2.518775289008380582e+02
2.518929893920717120e+02
2.519074565526341303e+02
2.518553445158474062e+02
2.518047602985200513e+02
2.518796184915759113e+02
2.518621812599054124e+02
2.518835781730156214e+02
2.519081051318364359e+02
2.518832718650558320e+02
2.518455488617001095e+02
2.518736721487937302e+02
2.518537633715205573e+02
2.518740751855829387e+02
2.518868706735550802e+02
2.518813050455245559e+02
2.519123289573872171e+02
2.518931456463346024e+02
2.518454818955874259e+02
2.518769014035601117e+02
2.519016776251336296e+02
2.519199085292505629e+02
2.518800934549305737e+02
2.518642869721148259e+02
2.518654874016900180e+02
2.518761250926984587e+02
2.519045745295630638e+02
2.518647482942242846e+02
2.518512099784468319e+02
2.518660342916101342e+02
2.518199802077933782e+02
2.518260617229140621e+02
2.518391486374876251e+02
2.518559769735781515e+02
2.518807742770760001e+02
2.518544627953639576e+02
2.518587337452162558e+02
2.518703337640659754e+02
2.518921386744181916e+02
2.518939331182150170e+02
2.518588155926873071e+02
2.518634114521973686e+02
2.518689746000014793e+02
2.518497726872508906e+02
2.518785160309433024e+02
2.518687625406447239e+02
2.518720215581278126e+02
2.518888573348975228e+02
2.518712043235306624e+02
2.518797673051596178e+02
2.518865928881988339e+02
2.518716135608858337e+02
2.518737205132084398e+02
2.518887779676528851e+02
2.518783027314733260e+02
2.518642063647569671e+02
2.518940906125911283e+02
2.518875527358137276e+02
2.518658036305554049e+02
2.518725114028408427e+02
2.518633754889146417e+02
2.518845516618756903e+02
2.518646875286776208e+02
2.519025829077678225e+02
2.518645114326035639e+02
2.518916451093655837e+02
2.518669581759423011e+02
2.518585675700477964e+02
2.518594480504180524e+02
2.518790219971278930e+02
2.518592012678917342e+02
2.518475578450801038e+02
2.518656411757265232e+02
2.518968622655876004e+02
2.518894773914962855e+02
2.518960351100848527e+02
2.518649392716567093e+02
2.518327459330487557e+02
2.518730384509497924e+02
2.518818432546522956e+02
2.519062276004553667e+02
2.519421425187691170e+02
2.518635057008003741e+02
2.518533107302034466e+02
2.519031558400650681e+02
2.518957647654077903e+02
2.518912271912180074e+02
2.518692151819618061e+02
2.518503778624912854e+02
2.518721530101267660e+02
2.518509408738829620e+02
2.518480142067367922e+02
2.518728772362341317e+02
2.518877610748309053e+02
2.518839626081068559e+02
2.518566714369687531e+02
2.518976559380340348e+02
2.518833549526400759e+02
2.518957399631438250e+02
2.518921547958897804e+02
2.518785606750184058e+02
2.518907137843542330e+02
2.518668961702824163e+02
2.518715912388482820e+02
2.518786127597727216e+02
2.518963674604217999e+02
2.518703784081411072e+02
2.518631212657091396e+02
2.518867466622353390e+02
2.518737217533216324e+02
2.518380300553834559e+02
2.518255669177482616e+02
2.518379866514215450e+02
2.518706884364404743e+02
2.518471188450081684e+02
2.518859157863929852e+02
2.518746691998045719e+02
2.518629265679371088e+02
2.518833971164887942e+02
2.518898370243235831e+02
2.518468646218026663e+02
2.518702134730858120e+02
2.518861328062025393e+02
2.518973793927909810e+02
2.518685728033254918e+02
2.518564308550084547e+02
2.518755050360996961e+02
2.518903665526589180e+02
2.518724531175205641e+02
2.518622717881688118e+02
2.518756067253818856e+02
2.518672967268452396e+02
2.518788037372051463e+02
2.519130928671169158e+02
2.518791782513907833e+02
2.518819052603121520e+02
2.518509644360337347e+02
2.518566553154971928e+02
2.518966167231745032e+02
2.518799322402148846e+02
2.518707243997232013e+02
2.519111024854348670e+02
2.518694495633561417e+02
2.518473445456101274e+02
2.518724493971809864e+02
2.518934197113512425e+02
2.518679651478586834e+02
2.518764512424694146e+02
2.519039346311531347e+02
2.518918311263452097e+02
2.518783027314733260e+02
2.518465558336164918e+02
2.518688555491345369e+02
2.518729466825731720e+02
2.518452214718159610e+02
2.518304963677084345e+02
2.518459618193948870e+02
2.518683272609123662e+02
2.518840134527479790e+02
2.518660293311573355e+02
2.518781501975500419e+02
2.518841424245205189e+02
2.518841759075768323e+02
2.519070994000332462e+02
2.519004238706909291e+02
2.518822748140450187e+02
2.518730682136665564e+02
2.518905972137136757e+02
2.519013241928723232e+02
2.518760258836426544e+02
2.518583579909173977e+02
2.518462272036191507e+02
2.518792228954658867e+02
2.518995024665851474e+02
2.518891574422913209e+02
2.518167583937061806e+02
2.518406094908343107e+02
2.518808759663582180e+02
2.518687550999655116e+02
2.518542122924980617e+02
2.518760990503213009e+02
2.518668862493768472e+02
2.518897427757205776e+02
2.519060639055132924e+02
2.518778017257415343e+02
2.518819486642740628e+02
2.518821594835176541e+02
2.519114137538474552e+02
2.519141110000520882e+02
2.519153411923440444e+02
2.519091964314502547e+02
2.518807891584343679e+02
2.518771692680107890e+02
2.518758919514173158e+02
