1.405173876271425968e+02
1.634544394812358519e+02
1.630142873441487836e+02
1.626110645379710320e+02
1.621866618384926255e+02
1.621169674767912738e+02
1.617828177356029187e+02
1.613911875075957028e+02
1.610163657738678467e+02
1.610212332181681631e+02
1.613398269794066664e+02
1.618443781948416245e+02
1.621392386697057759e+02
1.623204043265069174e+02
1.625343474152320482e+02
1.627238143897774876e+02
1.626412315316142099e+02
1.627654970745729770e+02
1.626614577778659623e+02
1.619522035571407059e+02
1.613772039911803233e+02
1.612469214189871138e+02
1.616340016716725927e+02
1.620375345061497114e+02
1.622641937156023744e+02
1.625172884180867925e+02
1.627325757895180800e+02
1.627305308428553303e+02
1.626729920707162194e+02
1.627473753004174171e+02
1.621832837701425376e+02
1.613666965120576151e+02
1.609280796351090999e+02
1.610586908372996220e+02
1.613353241283864463e+02
1.616896864745814071e+02
1.619502665003261370e+02
1.623630505792568783e+02
1.623752136094982745e+02
1.625941903176922096e+02
1.626831709198415581e+02
1.625905592662498123e+02
1.620813799483617004e+02
1.612905014769748107e+02
1.609974156040963464e+02
1.612180391826165931e+02
1.613605393500318712e+02
1.618084223527923768e+02
1.622190399539669841e+02
1.625948599788188744e+02
1.626668547505016136e+02
1.628389142560932896e+02
1.628924821857739289e+02
1.628746394370878079e+02
1.623081197651721652e+02
1.614451398723675482e+02
1.608352286396702198e+02
1.609811118358883846e+02
1.613783300139636765e+02
1.617279129638953350e+02
1.622326737584606633e+02
1.623731785837411223e+02
1.624183931109231764e+02
1.625199286190843395e+02
1.625826349429175934e+02
1.625954403517953040e+02
1.620006398984099292e+02
1.608951533896014041e+02
1.604438724766796724e+02
1.604853083789488437e+02
1.608524848148138915e+02
1.611213822797745081e+02
1.614419403803179023e+02
1.616744715257608789e+02
1.619689029214586640e+02
1.622075961893801548e+02
1.622311335378693400e+02
1.623586146943493134e+02
1.620224038850266197e+02
1.611386136526542145e+02
1.604033406169315015e+02
1.602464241335949282e+02
1.604179317888136893e+02
1.608234674061048395e+02
1.611043716470439335e+02
1.615353196639789246e+02
1.615502679884619965e+02
1.616403299693195947e+02
1.616698285419493004e+02
1.618858004558656205e+02
1.617705989002676290e+02
1.612879542844670766e+02
1.605885354015114501e+02
1.604558172469982935e+02
1.606087294048200818e+02
1.610897928762937568e+02
1.615030916022014367e+02
1.615905729074949875e+02
1.616640099308264951e+02
1.618768443583530257e+02
1.619823271468219730e+02
1.620027530512985265e+02
1.620065415971169784e+02
1.616750804213408514e+02
1.606756211106949763e+02
1.604708052551036985e+02
1.605588532921285037e+02
1.609884520659045677e+02
1.612649167015965190e+02
1.616290474194484545e+02
1.619322389747736111e+02
1.620625475893439500e+02
1.621261492749057993e+02
1.621727068446807891e+02
1.620153116776499473e+02
1.616348573497788834e+02
1.604728911255019455e+02
1.598186706482567843e+02
1.597583552626683741e+02
1.600311082395600977e+02
1.603586878610279598e+02
1.608798999972717638e+02
1.611593471052037501e+02
1.612993534049788025e+02
1.616649772191205727e+02
1.616220457403351816e+02
1.617237089801557204e+02
1.614462051296042375e+02
1.605147833894277767e+02
1.597362105613000267e+02
1.593063389626205151e+02
1.595102160525212867e+02
1.599548065547423050e+02
1.604064917445664378e+02
1.607355731431165111e+02
1.609838090820930177e+02
1.612322310380491501e+02
1.613151648482473490e+02
1.613487111503538074e+02
1.612620979242985300e+02
1.601899642599376534e+02
1.595107617023281819e+02
1.592819223738742949e+02
1.593960053473681171e+02
1.598409009174357323e+02
1.601894396920550889e+02
1.604800242566141435e+02
1.606043939690814852e+02
1.609312121610460622e+02
1.611311221288279114e+02
1.611107557497848290e+02
1.609481793898146975e+02
1.595997150219872083e+02
1.582328027302332032e+02
1.575443080044346402e+02
1.575859311637966300e+02
1.579426757674440580e+02
1.586254300092512324e+02
1.590760821847818249e+02
1.592759103050926512e+02
1.594381927582349761e+02
1.594988528952922877e+02
1.593786822061117618e+02
1.592085572771082411e+02
1.582590484859457831e+02
1.568931419259949962e+02
1.562801961363033172e+02
1.564676032828276675e+02
1.570974394142697292e+02
1.576444545858146000e+02
1.579989124207257589e+02
1.583122009777052313e+02
1.584865038480712656e+02
1.586299502218562623e+02
1.588421224289353120e+02
1.590022458450007434e+02
1.588750437139902090e+02
1.579976065815287711e+02
1.571951491732165209e+02
1.568612623360260443e+02
1.568992532038324441e+02
1.574690331333444249e+02
1.580948587387056818e+02
1.583726403746133826e+02
1.586030459660357792e+02
1.589108792650593216e+02
1.590857017428550932e+02
1.589477713925727187e+02
1.590558695797752478e+02
1.587868096599857495e+02
1.579153548335892197e+02
1.573303425936719577e+02
1.572062221439572909e+02
1.574925307982112486e+02
1.578717598942431550e+02
1.583953741297505644e+02
1.585270815920077325e+02
1.587529223267499958e+02
1.588730297701574159e+02
1.587917229884743904e+02
1.587654759926486179e+02
1.586094362693426660e+02
1.576744256415725545e+02
1.566724786638524449e+02
1.561336569202036628e+02
1.563313433650223487e+02
1.568413337169416764e+02
1.573419872565967808e+02
1.576260240234728656e+02
1.578555838576945405e+02
1.580783230693297696e+02
1.580773632217148759e+02
1.580429897641056698e+02
1.580732596871442297e+02
1.570844070646768671e+02
1.552587545791179764e+02
1.546838839849301337e+02
1.546168013016228144e+02
1.551526839769934156e+02
1.593806887092653710e+02
1.596595331221834044e+02
1.599645898077576476e+02
1.602621748113167826e+02
1.602923021213376273e+02
1.602378921547959010e+02
1.600905109018351311e+02
1.594838909295640406e+02
1.578287465679867125e+02
1.568412444287914695e+02
1.565550697067628221e+02
1.570593592583130942e+02
1.578181733628645702e+02
1.582606457517442209e+02
1.586261802777357559e+02
1.588410571716986226e+02
1.589018859641508072e+02
1.589610083608431808e+02
1.592021632534617765e+02
1.590591236368055661e+02
1.576972660464447245e+02
1.560261738291471261e+02
1.558652691417672713e+02
1.561612767213391351e+02
1.567594453221690003e+02
1.574372614332236253e+02
1.610079007611814745e+02
1.610656280305266250e+02
1.612565112143436465e+02
1.613158097071100769e+02
1.614135430282076129e+02
1.613590673356663956e+02
1.609708015347640924e+02
1.598077650927976663e+02
1.586469422528888344e+02
1.585377453253933027e+02
1.586911349267961100e+02
1.593854966281322163e+02
1.600946776821788262e+02
1.604957278100345093e+02
1.608452648757778718e+02
1.608828303847575114e+02
1.609366202947005036e+02
1.610390015600623883e+02
1.611029095535840554e+02
1.606052236048106465e+02
1.594934100384683120e+02
1.582961526728159640e+02
1.585810686799491123e+02
1.591910803618154375e+02
1.599065822728298656e+02
1.604165614637304031e+02
1.606610869840199030e+02
1.606587034864542431e+02
1.607914303217597762e+02
1.605918291421641015e+02
1.602682699676826417e+02
1.602978826307265194e+02
1.602677243178757465e+02
1.595372840032838155e+02
1.588415829796943797e+02
1.584923249394204845e+02
1.587942714210953170e+02
1.594078409877253648e+02
1.599718705123403595e+02
1.601344915163856228e+02
1.605183412741914992e+02
1.606520626802814604e+02
1.608382073915707053e+02
1.608994044976425357e+02
1.610140380813960803e+02
1.599206798796594171e+02
1.583062062705083690e+02
1.573058230755303271e+02
1.573756476491174112e+02
1.580425172809774210e+02
1.590246137667446362e+02
1.595983260952059766e+02
1.599647125789641962e+02
1.602456999074875625e+02
1.606170964485638137e+02
1.605903955713077380e+02
1.605329820506015892e+02
1.602800857662287513e+02
1.593289660680226802e+02
1.581884352003650918e+02
1.581045948674195074e+02
1.584850727574412872e+02
1.591833829791983419e+02
1.598373752756151589e+02
1.602418605170279875e+02
1.604178499413426380e+02
1.605534265567760883e+02
1.604994890733626107e+02
1.605966134988801741e+02
1.605572361845189278e+02
1.601446691253977690e+02
1.590630994397168649e+02
1.586282537470020202e+02
1.587557373837083787e+02
1.591178578780670989e+02
1.595271981626482898e+02
1.598852151224363638e+02
1.602520418463797398e+02
1.605788898010610524e+02
1.609088715217925198e+02
1.608741954765631021e+02
1.608102614406643056e+02
1.605040514498163304e+02
1.596341889287654112e+02
1.584846387178221505e+02
1.578069987028415824e+02
1.578824397491002856e+02
1.581575489410673470e+02
1.587694083915979775e+02
1.591576952744246398e+02
1.593546326908720232e+02
1.594338548422699944e+02
1.597431328731686619e+02
1.597847386709458704e+02
1.599501102460632467e+02
1.596525574854472609e+02
1.584450406633117439e+02
1.571323101572711494e+02
1.568777384799684569e+02
1.571327789200598204e+02
1.576564105171520112e+02
1.580098303773168311e+02
1.584437918693218421e+02
1.587402545704372017e+02
1.588022837924645785e+02
1.589006508114060523e+02
1.590004352797323293e+02
1.591035147288244502e+02
1.590324909657753665e+02
1.579831220593815715e+02
1.567740848584658693e+02
1.564413748886998405e+02
1.567443159411591012e+02
1.571788652468197256e+02
1.579441961462242148e+02
1.583981408222942662e+02
1.586572153506172072e+02
1.588993697744730014e+02
1.589612787055202432e+02
1.591577858026880676e+02
1.590402391930335284e+02
1.592496955522099995e+02
1.587751823586457078e+02
1.574423334962015417e+02
1.571350098837021960e+02
1.570893154327127093e+02
1.576380283192249863e+02
1.581520105955271731e+02
1.587888657676672608e+02
1.591601122550466414e+02
1.593465483929373079e+02
1.594521899158955307e+02
1.595799364565997678e+02
1.595157916014573800e+02
1.593153880686228945e+02
1.592489676057630561e+02
1.585789877700036357e+02
1.575475025360314874e+02
1.571273906282165456e+02
1.572685043490769772e+02
1.576155847505760335e+02
1.583652182971261482e+02
1.589622980785686082e+02
1.591194365421675627e+02
1.593723663095967424e+02
1.593882000749028407e+02
1.592012815329783280e+02
1.592526184990165916e+02
1.593413101547909321e+02
1.586131305665581124e+02
1.576369370196111390e+02
1.570485553921361941e+02
1.572746850732534938e+02
1.577183293691048220e+02
1.583077911351748241e+02
1.585731666786544167e+02
1.589328701923911638e+02
1.591888146750035276e+02
1.595834397763827894e+02
1.596720223021957565e+02
1.597485087638799541e+02
1.597588227853438525e+02
1.593241978327781680e+02
1.585377180429029522e+02
1.580748457919238774e+02
1.580363787206496227e+02
1.583068337677863155e+02
1.585549742180466239e+02
1.588019725240519904e+02
1.589393485437350648e+02
1.590497285392210642e+02
1.590930060095885494e+02
1.589763994057377658e+02
1.589282867340130849e+02
1.586911808109844344e+02
1.576619091790698519e+02
1.567608131670258729e+02
1.564925258377584782e+02
1.566122575268670403e+02
1.568431839658323952e+02
1.573897043322114371e+02
1.579972705108522177e+02
1.583187289335770629e+02
1.586502607958054512e+02
1.586661466458658367e+02
1.586206282909504068e+02
1.587278385571034960e+02
1.588172469983060182e+02
1.584871102634248530e+02
1.571909154267601423e+02
1.554952925303021800e+02
1.551750407377185468e+02
1.549964830389718031e+02
1.554047667471086811e+02
1.558299842009578526e+02
1.563303475541247280e+02
1.566808233855586252e+02
1.567566153838522496e+02
1.568702196736518033e+02
1.569017334302275231e+02
1.569429833155170400e+02
1.570049988962992416e+02
1.565571332551235173e+02
1.557034194881308906e+02
1.549907177527164777e+02
1.548186309646344512e+02
1.552074771385132124e+02
1.557641961958287595e+02
1.594674457884515562e+02
1.597023095868190978e+02
1.599549528880996263e+02
1.600845992822224844e+02
1.602945268844140116e+02
1.604363177070802919e+02
1.605547075937091677e+02
1.606118879731341735e+02
1.600092090806048759e+02
1.589832361497957436e+02
1.580540453732616584e+02
1.579012435855144929e+02
1.583410323694346857e+02
1.588468881839534390e+02
1.593100568219867057e+02
1.595089660184181639e+02
1.597923765281294948e+02
1.599419130978275803e+02
1.600405641026912917e+02
1.601686491942984674e+02
1.603458539295466778e+02
1.604098884146144997e+02
1.601926143818407695e+02
1.592142543571377189e+02
1.586112220323471149e+02
1.584548487185910233e+02
1.585213535091483266e+02
1.591092006478351379e+02
1.595135966010977597e+02
1.595966953463512255e+02
1.596264593032051948e+02
1.598373417925588171e+02
1.600748495122634836e+02
1.600668768245165552e+02
1.599725029700711048e+02
1.597514664338560806e+02
1.591520949232245812e+02
1.577876963409219968e+02
1.573758721096061777e+02
1.576885914546279821e+02
1.581955187269493877e+02
1.588093053133890180e+02
1.591117689222672311e+02
1.593380536175342002e+02
1.594611546942004736e+02
1.595796735526018892e+02
1.596685933892045739e+02
1.597494128064009544e+02
1.596962603146415063e+02
1.589360870460255626e+02
1.574399475184094683e+02
1.570756072214271626e+02
1.569144954351433228e+02
1.574345269836230727e+02
1.580861742259833420e+02
1.585844740307895222e+02
1.588232689879932309e+02
1.589131933162859127e+02
1.589864753254677225e+02
1.591096966931141594e+02
1.593815456274848827e+02
1.593905686911101327e+02
1.589636894855762534e+02
1.577189630669487599e+02
1.569330388477860367e+02
1.567213254825900606e+02
1.570055371054269813e+02
1.575053758907112922e+02
1.605247476989699749e+02
1.606538608444178919e+02
1.606358804431668545e+02
1.606718710083856365e+02
1.607457073481667464e+02
1.609448434853133278e+02
1.610963679564670770e+02
1.608503803427176706e+02
1.598881926342236568e+02
1.585447680864309348e+02
1.579963057027845537e+02
1.580849514743705697e+02
1.585228007212498369e+02
1.588188380635384362e+02
1.592540632308917168e+02
1.595421960916592354e+02
1.594040586424728758e+02
1.594928817502461698e+02
1.596900622288802651e+02
1.599013564358154724e+02
1.601331273918683280e+02
1.596472659224334052e+02
1.583392528069962282e+02
1.573929447479966086e+02
1.571491583351728423e+02
1.574295404884557854e+02
1.579282433300511741e+02
1.615802489651255485e+02
1.617471607608342481e+02
1.620334929772389501e+02
1.621480199112575065e+02
1.623529821002061055e+02
1.624741882839065568e+02
1.625224435686489528e+02
1.625179617995530634e+02
1.617855918688257759e+02
1.606537269121925533e+02
1.599272413185875621e+02
1.598747535275019800e+02
1.601804711934105399e+02
1.607461612295970497e+02
1.612453737577166066e+02
1.614877997663626843e+02
1.617058687116960130e+02
1.619282048865420336e+02
1.620423721877332923e+02
1.622659583966824357e+02
1.623857744134884626e+02
1.624173154525545044e+02
1.619431036064972034e+02
1.606703717115298389e+02
1.598846037466300061e+02
1.599172484864418493e+02
1.602841917810257826e+02
1.608649256304115340e+02
1.612533923296518594e+02
1.615595688374434928e+02
1.618000193457658895e+02
1.619885202721304438e+02
1.620804535838031200e+02
1.621834573859901809e+02
1.622044574628772011e+02
1.621504740952754275e+02
1.613894835920622768e+02
1.599830526130425312e+02
1.595208735853408655e+02
1.596758840146928549e+02
1.600924467185364790e+02
1.605776856511462256e+02
1.610893650372406114e+02
1.614706775234443512e+02
1.615486694825503662e+02
1.616354265617365513e+02
1.616878535872754412e+02
1.617892849259280297e+02
1.617977970629158904e+02
1.613606348387480693e+02
1.601860901463085440e+02
1.590576590631192744e+02
1.581508337281026968e+02
1.585536125737557427e+02
1.589851372433275571e+02
1.593360669561917575e+02
1.597581295620664150e+02
1.599543092693501194e+02
1.601370238275349891e+02
1.604097284400120031e+02
1.603145311504034112e+02
1.600738375798943025e+02
1.597121139217587711e+02
1.578605889545597734e+02
1.562950278901458034e+02
1.556874294685619020e+02
1.557864339056869198e+02
1.590647835134390959e+02
1.620571282946707470e+02
1.623777732031379912e+02
1.625677052201324955e+02
1.625701556838108104e+02
1.625038753537423020e+02
1.625014881358370360e+02
1.625357351019000873e+02
1.629016801053600147e+02
1.622901976492414349e+02
1.604087747929631007e+02
1.592362514850355524e+02
1.592834340718620751e+02
1.599292317002696109e+02
1.606570008110340382e+02
1.613863076621634036e+02
1.621195010280538327e+02
1.622349803690080705e+02
1.621606070602124703e+02
1.621170468440359116e+02
1.623181175577706767e+02
1.625034028706140248e+02
1.627045765137441720e+02
1.621969547780321363e+02
1.610663807792375337e+02
1.605341936411955714e+02
1.604454561012329066e+02
1.607677416794604994e+02
1.640300293410782615e+02
1.642655305576292903e+02
1.643312379554005815e+02
1.643210888689919500e+02
1.645119770132617703e+02
1.648341224586980331e+02
1.652363903777136898e+02
1.653166529840843850e+02
1.648569603833437895e+02
1.630215841702030559e+02
1.615866442288852056e+02
1.614869577295015404e+02
1.622194739935861207e+02
1.631923725597672501e+02
1.637817512382530367e+02
1.640465203663790419e+02
1.641757265203167719e+02
1.645799773803352650e+02
1.648739747364139419e+02
1.650597040097820241e+02
1.653533107302034466e+02
1.654118291917686179e+02
1.646120578686422391e+02
1.629874140911582288e+02
1.622980711279325590e+02
1.624143875452951420e+02
1.629441899456582519e+02
1.633507126930546178e+02
1.637726537678359193e+02
1.639656414237491617e+02
1.639780586771960600e+02
1.642147429617375565e+02
1.643589098412903127e+02
1.644077839425182788e+02
1.645016642319110929e+02
1.637213614458727875e+02
1.617586702514205399e+02
1.605972186741205689e+02
1.605811368861749600e+02
1.610018750511546557e+02
1.616727390876239099e+02
1.622101582632462566e+02
1.625923475094806747e+02
1.627485633288606550e+02
1.631947523369933322e+02
1.634909310521864541e+02
1.637413409095982217e+02
1.640092388433216115e+02
1.640395261279449528e+02
1.631801996086202848e+02
1.618319460600363584e+02
1.615189290878471411e+02
1.621904218617075344e+02
1.627605316613300488e+02
1.635376051926019727e+02
1.642456775854500108e+02
1.647833571848438226e+02
1.649863649553931282e+02
1.651493195498885029e+02
1.653626314209961095e+02
1.653778228076658934e+02
1.656442388061182101e+02
1.655695951526455474e+02
1.645413639757036890e+02
1.638133344411677967e+02
1.637146722752852952e+02
1.639926101654559147e+02
1.645899268085190954e+02
1.650726334299794757e+02
1.655268000863118800e+02
1.656745645342506918e+02
1.656574460116719365e+02
1.657944165143394173e+02
1.659504996416072800e+02
1.660277177700780555e+02
1.661142429480962903e+02
1.657320847046918573e+02
1.642829925915637546e+02
1.637881502223523000e+02
1.638237402310082871e+02
1.641055472743552173e+02
1.647201932592407161e+02
1.650965031288056082e+02
1.653044973945221727e+02
1.654877923256835004e+02
1.655860539350031786e+02
1.657252008363323341e+02
1.658009171877208985e+02
1.658500641138523122e+02
1.658748527365577843e+02
1.654103063327620475e+02
1.646958820801162631e+02
1.641139788039852192e+02
1.642510584366141018e+02
1.646270210744836788e+02
1.651149274905813513e+02
1.656531279375181498e+02
1.659742254873024763e+02
1.661611936337548912e+02
1.664422987730320074e+02
1.665855727710825533e+02
1.666059627122763800e+02
1.667649799473695964e+02
1.667470950348347856e+02
1.660757758768220356e+02
1.650102991401055021e+02
1.647645583088824424e+02
1.649313572542901625e+02
1.654319029040970861e+02
1.657123222607759772e+02
1.661128403800698834e+02
1.664218703883290402e+02
1.665520698729380058e+02
1.668287106047039856e+02
1.668705408629699605e+02
1.672261594438340353e+02
1.671712211890701383e+02
1.663569244200610626e+02
1.654423483775599095e+02
1.649607963014863969e+02
1.648818407744258820e+02
1.651719305338191361e+02
1.654118192708630488e+02
1.655650600586821497e+02
1.657645409472976610e+02
1.660095860750169265e+02
1.660952357331177325e+02
1.661235140343610510e+02
1.662446396107036719e+02
1.661201930112180776e+02
1.645912834923571779e+02
1.626300283489877074e+02
1.618403503071760383e+02
1.622198782704885218e+02
1.627803821532829431e+02
1.633967605763054110e+02
1.636944026250716036e+02
1.641801748063563196e+02
1.643735121741912621e+02
1.643667076730764052e+02
1.646140346090791127e+02
1.646876539290506400e+02
1.647087866980498063e+02
1.637976147662758706e+02
1.619224656426638660e+02
1.613874535267579233e+02
1.616127585325988605e+02
1.622759016243002748e+02
1.631141263774557331e+02
1.637403686608513738e+02
1.640476984739167108e+02
1.643837939527120113e+02
1.645520487910136467e+02
1.648449684887236515e+02
1.650746362127935072e+02
1.651959130829462197e+02
1.645188162375461616e+02
1.631369382597243600e+02
1.624018078370193621e+02
1.624869267266716122e+02
1.628490521814831311e+02
1.634302944772798867e+02
1.639244721458174752e+02
1.642692025328071850e+02
1.644873520854983724e+02
1.646315772503714072e+02
1.648557599537685689e+02
1.650436879478358776e+02
1.652834191905037073e+02
1.652032297508116585e+02
1.646714183670685543e+02
1.635429116369742246e+02
1.631827864847503236e+02
1.634561967216367577e+02
1.640931945067945890e+02
1.646559950792308200e+02
1.651823164818484599e+02
1.655664824685197232e+02
1.655748891958857882e+02
1.659528756984937559e+02
1.661813578743467588e+02
1.663270265309817546e+02
1.661441519981943884e+02
1.657942044549826619e+02
1.644386776424952075e+02
1.630648765219289089e+02
1.630832798017802929e+02
1.635142935447147750e+02
1.640989201094275813e+02
1.647315440153377324e+02
1.650292852731597293e+02
1.652665412498852788e+02
1.654307917626721007e+02
1.654184315544322885e+02
1.655899156475003053e+02
1.656922497885607015e+02
1.656006823102812859e+02
1.639971167368157410e+02
1.626353099910959941e+02
1.624089273268863849e+02
1.625398919613382418e+02
1.629372837552611770e+02
1.636780852156184949e+02
1.642473939021153910e+02
1.644210903571278095e+02
1.645494656352231857e+02
1.646847024596405049e+02
1.649398383884480950e+02
1.650012723561406744e+02
1.651494795244909994e+02
1.642631396193844466e+02
1.620941357527115088e+02
1.611514327027771003e+02
1.610885378817378353e+02
1.616181790673852845e+02
1.622397808471957319e+02
1.627328101709123871e+02
1.632339225524505935e+02
1.634627308780745523e+02
1.637591290933036419e+02
1.639021129048659589e+02
1.641618360123912055e+02
1.644731961933485422e+02
1.645404276902395679e+02
1.633574750303207566e+02
1.613359888290603124e+02
1.606745645342506918e+02
1.607624835995029571e+02
1.613854495038306993e+02
1.621353360334731235e+02
1.626898563700894726e+02
1.631948887494450560e+02
1.636903127317461610e+02
1.637811559839182109e+02
1.638736671883409599e+02
1.640265880269550962e+02
1.643950368189608469e+02
1.646002495107753418e+02
1.642096150936657466e+02
1.627416062938225139e+02
1.617713132054693972e+02
1.617972898566181073e+02
1.622561168583468429e+02
1.629249359481533475e+02
1.634251046035482204e+02
1.638967977797013305e+02
1.641586811644166914e+02
1.643403155840065040e+02
1.645910788736795780e+02
1.648826555287966755e+02
