1.626478574810606119e+02
1.594006628787878697e+02
1.596716737689393995e+02
1.594404947916666799e+02
1.589727272727272691e+02
1.585750473484848442e+02
1.581490767045454504e+02
1.579896661931818187e+02
1.578907670454545382e+02
1.578762547348484873e+02
1.578232007575757621e+02
1.577881865530303003e+02
1.577230942234848499e+02
1.577102746212121076e+02
1.575976207386363512e+02
1.574311789772727366e+02
1.573298058712121303e+02
1.571524976325757450e+02
1.569948745265151615e+02
1.569565932765151501e+02
1.567965317234848612e+02
1.567223839962121303e+02
1.566331794507575808e+02
1.565140506628787875e+02
1.563882220643939434e+02
1.562317945075757564e+02
1.560389441287878753e+02
1.558685724431818187e+02
1.557175426136363683e+02
1.555878196022727309e+02
1.555575047348484929e+02
1.553680160984848442e+02
1.554290601325757564e+02
1.554126538825757677e+02
1.554467566287878810e+02
1.555318063446969745e+02
1.556046046401515071e+02
1.556707267992424306e+02
1.556738162878787932e+02
1.556002604166666572e+02
1.557530421401515071e+02
1.557124289772727366e+02
1.556753787878787989e+02
1.556533735795454447e+02
1.556743134469697054e+02
1.556766335227272862e+02
1.555482599431818187e+02
1.554640625000000114e+02
1.553952888257575751e+02
1.552998461174242379e+02
1.552072561553030425e+02
1.552417140151515014e+02
1.552346709280303116e+02
1.552728811553030255e+02
1.553171519886363683e+02
1.553853929924242436e+02
1.554881510416666686e+02
1.556347892992424136e+02
1.557942589962121076e+02
1.558519767992424363e+02
1.560633877840909065e+02
1.562557410037878753e+02
1.561927083333333428e+02
1.563508759469696940e+02
1.563643702651515071e+02
1.566118134469697054e+02
1.567206321022727309e+02
1.567856178977272634e+02
1.567845288825757564e+02
1.567024266098484873e+02
1.566936079545454561e+02
1.566924005681818244e+02
1.567674715909090821e+02
1.569135179924242323e+02
1.569987571022727195e+02
1.570236742424242493e+02
1.570734966856060737e+02
1.571691879734848385e+02
1.571933830492424136e+02
1.570538352272727138e+02
1.569964251893939320e+02
1.571435724431818244e+02
1.571486979166666629e+02
1.572643584280303060e+02
1.573473366477272748e+02
1.573898082386363626e+02
1.574858901515151501e+02
1.576927201704545496e+02
1.578225733901515184e+02
1.580871212121212182e+02
1.582318063446969632e+02
1.583258759469696884e+02
1.584220170454545382e+02
1.584145241477272634e+02
1.584071496212121133e+02
1.584198271780302889e+02
1.584574692234848499e+02
1.585831202651515071e+02
1.585946614583333201e+02
1.587070785984848555e+02
1.586094460227272691e+02
1.586189985795454618e+02
1.586308238636363512e+02
1.585431463068181870e+02
1.585693418560606176e+02
1.584788707386363740e+02
1.584856060606060737e+02
1.584635890151515127e+02
1.584215317234848612e+02
1.585049005681818244e+02
1.585113991477272748e+02
1.586122395833333201e+02
1.586759824810606005e+02
1.588099195075757564e+02
1.588062736742424192e+02
1.588332149621212182e+02
1.588609493371212125e+02
1.588437144886363512e+02
1.587930160984848555e+02
1.584498697916666572e+02
1.582356534090909008e+02
1.582431463068181756e+02
1.581807291666666799e+02
1.582174597537878924e+02
1.581971590909090821e+02
1.580766808712121190e+02
1.581312144886363740e+02
1.579777935606060737e+02
1.579223484848484986e+02
1.578505563446969688e+02
1.577694483901515241e+02
1.577646070075757621e+02
1.579437144886363740e+02
1.580558357007575694e+02
1.579698982007575694e+02
1.580379024621212238e+02
1.579385298295454447e+02
1.578851207386363740e+02
1.579125355113636431e+02
1.578065932765151445e+02
1.576848484848484873e+02
1.574964843749999943e+02
1.573350852272727138e+02
1.571140980113636374e+02
1.568740056818181756e+02
1.567075402462121190e+02
1.565952414772727366e+02
1.563984730113636488e+02
1.563873697916666572e+02
1.562695667613636488e+02
1.562847774621212125e+02
1.562126065340908951e+02
1.563044152462121303e+02
1.564617897727272862e+02
1.565540364583333428e+02
1.566743607954545325e+02
1.567826822916666742e+02
1.570612452651515127e+02
1.571833096590908951e+02
1.572041193181818244e+02
1.573478929924242493e+02
1.573843750000000057e+02
1.575498461174242379e+02
1.577147727272727309e+02
1.577854285037878697e+02
1.579172111742424249e+02
1.579573508522727252e+02
1.579554214015151388e+02
1.579594105113636431e+02
1.579075994318181699e+02
1.579364701704545553e+02
1.578312855113636317e+02
1.579245146780303060e+02
1.579761482007575637e+02
1.580408499053030198e+02
1.581884114583333201e+02
1.582361150568181927e+02
1.582789772727272748e+02
1.583706912878787989e+02
1.585389441287878753e+02
1.584634351325757677e+02
1.587188920454545382e+02
1.589269531250000114e+02
1.588987452651515184e+02
1.589954900568181699e+02
1.590511126893939320e+02
1.591860677083333258e+02
1.594509943181818130e+02
1.596074100378787932e+02
1.596015388257575864e+02
1.596545572916666629e+02
1.596664299242424363e+02
1.598045099431818130e+02
1.596755563446969575e+02
1.596428977272727252e+02
1.596360558712121076e+02
1.596827651515151558e+02
1.596554450757575694e+02
1.597139559659090935e+02
1.596412168560605949e+02
1.596385061553030198e+02
1.596770478219696940e+02
1.597017518939393881e+02
1.596709872159090935e+02
1.597510535037878867e+02
1.598169507575757677e+02
1.598180516098484816e+02
1.598130918560605949e+02
1.597408499053030368e+02
1.597482007575757450e+02
1.596350615530303116e+02
1.596689157196969688e+02
1.596810724431818187e+02
1.597357007575757564e+02
1.597788233901515014e+02
1.597784682765151558e+02
1.596742305871212011e+02
1.595888020833333201e+02
1.593875710227272862e+02
1.594096117424242323e+02
1.594071377840909065e+02
1.593993607954545553e+02
1.594871093749999886e+02
1.597271780303030368e+02
1.598102509469696884e+02
1.598250591856060510e+02
1.599046638257575808e+02
1.598877959280303003e+02
1.597691642992424192e+02
1.597063802083333428e+02
1.596948745265151501e+02
1.594814512310606176e+02
1.593461884469697054e+02
1.591724668560605949e+02
1.590236624053030425e+02
1.587558001893939377e+02
1.587741477272727195e+02
1.587061434659090935e+02
1.585646306818181870e+02
1.585253196022727309e+02
1.584083806818181870e+02
1.583143347537878753e+02
1.581494199810606176e+02
1.580098721590909179e+02
1.579342921401515127e+02
1.578854166666666572e+02
1.578314275568181699e+02
1.578382457386363740e+02
1.577624763257575751e+02
1.579411695075757507e+02
1.580082623106060566e+02
1.580072561553030255e+02
1.581267400568181927e+02
1.581756510416666686e+02
1.583494199810606062e+02
1.583954427083333201e+02
1.585131983901515014e+02
1.585606770833333314e+02
1.586017282196969802e+02
1.586796283143939377e+02
1.587006036931818187e+02
1.586682173295454561e+02
1.586045454545454447e+02
1.585672230113636374e+02
1.585604521780302889e+02
1.584897727272727366e+02
1.584265506628787818e+02
1.583037050189393824e+02
1.582687026515151558e+02
1.583448035037878867e+02
1.583915482954545553e+02
1.584439393939393881e+02
1.585320785984848442e+02
1.586109256628787989e+02
1.588121330492424192e+02
1.589220407196969802e+02
1.590317945075757677e+02
1.591626302083333258e+02
1.594536813446969745e+02
1.594714133522727195e+02
1.595528527462121247e+02
1.596611387310606176e+02
1.598304332386363740e+02
1.598974313446969688e+02
1.600241595643939263e+02
1.601610558712121133e+02
1.601450757575757677e+02
1.602593039772727366e+02
1.602331084280303060e+02
1.602135179924242436e+02
1.602477391098484816e+02
1.602968394886363512e+02
1.602482362689393938e+02
1.602750946969696884e+02
1.604340198863636431e+02
1.604256392045454618e+02
1.601291666666666629e+02
1.601303148674242323e+02
1.601593158143939490e+02
1.601672703598484873e+02
1.601028527462121076e+02
1.600544744318181927e+02
1.600267282196969632e+02
1.600601444128787989e+02
1.600704900568181870e+02
1.599595999053030368e+02
1.599352627840908951e+02
1.599834990530303003e+02
1.597391571969696997e+02
1.595912760416666742e+02
1.594574455492424363e+02
1.592069128787878753e+02
1.591054332386363512e+02
1.590307291666666742e+02
1.590339843749999886e+02
1.590772964015151558e+02
1.591478574810606119e+02
1.592076112689393881e+02
1.590669507575757677e+02
1.590584753787878753e+02
1.592019531249999886e+02
1.592616003787878753e+02
1.592241595643939434e+02
1.592123579545454675e+02
1.590413589015151388e+02
1.587973129734848499e+02
1.586289772727272691e+02
1.583215672348484873e+02
1.580776160037878810e+02
1.578212239583333201e+02
1.575069128787878867e+02
1.571945075757575694e+02
1.568729995265151445e+02
1.565624408143939377e+02
1.562754379734848555e+02
1.560243489583333201e+02
1.559291311553030255e+02
1.559170336174242379e+02
1.559263849431818301e+02
1.559129024621212238e+02
1.559400331439393881e+02
1.559774147727272862e+02
1.560411103219697111e+02
1.560827296401515127e+02
1.561366240530302889e+02
1.563371567234848385e+02
1.563573390151515241e+02
1.561637784090908951e+02
1.560801846590909179e+02
1.561719696969697111e+02
1.562489820075757621e+02
1.561791785037878810e+02
1.561269767992424136e+02
1.561633877840909008e+02
1.561727509469696997e+02
1.561186434659090878e+02
1.560302675189393824e+02
1.562022372159090935e+02
1.561792376893939434e+02
1.562032196969697111e+02
1.561856770833333314e+02
1.563972892992424306e+02
1.565139322916666629e+02
1.566414772727272862e+02
1.568132812499999886e+02
1.568724313446969632e+02
1.569297940340909179e+02
1.569486150568181699e+02
1.570835108901515014e+02
1.571774739583333371e+02
1.571316998106060510e+02
1.572883522727272805e+02
1.573739820075757621e+02
1.574049005681818301e+02
1.574242660984848499e+02
1.574673058712121190e+02
1.575218276515151388e+02
1.574139204545454618e+02
1.572699455492424363e+02
1.574044625946969802e+02
1.573823153409090878e+02
1.575225023674242379e+02
1.575283025568181756e+02
1.575505800189393995e+02
1.575170454545454675e+02
1.575247632575757564e+02
1.576086529356060737e+02
1.576613044507575694e+02
1.576914062500000000e+02
1.577794744318181870e+02
1.577424715909091049e+02
1.577708333333333428e+02
1.577690340909090878e+02
1.578975142045454447e+02
1.580698508522727366e+02
1.580830137310606176e+02
1.581014322916666686e+02
1.580876183712121303e+02
1.581749053030303003e+02
1.580554924242424306e+02
1.580631747159090992e+02
1.579644294507575637e+02
1.579341619318181813e+02
1.580679450757575637e+02
1.580072679924242323e+02
1.580700639204545439e+02
1.581555397727272805e+02
1.583450402462121076e+02
1.583715909090909122e+02
1.583592921401515241e+02
1.583710700757575864e+02
1.583574573863636488e+02
1.583119318181818187e+02
1.584398674242424363e+02
1.584927320075757677e+02
1.584125710227272634e+02
1.583507694128787762e+02
1.582683948863636374e+02
1.583780066287878867e+02
1.583083925189393995e+02
1.582343394886363512e+02
1.581609611742424306e+02
1.581075165719697111e+02
1.579272845643939434e+02
1.579416074810606005e+02
1.578996685606060737e+02
1.579772845643939263e+02
1.581098721590909122e+02
1.581328361742424136e+02
1.582105587121212125e+02
1.581986860795454675e+02
1.582207504734848555e+02
1.580935961174242550e+02
1.579934067234848385e+02
1.578705018939394051e+02
1.579558948863636374e+02
1.579060961174242550e+02
1.577933712121212011e+02
1.578461410984848499e+02
1.578483072916666572e+02
1.577227035984848555e+02
1.577757220643939320e+02
1.577022845643939490e+02
1.577800899621212238e+02
1.577905303030302946e+02
1.577228693181818073e+02
1.577996448863636374e+02
1.579545572916666742e+02
1.582785392992424249e+02
1.585711766098484929e+02
1.588473839962121303e+02
1.589937618371212125e+02
1.591768939393939490e+02
1.593192826704545553e+02
1.593967921401515184e+02
1.594578835227272862e+02
1.595812026515151558e+02
1.596051964962121303e+02
1.596730468750000114e+02
1.596407078598484759e+02
1.595680989583333371e+02
1.595197916666666629e+02
1.595431818181818073e+02
1.595884706439393881e+02
1.595572561553030368e+02
1.596636245265151501e+02
1.598292850378787762e+02
1.599968986742424306e+02
1.601729640151515071e+02
1.603720762310606176e+02
1.604023437500000000e+02
1.604495857007575808e+02
1.603985321969697111e+02
1.603363044507575808e+02
1.601202414772727138e+02
1.597824455492424249e+02
1.597143229166666742e+02
1.593201822916666686e+02
1.591821022727272634e+02
1.591272372159091049e+02
1.589835582386363626e+02
1.591433120265151615e+02
1.591031250000000057e+02
1.592254616477272862e+02
1.594957386363636260e+02
1.598372040719696940e+02
1.599802320075757507e+02
1.601346946022727309e+02
1.603422111742424363e+02
1.604921993371212068e+02
1.607561197916666629e+02
1.609963778409091049e+02
1.611119199810605949e+02
1.612295099431818244e+02
1.611748697916666799e+02
1.611535984848484873e+02
1.611291429924242493e+02
1.610773555871212182e+02
1.608016808712121133e+02
1.606719105113636488e+02
1.605848011363636374e+02
1.605932646780302946e+02
1.605132575757575637e+02
1.604012547348484929e+02
1.603122040719696884e+02
1.603566287878787762e+02
1.603994318181818244e+02
1.603861624053030255e+02
1.605770951704545553e+02
1.605988281250000114e+02
1.606751065340909008e+02
1.608993963068181756e+02
1.609440932765151615e+02
1.610502840909090878e+02
1.611651515151515071e+02
1.611625236742424363e+02
1.612373342803030312e+02
1.613540482954545325e+02
1.613354166666666742e+02
1.613124644886363512e+02
1.613156368371212182e+02
1.611928385416666742e+02
1.612638020833333314e+02
1.613328243371212238e+02
1.611885535037878867e+02
1.609256747159090821e+02
1.607700639204545325e+02
1.605124881628787818e+02
1.603033143939393881e+02
1.600454071969697054e+02
1.599786103219697111e+02
1.598855350378787818e+02
1.598756510416666572e+02
1.595956794507575864e+02
1.594816406250000114e+02
1.594319128787878697e+02
1.592194010416666572e+02
1.591001065340909122e+02
1.589838186553030255e+02
1.588130563446969745e+02
1.586792140151515014e+02
1.585634824810606176e+02
1.582650094696969632e+02
1.581100023674242436e+02
1.579602982954545496e+02
1.577458806818181927e+02
1.576040127840909122e+02
1.575186671401515071e+02
1.575699692234848612e+02
1.575692116477272862e+02
1.575578953598484873e+02
1.576518821022727366e+02
1.578204190340909179e+02
1.580437144886363683e+02
1.581766927083333201e+02
1.583692589962121247e+02
1.585376538825757677e+02
1.587246330492424136e+02
1.589361624053030368e+02
1.590183475378787818e+02
1.589571496212121247e+02
1.587868134469696884e+02
1.584308120265151558e+02
1.580082623106060566e+02
1.580690814393939263e+02
1.597080374053030312e+02
1.598429332386363626e+02
1.598519531249999943e+02
1.594783972537878753e+02
1.595032670454545496e+02
1.594288825757575694e+02
1.595316642992424363e+02
1.596399621212121076e+02
1.597949100378787932e+02
1.599412997159090821e+02
1.600006273674242436e+02
1.599427793560606119e+02
1.598644767992424249e+02
1.597266216856060623e+02
1.597650094696969632e+02
1.608424242424242436e+02
1.618702178030303003e+02
1.623978929924242323e+02
1.627924242424242323e+02
1.626816761363636488e+02
1.626202533143939490e+02
1.618119081439394051e+02
1.612131392045454561e+02
1.608423887310605949e+02
1.605260416666666572e+02
1.603994554924242379e+02
1.600381865530303003e+02
1.596220999053030312e+02
1.591849195075757564e+02
1.587743371212121133e+02
1.585732362689393824e+02
1.584506510416666742e+02
1.584011955492424306e+02
1.583840317234848385e+02
1.584841737689393995e+02
1.584127367424242436e+02
1.585424005681818187e+02
1.587194247159090992e+02
1.587744436553030312e+02
1.588842684659090878e+02
1.589524502840909008e+02
1.589619673295454447e+02
1.588211529356060510e+02
1.587558475378787932e+02
1.587489228219696997e+02
1.588457267992424136e+02
1.588669034090908951e+02
1.587238873106060737e+02
1.587557646780302889e+02
1.587524384469697054e+02
1.588316761363636260e+02
1.588396188446969575e+02
1.586679569128787932e+02
1.584857125946969632e+02
1.584262902462121190e+02
1.585273792613636488e+02
1.585661695075757507e+02
1.585655303030303003e+02
1.585491122159091049e+02
1.584344578598484929e+02
1.585139322916666629e+02
1.583411221590909008e+02
1.581949573863636260e+02
1.580036103219696884e+02
1.578751420454545382e+02
1.577635890151515241e+02
1.576202533143939490e+02
1.575614701704545553e+02
1.575375946969697054e+02
1.574288707386363626e+02
1.573757220643939263e+02
1.573296638257575637e+02
1.573046638257575864e+02
1.571466145833333314e+02
1.569493134469697111e+02
1.565775213068181699e+02
1.561214725378787875e+02
1.556531368371212238e+02
1.552335819128787762e+02
1.547819957386363683e+02
1.543250118371212238e+02
1.538662168560606176e+02
1.534823390151515241e+02
1.532659564393939320e+02
1.529972892992424249e+02
1.527369791666666572e+02
1.525121685606060566e+02
1.524554569128787875e+02
1.525454427083333258e+02
1.526578716856060680e+02
1.528430752840909008e+02
1.529832741477272862e+02
1.532152580492424363e+02
1.533974550189393824e+02
1.535788707386363683e+02
1.537050662878787932e+02
1.538916548295454447e+02
1.540628077651515184e+02
1.542273082386363683e+02
1.543373106060606119e+02
1.544463068181818244e+02
1.543935606060606176e+02
1.543528764204545496e+02
1.544001893939393995e+02
1.544924597537878697e+02
1.546398082386363626e+02
1.546021661931818301e+02
1.545922585227272634e+02
1.544582149621212182e+02
1.540888020833333201e+02
1.539920099431818130e+02
1.551910274621212125e+02
1.552249881628787875e+02
1.553248579545454504e+02
1.553604403409090935e+02
1.554655303030303060e+02
1.555063565340909122e+02
1.556495738636363626e+02
1.557978219696969688e+02
1.557341856060606062e+02
1.555422111742424249e+02
1.553223366477272691e+02
1.551915009469697111e+02
1.552301254734848612e+02
1.552762902462121133e+02
1.555294034090909179e+02
1.556847301136363626e+02
1.556933593750000000e+02
1.559370501893939434e+02
1.561743016098484986e+02
1.569252249053030255e+02
1.571607481060605949e+02
1.572949100378787932e+02
1.572042495265151558e+02
1.570666429924242493e+02
1.568559895833333258e+02
1.564578006628787818e+02
1.561219933712121133e+02
1.560538115530303003e+02
1.562910866477272691e+02
1.564120620265151445e+02
1.564796401515151558e+02
1.564670099431818073e+02
1.564868844696969745e+02
1.563554569128787932e+02
1.563261718750000000e+02
1.564467566287878810e+02
1.565597537878787762e+02
1.566368016098484759e+02
1.566859019886363740e+02
1.566834280303030198e+02
1.567497632575757507e+02
1.568524502840909065e+02
1.569046519886363740e+02
1.568897727272727138e+02
1.568586884469696940e+02
1.568979403409090878e+02
1.569037168560606119e+02
1.570386600378787989e+02
1.571454427083333201e+02
1.572955729166666572e+02
1.574392992424242550e+02
1.575216737689393938e+02
1.574916074810606119e+02
1.575988162878787762e+02
1.575551136363636431e+02
1.576566287878787875e+02
1.577383404356060623e+02
1.576695194128787989e+02
1.577958806818181756e+02
1.578249881628787818e+02
1.578559540719697054e+02
1.580100497159091049e+02
1.580594815340909065e+02
1.580705729166666629e+02
1.580196141098484759e+02
1.579857717803030255e+02
1.579573745265151388e+02
1.578000710227272805e+02
1.576732125946969632e+02
1.576265269886363569e+02
1.576351089015151388e+02
1.577727982954545496e+02
1.578040719696969632e+02
1.577277698863636317e+02
1.578066169507575864e+02
1.578431699810606119e+02
1.579003787878787932e+02
1.579235677083333371e+02
1.579727982954545382e+02
1.578711529356060623e+02
1.576871330492424192e+02
1.575156841856060623e+02
1.574844341856060623e+02
1.573068773674242493e+02
1.570894294507575637e+02
1.567539772727272691e+02
1.566458688446969632e+02
1.565883759469697054e+02
1.563863399621212125e+02
1.560568181818181870e+02
1.557921638257575694e+02
1.558002840909090878e+02
1.558239583333333371e+02
1.559418797348484986e+02
1.562037642045454504e+02
1.565968394886363626e+02
1.570331676136363512e+02
1.573951467803030368e+02
1.577166193181818130e+02
1.579610085227272691e+02
1.581861387310605949e+02
1.582819957386363683e+02
1.581994436553030425e+02
1.580552911931818301e+02
1.579522964015151558e+02
1.579121803977272691e+02
1.576450757575757677e+02
1.573923532196969575e+02
1.571923058712121133e+02
1.569222656249999943e+02
1.566495857007575694e+02
1.565245028409090935e+02
1.562939630681818244e+02
1.559023792613636488e+02
1.557052911931818073e+02
1.553958451704545496e+02
1.552315814393939490e+02
1.550648319128787875e+02
1.550690340909090992e+02
1.553829900568181870e+02
1.556891216856060680e+02
1.560587357954545382e+02
1.562553858901515014e+02
1.563097182765151558e+02
1.562936197916666572e+02
1.562696377840909179e+02
1.562712357954545439e+02
1.561008996212121076e+02
1.559429687500000057e+02
1.556050071022727366e+02
1.554275804924242550e+02
1.552676491477272691e+02
1.550574692234848442e+02
1.551487215909091049e+02
1.551297585227272862e+02
1.553093749999999886e+02
1.553695194128787875e+02
1.555537286931818244e+02
1.556953716856060623e+02
1.556823153409090992e+02
1.558173650568181756e+02
1.560704308712121247e+02
1.567882930871212182e+02
1.575746685606060566e+02
1.580280421401515127e+02
1.584009943181818301e+02
1.581810724431818187e+02
1.575216974431818073e+02
1.563909446022727252e+02
1.555180397727272634e+02
1.549743726325757507e+02
1.545167850378787762e+02
1.543797230113636374e+02
1.541180752840909065e+02
1.540136008522727309e+02
1.538708806818181927e+02
1.539619199810606176e+02
1.540589962121212011e+02
1.542290127840909122e+02
1.543379379734848555e+02
1.543483783143939263e+02
1.544419744318181813e+02
1.546288589015151445e+02
1.546366595643939377e+02
1.546940104166666572e+02
1.548656486742424363e+02
1.549141690340909179e+02
1.549397135416666629e+02
1.548468750000000114e+02
1.547611979166666742e+02
1.548341027462121247e+02
1.547967921401515241e+02
1.548148200757575808e+02
1.547506036931818301e+02
1.546952888257575864e+02
1.545834398674242323e+02
1.546440932765151501e+02
1.544511482007575864e+02
1.544257930871212068e+02
1.544086292613636431e+02
1.544332623106060680e+02
1.542137073863636374e+02
1.539675426136363683e+02
1.536758049242424136e+02
1.534384943181818244e+02
1.532423532196969802e+02
1.531726917613636374e+02
1.530903409090909122e+02
1.530392518939393938e+02
1.531638139204545439e+02
1.533102035984848612e+02
1.534003906250000000e+02
1.534403764204545553e+02
1.534034682765151558e+02
1.533138375946969632e+02
1.532219815340909008e+02
1.529725023674242550e+02
1.527531960227272805e+02
1.526961410984848442e+02
1.524513375946969802e+02
1.522165956439393995e+02
1.521516216856060737e+02
1.521068300189394051e+02
1.520733309659090935e+02
1.520766808712121190e+02
1.522838186553030368e+02
1.524500946969696997e+02
1.528195904356060737e+02
1.531846235795454447e+02
1.534915601325757564e+02
1.538479995265151388e+02
1.539952414772727138e+02
1.542079782196969688e+02
1.541787286931818244e+02
1.540040601325757450e+02
1.538692116477272691e+02
1.536143702651515071e+02
