1.000000000000000000e+00
1.520542096902303353e+00
1.422764843129467938e+00
1.447124453931691868e+00
1.367815478554408326e+00
1.051452045274027025e+00
9.654388403494836846e-01
1.001435911437648985e+00
9.372852958697378556e-01
8.934347696584591381e-01
8.384345214455917183e-01
8.120296366163621826e-01
8.151955917394757556e-01
8.649883339952343375e-01
8.539751290706910636e-01
8.906796068308181491e-01
9.075481532962669240e-01
9.226568705321683828e-01
9.600054606830817905e-01
8.974024523431294309e-01
9.219457406671961452e-01
9.048116064336775288e-01
8.719556691818903804e-01
8.685886616362191726e-01
9.002084988085782280e-01
8.671701250992851495e-01
8.190739177918983094e-01
8.273058975377283186e-01
7.928911834789516000e-01
7.388018764892771983e-01
6.864041401906274542e-01
6.685117156473391331e-01
6.620184670373312485e-01
6.728877084988085233e-01
7.000285444797458290e-01
6.953087768069896590e-01
6.896954428117553215e-01
6.833883538522637080e-01
6.434087073073868623e-01
6.276782168387609051e-01
6.530815627482128294e-01
7.022537728355837672e-01
6.682994936457505863e-01
6.990046664019062828e-01
6.935650814138204501e-01
6.403879567116759208e-01
6.488631850675139479e-01
6.321559769658459116e-01
6.076772239872915149e-01
5.795795274027005783e-01
6.152799841143764548e-01
6.067464257347100487e-01
5.994253872120730575e-01
5.864500595710882003e-01
5.819052819698172785e-01
6.042245830023827979e-01
6.189411239078633775e-01
6.054954328832407029e-01
5.727214058776807226e-01
5.808007347100874185e-01
6.037728355837966854e-01
5.990406572676727492e-01
6.729668884034948562e+00
2.094283657664813347e+01
3.695793288324066594e+01
5.325070492454328530e+01
6.995284824265290524e+01
8.337020080420968782e+01
9.638854373510723406e+01
1.085308789217633034e+02
1.175113247120730762e+02
1.265531858121525062e+02
1.332864252382843517e+02
1.402238309173947641e+02
1.464285941223193106e+02
1.516695951648133303e+02
1.563460558975377239e+02
1.612594705619539184e+02
1.655107153494837178e+02
1.692122617156473439e+02
1.723558665111199275e+02
1.755916290210484476e+02
1.783381056393963604e+02
1.816048885524225511e+02
1.849848044082605156e+02
1.878252531771246936e+02
1.909855329130262191e+02
1.938767027402700478e+02
1.964489016580619420e+02
1.989060166799046954e+02
2.011612763105639488e+02
2.031579366064336796e+02
2.049299170969023010e+02
2.063376936060365381e+02
2.079362837569499618e+02
2.096922557585385221e+02
2.113596666501191521e+02
2.126058689932486061e+02
2.135812673749007047e+02
2.128001241064336853e+02
2.116635797259729941e+02
2.104164527899126256e+02
2.093090883141381937e+02
2.096134531374106302e+02
2.102285953633836471e+02
2.110188319102462344e+02
2.116649051826846630e+02
2.119625384729944528e+02
2.123884109412231851e+02
2.128505448272438514e+02
2.131232786437649054e+02
2.134835571386020661e+02
2.139353939138204908e+02
2.142056468427323352e+02
2.143604845115170860e+02
2.144834578534551213e+02
2.148945964058776781e+02
2.151653110107228031e+02
2.153178887013502845e+02
2.155693618447180313e+02
2.159678204428117567e+02
2.159878437748213003e+02
2.163125856334392267e+02
2.165250297855440920e+02
2.166925263105639488e+02
2.168150752084987971e+02
2.170814982128673591e+02
2.172777030381255088e+02
2.175326027601270766e+02
2.175972560067513939e+02
2.177972212569499675e+02
2.179881093625893698e+02
2.180634593427323296e+02
2.181927323272438457e+02
2.180865456215250333e+02
2.181604348689436108e+02
2.182632222994440099e+02
2.184770576846703705e+02
2.185609834193804488e+02
2.187113929706115982e+02
2.187071683876092152e+02
2.189504877382843517e+02
2.189385586278792744e+02
2.189032788919777488e+02
2.189618583697378824e+02
2.190475513800635383e+02
2.190555810663224747e+02
2.193382620135027707e+02
2.192948222795869810e+02
2.191879778097696487e+02
2.191677236397934792e+02
2.192183764396346248e+02
2.191532602760127020e+02
2.191288026211278748e+02
2.190026037529785583e+02
2.189583573272438457e+02
2.190222870333598166e+02
2.189714791004765573e+02
2.190744787529785640e+02
2.191394621227164521e+02
2.188876452045274164e+02
2.188363731135821979e+02
2.188915744142176436e+02
2.189281721604448023e+02
2.190104026012708403e+02
2.191324153594122208e+02
2.192004629169976226e+02
2.192003996227164464e+02
2.192717645452740385e+02
2.194223552918983273e+02
2.193629815329626638e+02
2.194086427720413042e+02
2.193259332803812640e+02
2.192830706413820394e+02
2.192194946386020717e+02
2.192728541997617242e+02
2.191943556393963490e+02
2.192138093228753064e+02
2.192372133141382164e+02
2.193237217037331277e+02
2.194674245432883311e+02
2.194218092235901452e+02
2.194473490865766507e+02
2.193962693606036396e+02
2.194012187251787225e+02
2.195181902799841112e+02
2.195511095115170690e+02
2.196828832406671950e+02
2.197331711675933263e+02
2.197301305599682166e+02
2.196451250992851385e+02
2.194505001489277163e+02
2.192081624801429598e+02
2.190729683776806951e+02
2.189456860603653752e+02
2.189030046167593468e+02
2.189182672259729827e+02
2.188089232525814225e+02
2.188367503971405768e+02
2.188790260127084935e+02
2.188343749999999943e+02
2.186992243347895055e+02
2.186248510722795970e+02
2.185259556195393031e+02
2.186081773729150086e+02
2.186313877581413863e+02
2.185528209392374777e+02
2.186070095313741035e+02
2.186280492950754706e+02
2.186480080917394844e+02
2.186979485206513232e+02
2.186533992752184190e+02
2.184191012212073133e+02
2.182007893169181898e+02
2.180312748212867291e+02
2.178355775913423429e+02
2.178165247716441684e+02
2.177869588959491693e+02
2.176703422855440806e+02
2.177216391977759997e+02
2.177257458796663911e+02
2.176867292990468741e+02
2.175906547855440749e+02
2.176073793685464750e+02
2.177024498610007868e+02
2.177948458598093850e+02
2.177797396247021311e+02
2.177563666600476608e+02
2.176538621922160530e+02
2.174652402700556024e+02
2.173903954030976990e+02
2.173481086179507429e+02
2.172533210881652224e+02
2.172716925635425014e+02
2.172673364277204087e+02
2.171417121723590071e+02
2.170517796862589250e+02
2.170401881453534543e+02
2.171009978157267710e+02
2.169852958697378824e+02
2.170938269459888659e+02
2.169318754964257323e+02
2.167270130063542410e+02
2.166930463165210483e+02
2.166941310067513768e+02
2.167504120333598223e+02
2.167216652601270823e+02
2.168148716739475788e+02
2.167519509531374240e+02
2.166235789813343899e+02
2.167175151409849150e+02
2.166215523232724252e+02
2.165871922160444853e+02
2.165204490170770555e+02
2.165149870929309088e+02
2.164039589952343192e+02
2.163058764396346305e+02
2.160953819996028642e+02
2.161601792096902273e+02
2.161979919579030991e+02
2.162605490468625931e+02
2.163049617752184304e+02
2.164507433975377353e+02
2.166810452243844338e+02
2.168906622319300936e+02
2.173659216143764752e+02
2.176434806890389098e+02
2.175821311556791215e+02
2.176071497716441741e+02
2.178443295770452721e+02
2.181282466243050067e+02
2.182833796664019133e+02
2.182763018764892706e+02
2.184180264594916707e+02
2.184850935762509891e+02
2.184799084094519515e+02
2.187029289118347890e+02
2.188548798649721903e+02
2.188295931791104181e+02
2.189377767573471090e+02
2.188941657565528089e+02
2.187087792891183540e+02
2.185739239972200210e+02
2.184674084094519344e+02
2.183658012311358334e+02
2.183675151409849207e+02
2.184234697676727421e+02
2.186567352561556845e+02
2.187572813244638610e+02
2.187572440925337673e+02
2.187943208895949283e+02
2.188396383538522514e+02
2.188972498014296946e+02
2.188569189336775196e+02
2.189092819201747488e+02
2.188402601270849743e+02
2.187120519757744148e+02
2.187073619936457476e+02
2.189351953435266012e+02
2.188767747220015849e+02
2.186663199960285908e+02
2.186075940726767328e+02
2.185518752482128662e+02
2.184038671564733818e+02
2.183502246326449665e+02
2.184670373312152378e+02
2.184555512807783941e+02
2.184136169579030877e+02
2.185107277601270823e+02
2.188085521743447259e+02
2.187882483617950697e+02
2.188327777501985736e+02
2.187817265687053236e+02
2.188698818506751422e+02
2.189597013999205615e+02
2.188617652899126256e+02
2.190417568506751422e+02
2.192131118447180427e+02
2.191891022140587779e+02
2.191121177521842753e+02
2.191616982724384570e+02
2.191081264892771969e+02
2.190983009829229502e+02
2.189687959193804545e+02
2.189443581215250276e+02
2.189451821882446438e+02
2.188118447180301871e+02
2.187232612688641780e+02
2.186547284551231201e+02
2.186502792394757648e+02
2.184600873709293012e+02
2.184150503872120623e+02
2.183482476171564599e+02
2.182684868943605920e+02
2.181385213959491693e+02
2.180877010524225454e+02
2.180919479745830074e+02
2.180178402998411400e+02
2.178907739277204030e+02
2.178100699960286022e+02
2.176192476667990547e+02
2.175202231433677582e+02
2.174760313244638610e+02
2.173742441918189172e+02
2.173731979745830074e+02
2.172792754666402004e+02
2.169985231334392495e+02
2.169345214455917414e+02
2.169264843129467693e+02
2.168926094618745140e+02
2.168945269062748196e+02
2.169141431691818980e+02
2.168498001886417796e+02
2.166955172756155719e+02
2.166156448570293946e+02
2.164492714952343135e+02
2.163842794380460646e+02
2.164824786536934198e+02
2.166062611695790281e+02
2.166013329030976990e+02
2.167230589753772847e+02
2.166899548252581553e+02
2.164731681890389154e+02
2.161963487887211954e+02
2.160624913125496391e+02
2.157473602561556731e+02
2.155408359809372598e+02
2.155755411040508420e+02
2.155933603057982566e+02
2.154904338760921405e+02
2.154852760127085105e+02
2.156374391878474910e+02
2.160389222597299579e+02
2.164404723490865763e+02
2.164997306890389268e+02
2.162837730837966603e+02
2.163358357327243766e+02
2.162836713165210369e+02
2.162537020949166049e+02
2.160689560166798913e+02
2.160584553713264597e+02
2.159529959293089689e+02
2.157977623610007925e+02
2.156310874205718733e+02
2.155977400218427249e+02
2.156277886715647298e+02
2.155788944598888008e+02
2.155457530778395494e+02
2.155386517077045312e+02
2.155382433975377410e+02
2.157562301429706224e+02
2.160626613383637675e+02
2.161128164714058641e+02
2.161463165210484476e+02
2.160218402501985793e+02
2.160350637907069142e+02
2.159900987887212125e+02
2.158735913919777545e+02
2.159090858320095379e+02
2.159741461477362918e+02
2.160733742057188351e+02
2.161070417990468684e+02
2.162243360305798205e+02
2.162036487291501317e+02
2.161184571088165285e+02
2.159107873312152606e+02
2.158559856532962726e+02
2.157770018367752130e+02
2.156462135127084991e+02
2.155164714058776667e+02
2.154488048550436758e+02
2.154360454725973000e+02
2.155679569598887895e+02
2.156306890389197690e+02
2.157849111397934792e+02
2.157969482227958622e+02
2.158948917791898339e+02
2.159493620929308975e+02
2.161116424245432768e+02
2.161084715051628393e+02
2.160934260822081114e+02
2.160448222795869810e+02
2.161102784948371607e+02
2.162239041401906263e+02
2.162193419876886367e+02
2.162881465945194464e+02
2.160860665706910311e+02
2.159599893268467099e+02
2.159053043089753885e+02
2.158471443109610846e+02
2.156905070988880198e+02
2.156059285643367787e+02
2.155194462370929216e+02
2.153669690726767385e+02
2.151336601469420202e+02
2.149385549046862707e+02
2.148809868943606034e+02
2.149980800734710158e+02
2.150236981235107123e+02
2.151388676528991368e+02
2.152896296664019076e+02
2.155183243149324994e+02
2.156041190925337503e+02
2.155164602362986557e+02
2.154627705520254040e+02
2.155381081215250276e+02
2.155533545969022953e+02
2.155850935762509835e+02
2.156570045671167577e+02
2.156197130659253389e+02
2.156307883240667138e+02
2.154796974285146973e+02
2.153967980540111284e+02
2.152555165309769620e+02
2.151819139694201795e+02
2.152204626687847622e+02
2.151810886616362097e+02
2.152426888899920527e+02
2.154085310762509948e+02
2.152808876092136643e+02
2.152246227164416155e+02
2.151145142474185832e+02
2.151169752779984208e+02
2.150877221505162709e+02
2.151140302323272522e+02
2.150390277501985565e+02
2.150769410246227267e+02
2.150289341739475901e+02
2.149467037331215238e+02
2.148541960385226446e+02
2.147757446386020774e+02
2.147151161636219285e+02
2.144712147537728413e+02
2.141827516878474853e+02
2.139709752283558259e+02
2.136153916799046897e+02
2.133561184471803074e+02
2.131730465647339088e+02
2.130968799642573401e+02
2.130095363383637732e+02
2.133777923947577335e+02
2.136261976270849914e+02
2.137430934769658393e+02
2.137875955619539354e+02
2.134248150814138114e+02
2.135897488085782356e+02
2.138849322378871989e+02
2.141297197676727535e+02
2.142008315131056406e+02
2.144165694499602921e+02
2.146113073371723488e+02
2.145632285047656751e+02
2.144048264992057113e+02
2.144254318903892056e+02
2.145082208101667902e+02
2.144461899324861065e+02
2.142183714753772961e+02
2.140986447577442391e+02
2.140874193308181077e+02
2.141191099086576628e+02
2.140234623212867291e+02
2.141529760722795857e+02
2.141406051429705997e+02
2.141312313840349475e+02
2.141930785841938132e+02
2.142684372517871338e+02
2.141135462172358928e+02
2.139655455718824442e+02
2.139523332009531487e+02
2.139392846505162709e+02
2.137944338264495627e+02
2.138966404388403362e+02
2.140521631751389862e+02
2.142576586080222398e+02
2.143310055103256673e+02
2.144930314237490165e+02
2.143293896445591713e+02
2.142601208796664025e+02
2.140854857525814054e+02
2.139808665111199275e+02
2.139618459590945179e+02
2.140748411437648997e+02
2.142445802720413042e+02
2.142210894062748139e+02
2.141231942513900037e+02
2.140798004368546401e+02
2.141619452442414513e+02
2.140784154090547986e+02
2.140988271942017604e+02
2.140684310464654629e+02
2.140446001290706874e+02
2.141061531969817224e+02
2.139403494837172275e+02
2.136120395651310560e+02
2.135332654884829253e+02
2.135007769062748082e+02
2.134117280579825149e+02
2.132508215845909376e+02
2.131587197180301700e+02
2.131514222597299408e+02
2.132245892077045255e+02
2.132396904785544223e+02
2.133460881652104888e+02
2.133172495532168398e+02
2.134621090647339088e+02
2.136090064038919820e+02
2.136984945889595053e+02
2.138166128872120737e+02
2.138445852362986557e+02
2.139720574364575043e+02
2.140648964952343078e+02
2.141692526310563949e+02
2.141867913522636968e+02
2.141128636318506722e+02
2.139621760822080887e+02
2.140569623709293126e+02
2.139044901707704582e+02
2.138675213463066029e+02
2.137636181989674355e+02
2.137293511715647298e+02
2.135959255857823678e+02
2.135828422855440749e+02
2.134958138899920641e+02
2.135661474880857895e+02
2.135962482625099312e+02
2.135524957803812640e+02
2.136814560166799026e+02
2.136729770651310503e+02
2.135522339158061982e+02
2.136360392672756063e+02
2.137432039316918235e+02
2.137420882148530552e+02
2.137484697676727592e+02
2.137961154686258851e+02
2.138285109710087397e+02
2.137606669479745847e+02
2.136397785941223333e+02
2.134115034253375711e+02
2.132543238681493278e+02
2.132842471703733054e+02
2.131882632545671186e+02
2.133697490567911075e+02
2.135339877879269181e+02
2.135543784749801546e+02
2.134915744142176379e+02
2.135832282565528146e+02
2.136894646048451136e+02
2.135660444797458410e+02
2.134596803018268361e+02
2.135008712271644242e+02
2.136566669976171511e+02
2.135233568308181020e+02
2.135842570988880027e+02
2.135738929706116096e+02
2.134462308876092038e+02
2.133981694301032519e+02
2.134163262013502731e+02
2.132978467533756941e+02
2.133311618844320776e+02
2.132547396247021538e+02
2.131026062351072312e+02
2.128373523133439278e+02
2.126551528991262785e+02
2.127840833498808593e+02
2.128332580420969009e+02
2.128131006751389975e+02
2.127406796068308097e+02
2.128215647339158068e+02
2.129126104547259786e+02
2.131845102760127020e+02
2.133463165210484647e+02
2.133845015885623582e+02
2.133503263999205615e+02
2.134639719023034274e+02
2.134110132049245294e+02
2.134807275119142105e+02
2.134964890289912489e+02
2.136138713760921348e+02
2.136374453931691733e+02
2.137015860802223983e+02
2.136615232823669714e+02
2.136320070492454306e+02
2.134791228157267540e+02
2.132279450456711629e+02
2.131493285841937961e+02
2.128543263502780007e+02
2.126484399821286786e+02
2.127560191620333683e+02
2.128756726568705346e+02
2.129485727760126963e+02
2.129798165706910140e+02
2.130050896048451250e+02
2.130378437748212832e+02
2.131827082505957094e+02
2.133690267573471147e+02
2.133218650714853197e+02
2.133737341143764752e+02
2.133961800039714092e+02
2.133223143367752073e+02
2.131970363383637732e+02
2.131255386219221464e+02
2.132178365766481249e+02
2.133859015091342428e+02
2.133262683677521920e+02
2.131266965349483655e+02
2.133704626687847394e+02
2.134216540905480599e+02
2.134280728752978575e+02
2.135570753077839470e+02
2.135202206612390796e+02
2.136359101965846037e+02
2.137790458697378995e+02
2.138824414217633034e+02
2.138751514098490816e+02
2.140233754467831488e+02
2.140988358816520929e+02
2.140147699066719724e+02
2.140678452640984801e+02
2.141692724880857952e+02
2.141949066719618884e+02
2.142253288820492401e+02
2.142049220611596638e+02
2.143585881652104774e+02
2.144513875099285087e+02
2.144986509630659270e+02
2.145105465647339145e+02
2.144844320889594940e+02
2.143973292295472675e+02
2.143705582307386805e+02
2.144645738185067501e+02
2.144668400019857017e+02
2.145057237887212125e+02
2.146489562648927745e+02
2.147239711576648062e+02
2.147173736596505194e+02
2.146542729845115218e+02
2.144990083895949056e+02
2.145575419479745847e+02
2.146495904487688620e+02
2.147435874205718846e+02
2.148504604348689497e+02
2.148885747617156596e+02
2.148962780480540005e+02
2.149258066918189058e+02
2.148847498014297059e+02
2.147561519559174030e+02
2.146427434968228738e+02
2.146035060067513882e+02
2.147107587867355107e+02
2.147243831910246286e+02
2.148026260921366202e+02
2.146827616163621997e+02
2.146480391183478957e+02
2.147388031175536014e+02
2.149416650119142105e+02
2.150987030877680581e+02
2.150785717831612374e+02
2.149790198073868055e+02
2.150243112092931028e+02
2.151769273729150029e+02
2.152245916898332041e+02
2.153615692017474146e+02
2.153366771743447146e+02
2.152888378673550562e+02
2.151787678713264427e+02
2.152291339853057934e+02
2.150944375496425778e+02
2.150133215845909547e+02
2.149652452343129596e+02
2.150272798351866470e+02
2.151421726072279625e+02
2.150929991560762460e+02
2.152103864674344607e+02
2.153058751985703054e+02
2.154034154090548157e+02
2.154881490766481420e+02
2.156173264992057170e+02
2.156760437351072142e+02
2.158185576350277870e+02
2.160492094420174851e+02
2.163420063046068265e+02
2.162990059074662383e+02
2.162822403693407409e+02
2.163192799344718082e+02
2.163561097597299465e+02
2.163364599880857781e+02
2.162790036735504486e+02
2.161236497220016020e+02
2.160565391679904792e+02
2.157177583895949056e+02
2.155646383538522741e+02
2.154323284849086519e+02
2.153246264396346419e+02
2.152077914019062632e+02
2.151067240865766621e+02
2.152251104547259786e+02
2.153484896247021538e+02
2.153751538919777602e+02
2.152653755460682987e+02
2.151962184769658393e+02
2.150692489078633969e+02
2.152429147637013500e+02
2.153470102760126963e+02
2.153124044380460589e+02
2.152679383439237597e+02
2.153798202938840234e+02
2.154830222398729234e+02
2.154691558280381116e+02
2.153520539614773668e+02
2.154057982525814054e+02
2.154690999801429712e+02
2.153849260325655166e+02
2.151198669579030991e+02
2.151641779189833130e+02
2.150985566421763338e+02
2.150042891183478844e+02
2.149630684074662383e+02
2.149653060464654573e+02
2.150197502978554382e+02
2.150887361000794158e+02
2.151837246822875329e+02
2.152655927323272351e+02
2.152496165111199389e+02
2.152286077740270116e+02
2.152072391282763988e+02
2.152556927621128011e+02
2.152633712271644129e+02
2.152534253375694959e+02
2.153875074463860244e+02
2.155315950158856140e+02
2.155398456115965189e+02
2.155277737787926924e+02
2.155855850377283502e+02
2.155101692811755356e+02
2.153263391084193756e+02
2.151777514396346191e+02
2.149671899821286729e+02
2.149718936159650582e+02
2.150433131453534656e+02
2.148779624205718903e+02
2.148732798848292305e+02
2.149378834888800611e+02
2.150558106632247757e+02
2.152254281671961849e+02
2.151887472696584496e+02
2.152220611596505080e+02
2.152165446286735460e+02
2.152881242553613959e+02
2.153326201350278097e+02
2.154501315528196983e+02
2.154983121525019953e+02
2.155253983816521099e+02
2.155757012013502845e+02
2.153903767871326522e+02
2.154241486298649590e+02
2.153476394956314550e+02
2.152466702243844452e+02
2.149965895552025472e+02
2.150180860305798376e+02
2.150695182188244701e+02
2.149864140687053293e+02
2.149245631453534600e+02
2.149755448272438514e+02
2.149782714455917301e+02
2.148615729249404183e+02
2.148553787728355928e+02
2.147492553613979283e+02
2.147656051429705997e+02
2.148980378772835707e+02
2.151058913324066850e+02
2.151824017077045141e+02
2.151227847001588600e+02
2.150429122815726828e+02
2.152230316719618770e+02
2.151170807684670478e+02
2.151848788721207200e+02
2.152001278296266946e+02
2.152953124999999943e+02
2.153726246028594176e+02
2.151753723193010330e+02
2.150627966143764809e+02
2.148892263204924404e+02
2.149035109710087283e+02
2.149373287331215181e+02
2.151421775714853197e+02
2.153465684571088161e+02
2.153906262410643251e+02
2.153118298252581440e+02
2.153916128872120623e+02
2.152428018268467156e+02
2.151689733915806073e+02
2.152600290409054935e+02
2.153637373411437750e+02
2.153851146743447202e+02
2.155052422557585317e+02
2.155987179805401013e+02
2.156843700357426599e+02
2.155281411338363853e+02
2.153731011715647412e+02
2.153484101965845809e+02
2.152327467235901395e+02
2.150859697676727649e+02
2.150805140488483005e+02
2.150033670075456769e+02
2.148909811854646534e+02
2.147961204328832423e+02
2.147651707704527269e+02
2.149074600377283559e+02
2.149158545969023066e+02
2.149281572676727592e+02
2.149103393069896697e+02
2.149477698073868055e+02
2.149094854547259672e+02
2.149604187351072255e+02
2.149347671763304106e+02
2.149421601965845809e+02
2.149777725377283559e+02
2.149574935464654573e+02
2.148337867355043613e+02
2.147832344618745140e+02
2.147866871028594176e+02
2.148908583200953046e+02
2.148633985305798149e+02
2.148228628872120680e+02
2.147999404289118388e+02
2.147272885226370249e+02
2.147680649324861122e+02
2.147824600377283559e+02
2.148084938443208785e+02
2.148326573669579034e+02
2.147964480738681630e+02
2.148104981632247927e+02
2.149365977462271644e+02
2.148356247517871225e+02
2.147664813343923811e+02
2.149462321286735573e+02
2.150812735802223870e+02
2.154009618248610138e+02
2.155727536735504373e+02
2.156567389793486882e+02
2.158289738880063453e+02
2.156800325158856140e+02
2.155719941421763224e+02
2.156108270452740214e+02
2.157269410246227039e+02
2.156417990468625874e+02
2.157313257049245294e+02
2.157881664515488467e+02
2.157249739376489401e+02
2.155775106731532844e+02
2.155633352362986557e+02
2.156547296961874451e+02
2.157827032863383749e+02
