9.080608942141449802e+01
8.560874110409713467e+01
8.566146314985324750e+01
8.563351895782236056e+01
8.565983474729604552e+01
8.591861002774315637e+01
8.625491536327449182e+01
8.621743194885610251e+01
8.624393872381487824e+01
8.627446624582847789e+01
8.628293997024647410e+01
8.628042700333722337e+01
8.629347432753004910e+01
8.622412649270233942e+01
8.618500462385911476e+01
8.616171444654416689e+01
8.612527642636001701e+01
8.612892525431225010e+01
8.610590647742350257e+01
8.599909533191267030e+01
8.604965622612681386e+01
8.611826022274938452e+01
8.606441236781793691e+01
8.603233685818824483e+01
8.609629689196252400e+01
8.602217442000723224e+01
8.600531743797998274e+01
8.603602589361103981e+01
8.609765389409352565e+01
8.603378432712797519e+01
8.608672751397209311e+01
8.606614128905150096e+01
8.604757548952595414e+01
8.605970809376381681e+01
8.591068915604519418e+01
8.589259579429858604e+01
8.580262152707973655e+01
8.571993486389770567e+01
8.562242169595110397e+01
8.553442764665675213e+01
8.535624824092316487e+01
8.519252342085160024e+01
8.520685738410196564e+01
8.511647099031000607e+01
8.502812512564834435e+01
8.502027461702384414e+01
8.508157090587431526e+01
8.516428772465924624e+01
8.517352539101764819e+01
8.514101765107956510e+01
8.508027421494914222e+01
8.530172691086004022e+01
8.528157291624783909e+01
8.532175023119295076e+01
8.527104861083189746e+01
8.529916368461259424e+01
8.538798198705319464e+01
8.543626110731374013e+01
8.541607695709862469e+01
8.543852277753207147e+01
8.534568372803667557e+01
8.514476699770817447e+01
8.509674922600619595e+01
8.509181375899642319e+01
8.513263439347031181e+01
8.500308592336456570e+01
8.490473845040408207e+01
8.493388886655139913e+01
8.496502955249084721e+01
8.505859233645611539e+01
8.506273370592255390e+01
8.528393510514253251e+01
8.541047806682482246e+01
8.541940412528647641e+01
8.541527280768767127e+01
8.551305737606047330e+01
8.557635398657070880e+01
8.549663262434160060e+01
8.563746934180370829e+01
8.561119375980057100e+01
8.562945800329701740e+01
8.572386514414378667e+01
8.574827107876643595e+01
8.567019822282979646e+01
8.570578183426481189e+01
8.580693377829601332e+01
8.571488882634393747e+01
8.572553375417152211e+01
8.562631176872662309e+01
8.568114470668649574e+01
8.567887298460054524e+01
8.575540790478871145e+01
8.570956133649632136e+01
8.576850548831973242e+01
8.576210244863496257e+01
8.591026697760443653e+01
8.594680551646496269e+01
8.597182461501347461e+01
8.602517992843070260e+01
8.604469060351412679e+01
8.602616501145912764e+01
8.604751517832012553e+01
8.611225925777009138e+01
8.608702907000120774e+01
8.623599774838164933e+01
8.623344457400185092e+01
8.640448715371316268e+01
8.660463994210124383e+01
8.660301153954404185e+01
8.676090627638615160e+01
8.698212777934139694e+01
8.708757187085360840e+01
8.713063407181054743e+01
8.721244622250814871e+01
8.732975151783200829e+01
8.742877246592416896e+01
8.747975553857907016e+01
8.754776647501105913e+01
8.756488480559687559e+01
8.737642233927063273e+01
8.735394636323428585e+01
8.740338144827309463e+01
8.733233484781472100e+01
8.734731213059386334e+01
8.721930159623657630e+01
8.720067548550520087e+01
8.733796389369145174e+01
8.741402637610067927e+01
8.747302078726227137e+01
8.751187125567930991e+01
8.745430420972216723e+01
8.752423505287282524e+01
8.741150335732379517e+01
8.733702907000120774e+01
8.723355514454586057e+01
8.714025370913915935e+01
8.682536890354228376e+01
8.674110409714124614e+01
8.671187326605283374e+01
8.656804109203490327e+01
8.657690683929074282e+01
8.657954042861163657e+01
8.651891761489284249e+01
8.645906879498210174e+01
8.645115797515178713e+01
8.655122431747818723e+01
8.643618069237264478e+01
8.645593261227935500e+01
8.635424791926340049e+01
8.634310039805396286e+01
8.643643198906356417e+01
8.653617667162558291e+01
8.639722970527924417e+01
8.647488038277512601e+01
8.650231192955651238e+01
8.650363877608459973e+01
8.646766314181175517e+01
8.640439668690441977e+01
8.631995094688592474e+01
8.629550480479272778e+01
8.627885891198585000e+01
8.619774034015520670e+01
8.631111535523299949e+01
8.632776124803989148e+01
8.636512404004663779e+01
8.650004020747054767e+01
8.631927747175424770e+01
8.653185436854167278e+01
8.657681637248201412e+01
8.659199469261388060e+01
8.656572916247839089e+01
8.657839451570102085e+01
8.654367536488280166e+01
8.657453459852840183e+01
8.665089863696674399e+01
8.673092155522496682e+01
8.673244943910579252e+01
8.680165654778657824e+01
8.681067307305697511e+01
8.678500060311205289e+01
8.683019380000804688e+01
8.691271963330787287e+01
8.666028708133971747e+01
8.688674560733383601e+01
8.683871778376422412e+01
8.691804712315548898e+01
8.703839813437336659e+01
8.702677817538499028e+01
8.710985686140485029e+01
8.727261670218327083e+01
8.722666961521450446e+01
8.728600578987575886e+01
8.726614329942503900e+01
8.727767279160468661e+01
8.722015600498572496e+01
8.722671987455268550e+01
8.724085280045032675e+01
8.724398898315307349e+01
8.723151461541554852e+01
8.724052108881829781e+01
8.733023400747859455e+01
8.724607977162156658e+01
8.724991958505890466e+01
8.724836154557516466e+01
8.724216959511076652e+01
8.722386514414378667e+01
8.711454103172368946e+01
8.710977644646375495e+01
8.706571911061075753e+01
8.703838808250573322e+01
8.696643681396002989e+01
8.699053114068594539e+01
8.701951067508342419e+01
8.699354670097703490e+01
8.712802058622492041e+01
8.703913192071087224e+01
8.699610992722448088e+01
8.698559567367617262e+01
8.697917253025612183e+01
8.697742350528727684e+01
8.696995496763298661e+01
8.706030115395439850e+01
8.727415463793172989e+01
8.738606208033452560e+01
8.742857142857143060e+01
8.763712757830404598e+01
8.766802701942020803e+01
8.751596236580756738e+01
8.754961601865626619e+01
8.757930923565598391e+01
8.746662779944513488e+01
8.748878211571710040e+01
8.744804189618430712e+01
8.738499658236500522e+01
8.736224920590245802e+01
8.731473402758231828e+01
8.733587310522294445e+01
8.725240239636524109e+01
8.719897671987455112e+01
8.721703992601825917e+01
8.706390977443608392e+01
8.693688432310723613e+01
8.687385911302320096e+01
8.692051988259419204e+01
8.695938040287884974e+01
8.691553415624622403e+01
8.681559848819910030e+01
8.678106027099835273e+01
8.682578103011539383e+01
8.692210807768083214e+01
8.691515218527602826e+01
8.686495315829681374e+01
8.672464918981947335e+01
8.666875075389006611e+01
8.658122914237465295e+01
8.645786257086567161e+01
8.637599010896224172e+01
8.620788267460093834e+01
8.606417112299465089e+01
8.597312130593864765e+01
8.595745044429254733e+01
8.598058984359293788e+01
8.596898998833982830e+01
8.603546298902335820e+01
8.613058381247235218e+01
8.614673716376502455e+01
8.622782557999276776e+01
8.622673997828796644e+01
8.630090265771380587e+01
8.631990068754774370e+01
8.629804792730489282e+01
8.630740621607495200e+01
8.624455188774074088e+01
8.622306099473281904e+01
8.623182622331229652e+01
8.623459048691246664e+01
8.629410759519119267e+01
8.625629246914076020e+01
8.627099835149370222e+01
8.608889871738169575e+01
8.605788870572152405e+01
8.607865586425957360e+01
8.588156889550077722e+01
8.596692935547424952e+01
8.591716255880342601e+01
8.586628000482490108e+01
8.588690643721604090e+01
8.592090185356438781e+01
8.586257086566683938e+01
8.586664187205983012e+01
8.595445498773672455e+01
8.609599533593340936e+01
8.611550601101684776e+01
8.624331550802139645e+01
8.613597161352579690e+01
8.619740862852317775e+01
8.619087491455913153e+01
8.611302319971051134e+01
8.612780949700454869e+01
8.596690925173896858e+01
8.599245104740461443e+01
8.581863415222548497e+01
8.594991154356479512e+01
8.610321257689679442e+01
8.608220417353544462e+01
8.608992400788066846e+01
8.619109605564713661e+01
8.625294519721764175e+01
8.627854730408910200e+01
8.627883880825056906e+01
8.628615656789031618e+01
8.616802701942020803e+01
8.628673957621326451e+01
8.632891721281814057e+01
8.665748261026898547e+01
8.658462667363596665e+01
8.659569377990430894e+01
8.656743797997667400e+01
8.653659885006634056e+01
8.639902898958627020e+01
8.648556551807325832e+01
8.646926138876602863e+01
8.646096859796550405e+01
8.647846889952153049e+01
8.660564512886494981e+01
8.658331993084314604e+01
8.664229423826947141e+01
8.665790478870974312e+01
8.669861485263962209e+01
8.669303606610108659e+01
8.676630412930722969e+01
8.671278798600779680e+01
8.667045957138836343e+01
8.662333641590608124e+01
8.659433677777330729e+01
8.662146676852559324e+01
8.672926299706485054e+01
8.683853685014675250e+01
8.693964858670740625e+01
8.690762333641590942e+01
8.695947086968759265e+01
8.695018294399099545e+01
8.713858509911140970e+01
8.720532950022113994e+01
8.715480881347754405e+01
8.722789594306621552e+01
8.726670620401270639e+01
8.721733143017972623e+01
8.721768324554702190e+01
8.720861646093844399e+01
8.706200997145269582e+01
8.702347111093240528e+01
8.680543605001808771e+01
8.679567568654256604e+01
8.666301113746933993e+01
8.659514092718427491e+01
8.654110208676772231e+01
8.654561537533673743e+01
8.654868119496602219e+01
8.628864943106428598e+01
8.606260303164327752e+01
8.595459571388363429e+01
8.595602307908809792e+01
8.592890314020344533e+01
8.594476498733465064e+01
8.607040328092959669e+01
8.617701338908769060e+01
8.610681114551083226e+01
8.602420489726991093e+01
8.604528366370472270e+01
8.588267460094085948e+01
8.574092316352378873e+01
8.559420610349403091e+01
8.569048289172128818e+01
8.579418801013228801e+01
8.589767198745526855e+01
8.612895540991516441e+01
8.615371315990510936e+01
8.634001447468939716e+01
8.640862852317960119e+01
8.649414981303526417e+01
8.663611233967270664e+01
8.672806682481605378e+01
8.674980901451489501e+01
8.683934099955772012e+01
8.681936793856299062e+01
8.676176068513530026e+01
8.683296811547585037e+01
8.682130794901692639e+01
8.685033774275260043e+01
8.699050098508303108e+01
8.703794580032969463e+01
8.708735072976558911e+01
8.688903743315508166e+01
8.699350649350648723e+01
8.700461380724539140e+01
8.698337421092838895e+01
8.698866149330545738e+01
8.706231152748181046e+01
8.701534920188170474e+01
8.715992521410477423e+01
8.723118290378351958e+01
8.724715532145872032e+01
8.728925254312251525e+01
8.729800771983434515e+01
8.724565759318080893e+01
8.724311447066864389e+01
8.729095130875316499e+01
8.730284266816774164e+01
8.712234128101000863e+01
8.730903461863213977e+01
8.736865224558722787e+01
8.737102448634956886e+01
8.744188010132282329e+01
8.765669856459329878e+01
8.775698604800771818e+01
8.782152909010494568e+01
8.789476699770817447e+01
8.795408306863414793e+01
8.801875678501065181e+01
8.813738892686261295e+01
8.799920590245667995e+01
8.808904949539623885e+01
8.806454304209722750e+01
8.810347392545534717e+01
8.817839049495395898e+01
8.816108117888303752e+01
8.818756785010654653e+01
8.827666760484098063e+01
8.840871898998834411e+01
8.826062482409231791e+01
8.820586224920590723e+01
8.836635036789834885e+01
8.841493104418800897e+01
8.842511358610430250e+01
8.851624381810140108e+01
8.864629488158900017e+01
8.864231434200473814e+01
8.864024365727152599e+01
8.866527280768767127e+01
8.878935306179887732e+01
8.870483695870693452e+01
8.866431788026214633e+01
8.873863133770254308e+01
8.868519560934421975e+01
8.870950102529049275e+01
8.866149330545614760e+01
8.874377789393268756e+01
8.871562261268144312e+01
8.869203087933738061e+01
8.863061396807526648e+01
8.861810944473482721e+01
8.858609424631096374e+01
8.852949217964697937e+01
8.853627719030195919e+01
8.856576936994893856e+01
8.849120461581762243e+01
8.853846849744682856e+01
8.841684089903904464e+01
8.836516424751718546e+01
8.833693860319247904e+01
8.825280447107073201e+01
8.824743677375256823e+01
8.816944433275702409e+01
8.815112982992239665e+01
8.817939568171766496e+01
8.809293956817177218e+01
8.808245547022636401e+01
8.796815568332596058e+01
8.794944915765348981e+01
8.789687788991194850e+01
8.791159382413252388e+01
8.779209722166378072e+01
8.772568453218607942e+01
8.762593984962406068e+01
8.751831450283462743e+01
8.745923967673193999e+01
8.732320775200032870e+01
8.724950745848578038e+01
8.708233484781472100e+01
8.698443970889790933e+01
8.696993486389770567e+01
8.687805074182783471e+01
8.699649189819469086e+01
8.705558682803264503e+01
8.702498894294559761e+01
8.711660166458928245e+01
8.717782759036629159e+01
8.715435647943387210e+01
8.724353664910940154e+01
8.731137670379156646e+01
8.738974106388967300e+01
8.741201600257328153e+01
8.738909774436089606e+01
8.735784648787745255e+01
8.720269591090024619e+01
8.718117486228941004e+01
8.706406055245064124e+01
8.703034658839612803e+01
8.710732379076031862e+01
8.707653492018816621e+01
8.709645772184471468e+01
8.722169394073418403e+01
8.721684894053315418e+01
8.735561497326203551e+01
8.738538860520284857e+01
8.741325238229262595e+01
8.740408507900768598e+01
8.743096377306903833e+01
8.738661493305455963e+01
8.743837199951751415e+01
8.753400546821599448e+01
8.757064452575288271e+01
8.759490973422862226e+01
8.752036508383257285e+01
8.752532065457762656e+01
8.756234168308471055e+01
8.741612721643681994e+01
8.740463793172772000e+01
8.749718547706163463e+01
8.748112259257770518e+01
8.750152788388082570e+01
8.762051184110008251e+01
8.774737646254673962e+01
8.777903984560330741e+01
8.774039041453902144e+01
8.782528848860118842e+01
8.778829761569699031e+01
8.776253467894335358e+01
8.767651079570583761e+01
8.781174862289412886e+01
8.809460817819950762e+01
8.813335812794016988e+01
8.827776325841341531e+01
8.823902336054038642e+01
8.808598367576695409e+01
8.809286920509831020e+01
8.791618752764263434e+01
8.788083510916328578e+01
8.778231675445297810e+01
8.767777733102811055e+01
8.776653532226288235e+01
8.766628804631901062e+01
8.758597362389932073e+01
8.752914036427968369e+01
8.755216919303606460e+01
8.747577499899480813e+01
8.752762253226649136e+01
8.753432712798037585e+01
8.739425435245868812e+01
8.754373567608861606e+01
8.755795906879498602e+01
8.754023762615094029e+01
8.738492621929154325e+01
8.734115033573237952e+01
8.697671987455268550e+01
8.663813276506775196e+01
8.607020224357685834e+01
8.561891359414579483e+01
8.501755056089420748e+01
8.451730931607092145e+01
8.420455550641308662e+01
8.393088335812794298e+01
8.394636323428892410e+01
8.405108359133126328e+01
8.396583370190181483e+01
8.402202364199268914e+01
8.399038036267138807e+01
8.407195126854568912e+01
8.415113988179003002e+01
8.434455791886132658e+01
8.463224237063246846e+01
8.509523139399300362e+01
8.606104499215953751e+01
8.693189859675928233e+01
8.724514494793132258e+01
8.744182984198464226e+01
8.770136906437215885e+01
8.773556551807325832e+01
8.771274777853724913e+01
8.783446584375377597e+01
8.779620843552731912e+01
8.789225403079892374e+01
8.791293072252824459e+01
8.788586104298178725e+01
8.785693176792247527e+01
8.796811547585541291e+01
8.806353785533352152e+01
8.813453419645369991e+01
8.810701218286357062e+01
8.815965381367858811e+01
8.823656065296931672e+01
8.813713763017167935e+01
8.815415544208113374e+01
8.829103172369426034e+01
8.819732821358208241e+01
8.830617988822322673e+01
8.825022114108801929e+01
8.828463873587712385e+01
8.815614571187326476e+01
8.819220176108720466e+01
8.846809537212014618e+01
8.853706123597764588e+01
8.861937598005710015e+01
8.875181938804229276e+01
8.865136102287804931e+01
8.863126733947167679e+01
8.858889871738169575e+01
8.856148727433557610e+01
8.852065658799405412e+01
8.846448675163846076e+01
8.846233565196413906e+01
8.846998512323590091e+01
8.854631900607132877e+01
8.859339190221542992e+01
8.865322061839090395e+01
8.876244421213461067e+01
8.875451328856901512e+01
8.899165694986128017e+01
8.905039001246431951e+01
8.898011740581399920e+01
8.899731615134092522e+01
8.890888987173816815e+01
8.884750311607896833e+01
8.867298259016524753e+01
8.862914639540026940e+01
8.855873306260302513e+01
8.852401391178480594e+01
8.845764142977765232e+01
8.844358891882112061e+01
8.829217763660487606e+01
8.818115475855414331e+01
8.810227775320655041e+01
8.819684572393551036e+01
8.835163443367777347e+01
8.822479996783401646e+01
8.826624381810140108e+01
8.830983876804310739e+01
8.822171404446946497e+01
8.819266414699850998e+01
8.805483293795987265e+01
8.810785653974508591e+01
8.818298419846406944e+01
8.817251015238630885e+01
8.816208636564674350e+01
8.817073097181456376e+01
8.825155803948374000e+01
8.833963250371918718e+01
8.834376382131800653e+01
8.837791001568091076e+01
8.838065417554581416e+01
8.830445096698966267e+01
8.830449117446021035e+01
8.815748261026898547e+01
8.811963732861565290e+01
8.809295967190703891e+01
8.801717864179164508e+01
8.818512524627075777e+01
8.821141088014152842e+01
8.830530537573881134e+01
8.839467653089944577e+01
8.832494672510152611e+01
8.821513007116722349e+01
8.812937758835592206e+01
8.813966064894857766e+01
8.803021591411683744e+01
8.791156366852960957e+01
8.779011700373929727e+01
8.777839652607454468e+01
8.773856097462908110e+01
8.781874472276949462e+01
8.789299786900406275e+01
8.792574685376543187e+01
8.791820795303767966e+01
8.788668529612802160e+01
8.780677294841380842e+01
8.772690080817015712e+01
8.743419042258051377e+01
8.711311366651924004e+01
8.699918579872139901e+01
8.682898757589160255e+01
8.670189176148927857e+01
8.655739616420730442e+01
8.643988983153069228e+01
8.661070121828635138e+01
8.655463190060713430e+01
8.656843311487274661e+01
8.658011338506695154e+01
8.661032929918378898e+01
8.658066623778698556e+01
8.662210003618672260e+01
8.654811829037835480e+01
8.651654537413051571e+01
8.650754895259538557e+01
8.668165735193599630e+01
8.672123155482289292e+01
8.677816533311889202e+01
8.691126211250050915e+01
8.704190623617867573e+01
8.700171886936593069e+01
8.697825781030115877e+01
8.697002533070644859e+01
8.693125527723050538e+01
8.693293393912588840e+01
8.685505206867435390e+01
8.679705279240883442e+01
8.684226609304008093e+01
8.685416750432230515e+01
8.690788468497446217e+01
8.684425636283221195e+01
8.694413171967352127e+01
8.711880302360178518e+01
8.716176470588234793e+01
8.734824695428410735e+01
8.750218125527723600e+01
8.771492903381448514e+01
8.783654658035463569e+01
8.792883277712999757e+01
8.795277632584134153e+01
8.796556230147561450e+01
8.820919946926139232e+01
8.808537051184110567e+01
8.793202927103855870e+01
8.786005789875758865e+01
8.773271078766434528e+01
8.766087008966266581e+01
8.765013469502633825e+01
8.773552531060271065e+01
8.794675525712676745e+01
8.823870170077600505e+01
8.857819347834828250e+01
8.883359133126934637e+01
8.913096578344256216e+01
8.949834144183989793e+01
8.978765429616822757e+01
8.971445659603554645e+01
8.975427204374572909e+01
8.977988420248482271e+01
8.967049977885891110e+01
8.974395882755015919e+01
8.992338466487073845e+01
8.988570021309959657e+01
8.998535442885288660e+01
8.983322946403441733e+01
8.971809537212014618e+01
8.969517711390776071e+01
8.960030758714968613e+01
8.943793976920912314e+01
8.941764504844999806e+01
8.938001085601705142e+01
8.926941015640706212e+01
8.951423344457400333e+01
8.933276707812311201e+01
8.933818503477945683e+01
8.939228418640183804e+01
8.938672550359856928e+01
8.941511197780548059e+01
8.942642032889710890e+01
8.962685456957902375e+01
8.958210365485906834e+01
8.954443930682320740e+01
8.963689638534839332e+01
8.931795062522616035e+01
8.936774757749989817e+01
8.936675244260383977e+01
8.951724900486510705e+01
8.960394636323428585e+01
8.973338426279602231e+01
8.983006312572875629e+01
9.003889067588758621e+01
9.032210204656024644e+01
9.034859876965140302e+01
9.041349362711591198e+01
9.041883116883117566e+01
9.033877809497003852e+01
9.026660568533633011e+01
9.013957018213983474e+01
9.000301556029110372e+01
8.979657030276224816e+01
8.966783603393510305e+01
8.973555546620562495e+01
8.973337421092838895e+01
8.970619396083792196e+01
8.992053998632945877e+01
9.013699690402476961e+01
9.039762172811708751e+01
9.057815327087773483e+01
9.068844236259097613e+01
9.084429657030275962e+01
9.094499618029030330e+01
9.092938562985003159e+01
9.103998632946000669e+01
9.122266897189497570e+01
9.136247034699047731e+01
9.123199710506212057e+01
9.109917172610670377e+01
9.108251578143219263e+01
9.110940452736117834e+01
9.102613485585621333e+01
9.116016645892807446e+01
9.117294238269469986e+01
9.134236661171645721e+01
9.114875758916006987e+01
9.100422178440754806e+01
9.099800973020786898e+01
9.097232720839531339e+01
9.082132805275220733e+01
9.090705037996059446e+01
9.089749105383779693e+01
9.088381046198384183e+01
9.120124844196051583e+01
9.126739978287966437e+01
9.128830766756463788e+01
9.126087612078323730e+01
9.097341281010011471e+01
9.078831771943227125e+01
9.054135338345864170e+01
9.034229624864299524e+01
9.021541152346105719e+01
8.991209641751437687e+01
8.975248281130633643e+01
8.976492702344096131e+01
8.991448876201198459e+01
9.001231353785533429e+01
9.016886132443407575e+01
9.038387077318965623e+01
9.066715250693579264e+01
9.075568935708254514e+01
9.084878975513650801e+01
9.090239636524465539e+01
9.087971935185557015e+01
9.075419162880463375e+01
9.073266052832616424e+01
9.052509951348960726e+01
9.029675123637971978e+01
9.021628603594547258e+01
8.998713360942463169e+01
8.967631981022073262e+01
8.946695951107716382e+01
8.927686864219371898e+01
8.896170238430300969e+01
8.882532869607173609e+01
8.856735756503557866e+01
8.833742109283905108e+01
8.806283422459893018e+01
8.787622130191789438e+01
8.781183908970287177e+01
8.779873145430420323e+01
8.778738289574202724e+01
8.766150335732379517e+01
8.766592617908406737e+01
8.759874954766596034e+01
8.757108680792890709e+01
8.752816533311889202e+01
8.750323670137912302e+01
8.745144947931325419e+01
8.752255639097744222e+01
8.757884684974467859e+01
8.760853001487676295e+01
8.764098749547666500e+01
8.765248683205339830e+01
8.777212416066905121e+01
8.784019540830686879e+01
8.795265570342969852e+01
8.800356841301113775e+01
8.808887861364641481e+01
8.805258131960918888e+01
8.782859555305375920e+01
8.778137187889510074e+01
8.775477463712758208e+01
8.774282296650717683e+01
8.794824293353704547e+01
8.810094085481082971e+01
8.821104901290659939e+01
8.838050339753125684e+01
8.835849985927384864e+01
8.840761328454827606e+01
8.845707852518998493e+01
8.862907603232680742e+01
8.865937236138474020e+01
8.890345181134654240e+01
8.898169554903300593e+01
8.904561537533673743e+01
8.894396083792368302e+01
8.898859113023199541e+01
8.908886856177878144e+01
8.912275340758313291e+01
8.901914880784849515e+01
8.904143379839973704e+01
8.910317236942623254e+01
8.906687507538900661e+01
