2.527728948061926246e+02
2.509926074944540630e+02
2.511040604960587643e+02
2.511794454940358889e+02
2.513201121928707664e+02
2.522767939662307981e+02
2.523196865825096324e+02
2.522967172326418392e+02
2.518760409823186137e+02
2.518999543458653250e+02
2.519058844344145598e+02
2.519048686608491607e+02
2.519189855626531767e+02
2.518509472923634007e+02
2.518806088702643251e+02
2.519153047753729879e+02
2.518989212509480353e+02
2.518683911309729240e+02
2.518855021521779634e+02
2.519145364496919797e+02
2.518916005052885794e+02
2.518833592534992363e+02
2.518395300469779841e+02
2.518629918181356970e+02
2.519247065577401088e+02
2.518794891685874688e+02
2.519079803179952819e+02
2.519100860994913660e+02
2.518743038981702398e+02
2.518622630841161936e+02
2.519195212873228797e+02
2.519002921122275040e+02
2.519085333640168756e+02
2.519008847499106025e+02
2.519256740789680293e+02
2.518875720537308212e+02
2.518488934749230168e+02
2.519055813107561903e+02
2.519013870691159127e+02
2.519128340082474438e+02
2.519045036752197007e+02
2.518917601091740153e+02
2.518841696453205827e+02
2.518372584753993522e+02
2.518533685699120781e+02
2.518816865058007863e+02
2.518711142949405541e+02
2.518470165827199594e+02
2.518741603783973062e+02
2.518793926639125687e+02
2.518624437210717986e+02
2.518741170750175513e+02
2.518960681768411121e+02
2.519123836530978622e+02
2.518944399697618621e+02
2.518918133104691606e+02
2.518941987080745832e+02
2.519202104296808784e+02
2.518916363852318057e+02
2.518655331079083055e+02
2.519253882766615789e+02
2.518865834994327315e+02
2.518320336133206183e+02
2.519031823035170987e+02
2.519089676350539548e+02
2.519271699014291244e+02
2.519020724997556329e+02
2.519197687352072421e+02
2.518658782977070132e+02
2.518237577188274372e+02
2.518075684409917301e+02
2.518552813420583334e+02
2.518933610969859558e+02
2.519005766772945663e+02
2.519119320607088639e+02
2.518687709634754412e+02
2.518400645344082420e+02
2.518394100347540530e+02
2.518685420741824146e+02
2.518572584506545695e+02
2.518659958354521109e+02
2.518991464285228119e+02
2.519109397946924958e+02
2.519131136243567823e+02
2.518920323018468252e+02
2.518906602033279398e+02
2.518780886135618857e+02
2.518412114553523509e+02
2.518527598481164773e+02
2.518252597274856441e+02
2.518553320688746453e+02
2.518462519687572296e+02
2.518760644898676162e+02
2.518740292310185680e+02
2.518655120748381364e+02
2.518762896674424212e+02
2.518796599076277118e+02
2.518935998841944013e+02
2.518884405958050081e+02
2.518568155189415165e+02
2.519245147856297251e+02
2.518537780961607098e+02
2.518506515921415598e+02
2.518914025469810838e+02
2.519080768226701821e+02
2.518433531167916897e+02
2.518508037725904387e+02
2.519010678613450409e+02
2.518918912565527251e+02
2.518688538585167294e+02
2.518743286429586874e+02
2.518731507910290190e+02
2.518829955051091929e+02
2.518642451416700965e+02
2.518788767350736464e+02
2.518620205851894980e+02
2.518373797248627000e+02
2.518131261204749478e+02
2.518421480455947403e+02
2.518879667331064240e+02
2.519151352735721900e+02
2.518597774701175638e+02
2.518412040319158223e+02
2.518678046794869374e+02
2.518903434700359298e+02
2.519153418925556593e+02
2.519135949104919234e+02
2.518752033712299863e+02
2.518821244885561441e+02
2.518749930405282385e+02
2.518552627834670261e+02
2.518758257026591991e+02
2.518704734049200056e+02
2.518449169874209872e+02
2.518686608491669006e+02
2.518856976360066255e+02
2.518836425813268534e+02
2.519076017227321813e+02
2.518879939523737050e+02
2.518572200962324814e+02
2.518309349447139596e+02
2.518586825132291835e+02
2.518502235073015640e+02
2.518718826206215624e+02
2.518920285901285752e+02
2.518834891636385294e+02
2.518682067822990689e+02
2.518896728862692385e+02
2.518826243332825925e+02
2.518750833590060552e+02
2.518508507876884721e+02
2.518342804401108026e+02
2.518060639578546898e+02
2.518382866213589466e+02
2.518622779309892508e+02
2.518804665877307798e+02
2.518880582888236574e+02
2.519136827544908783e+02
2.518665563049102332e+02
2.518513382600207251e+02
2.518616692091936784e+02
2.518815862894076361e+02
2.518568600595607165e+02
2.518255678001017088e+02
2.518245730596064789e+02
2.518632974162729283e+02
2.519042574645747550e+02
2.519213981795259087e+02
2.518966830848337963e+02
2.518998665018663701e+02
2.518973388217274021e+02
2.519207659501813055e+02
2.518919258992565346e+02
2.518532436087304518e+02
2.518780712922099667e+02
2.518799358120188003e+02
2.518478591427662820e+02
2.518805037049134512e+02
2.519019759950807327e+02
2.518537743844424597e+02
2.519309867850457465e+02
2.519186057301506594e+02
2.519275014815942200e+02
2.518762203820348020e+02
2.518896407180442623e+02
2.519034396493168515e+02
2.518769961311523389e+02
2.518740440778916536e+02
2.518824869997067708e+02
2.518648971668454521e+02
2.518410939176072816e+02
2.518079829161980570e+02
2.518471130873948880e+02
2.518637601438167053e+02
2.518908284678892926e+02
2.518958764047307000e+02
2.518956512271559234e+02
2.518680360432588259e+02
2.518612448360719611e+02
2.518580329625326897e+02
2.518325470676807072e+02
2.518681721395952593e+02
2.518601288461134118e+02
2.518966113249473153e+02
2.518799197279062980e+02
2.518765853676642621e+02
2.518871724253975515e+02
2.518693351446518420e+02
2.519153418925556593e+02
2.519006781309271616e+02
2.518989917735950712e+02
2.518898535232248435e+02
2.518900960221515390e+02
2.518593431990804845e+02
2.518122551039219275e+02
2.518536147805570238e+02
2.518528266590452631e+02
2.518660836794510658e+02
2.518890171493756327e+02
2.518767672418592838e+02
2.518596846771609421e+02
2.518370073157967113e+02
2.518909806483381999e+02
2.518791328436339825e+02
2.518345835637691721e+02
2.518514793053147969e+02
2.518697483826187522e+02
2.518442847580763839e+02
2.518578028360001895e+02
2.518728884962715711e+02
2.518438715201094737e+02
2.518434817896915661e+02
2.518826651621835424e+02
2.518605705405870197e+02
2.518646385838062542e+02
2.518361783653840291e+02
2.518954173889051731e+02
2.518913048050667385e+02
2.518695454753535614e+02
2.518940415786680092e+02
2.519261095872445537e+02
2.518862482075493858e+02
2.518340329922264118e+02
2.518576642651849511e+02
2.518874470925492233e+02
2.519048637118914655e+02
2.518706132129746891e+02
2.518709781986041492e+02
2.518835609235249819e+02
2.518797378537112763e+02
2.518788903447072869e+02
2.518677700367831278e+02
2.518454564238089404e+02
2.518507357244222362e+02
2.518572485527391791e+02
2.519070561001471162e+02
2.518615294011389949e+02
2.518760657271070613e+02
2.518845395799077380e+02
2.519082500361892585e+02
2.518733462748576812e+02
2.518916475203866128e+02
2.518931124118621483e+02
2.518831662441494075e+02
2.518823583268068944e+02
2.518950189978113201e+02
2.518984127455456417e+02
2.518760743877830066e+02
2.518997910302616390e+02
2.518747789981082690e+02
2.518748618931495287e+02
2.518527041723424986e+02
2.518920718935083300e+02
2.518906354585394922e+02
2.518967251509741345e+02
2.519024053171601452e+02
2.518751278996252267e+02
2.518586614801590144e+02
2.518444542598771818e+02
2.518732101785212762e+02
2.519079728945587533e+02
2.518788866329890084e+02
2.519074656263957479e+02
2.518474520909964838e+02
2.518332881740944345e+02
2.518712813222625186e+02
2.518844195676838069e+02
2.518546899416146800e+02
2.518731668751415214e+02
2.518593617576718202e+02
2.518654452639093506e+02
2.518927919668518882e+02
2.518887635152941300e+02
2.518505575619454930e+02
2.518275461459373332e+02
2.518617298339253523e+02
2.518950944694160512e+02
2.518410258694390791e+02
2.518201499286731462e+02
2.518832454274724171e+02
2.519250740178484023e+02
2.518968488749163441e+02
2.518755300024373582e+02
2.518986045176560253e+02
2.518808043540929873e+02
2.518684232991979002e+02
2.518748247759668857e+02
2.518813870938606954e+02
2.518518121227193092e+02
2.518585711616811977e+02
2.518667505514994787e+02
2.518740626364829609e+02
2.518908841436632997e+02
2.518329714408024245e+02
2.518700465573194549e+02
2.518801696502695222e+02
2.518939487857113591e+02
2.518590932767172603e+02
2.518869757043294726e+02
2.519187851298668477e+02
2.519373412467166702e+02
2.519101294028711493e+02
2.518932757274658627e+02
2.518788458040880869e+02
2.518776951714256995e+02
2.519136753310543497e+02
2.519063137564939723e+02
2.518574477482861198e+02
2.518574873399476246e+02
2.518497100529414752e+02
2.518858894081170376e+02
2.518991748850295380e+02
2.518752664704404935e+02
2.518794000873490972e+02
2.518754334977624580e+02
2.518920681817900515e+02
2.519183075554499851e+02
2.518599086174963020e+02
2.518672541079441771e+02
2.519129713418232654e+02
2.519009626959941954e+02
2.518471539162958095e+02
2.518646262114120589e+02
2.518521313304901525e+02
2.518748037428966882e+02
2.519002822143121421e+02
2.519154111779632785e+02
2.518819104461361746e+02
2.518983892379966107e+02
2.518455356071319500e+02
2.518540416281576029e+02
2.518868433197113177e+02
2.518764901002287786e+02
2.518815788659710790e+02
2.518790301527619420e+02
2.519036314214272636e+02
2.518573920725121411e+02
2.518765420642844788e+02
2.518938436203605136e+02
2.518762970908789498e+02
2.519309372954688513e+02
2.518966670007213224e+02
2.518401932073081184e+02
2.518866305145307649e+02
2.519146255309303797e+02
2.519073419024535667e+02
2.518770134525042295e+02
2.519038058721857567e+02
2.519210604131637297e+02
2.519107517343003622e+02
2.518864659616876338e+02
2.518921523140707563e+02
2.518609157303857273e+02
2.517617980058174965e+02
2.518214910962065005e+02
2.518724220570095156e+02
2.518652596779960788e+02
2.518675201144199036e+02
2.518699921187848929e+02
2.518699686112358620e+02
2.518651730712365406e+02
2.518514520860475159e+02
2.518670561496366815e+02
2.518578114966761632e+02
2.518642995802046585e+02
2.518774761800480348e+02
2.518992342725217668e+02
2.518971445751381566e+02
2.518536593211762238e+02
2.518644406254987587e+02
2.518856419602326469e+02
2.518632912300758164e+02
2.518763985445115452e+02
2.518930146699478314e+02
2.518780552080974928e+02
2.518745364991815734e+02
2.518498486237567420e+02
2.518631501847817162e+02
2.518872788279878421e+02
2.518220317698338704e+02
2.518621925614691577e+02
2.518600385276355951e+02
2.518506676762540337e+02
2.518250976491213748e+02
2.518828977631948476e+02
2.518964220273157650e+02
2.518676116701371370e+02
2.518800842807494291e+02
2.518851445899850319e+02
2.518543670221255582e+02
2.518821962484426251e+02
2.518825612340720852e+02
2.519146181074938227e+02
2.519163292096143323e+02
2.518950288957267105e+02
2.518596846771609421e+02
2.518670499634395696e+02
2.518664362926863021e+02
2.518349337025255750e+02
2.518096024626013332e+02
2.519075373862822289e+02
2.518543274304640534e+02
2.518582049388123210e+02
2.519284120898087451e+02
2.519150833095164614e+02
2.519008884616288810e+02
2.518989620798489568e+02
2.518768093079996220e+02
2.519026589512416194e+02
2.518672541079441771e+02
2.518781430520964477e+02
2.518573178381468267e+02
2.518841399515744399e+02
2.518921832450562874e+02
2.518604220718563909e+02
2.518831575834734622e+02
2.519101318773499827e+02
2.518985377067272395e+02
2.519001931330737705e+02
2.518947876340394316e+02
2.518883972924252532e+02
2.518952058209640370e+02
2.518837254763681130e+02
2.518628817038271563e+02
2.518705958916227701e+02
2.518813252318896048e+02
2.518702457528663672e+02
2.518706070267775772e+02
2.518911996397158930e+02
2.518450233900112778e+02
2.518486150960530949e+02
2.518560397698239797e+02
2.519076697709003838e+02
2.518982543788996225e+02
2.518886991788442060e+02
2.519064201590842345e+02
2.519280235966302541e+02
2.518901207669399867e+02
2.518896555649173479e+02
2.518768550858582387e+02
2.518629782085020565e+02
2.518487982074875333e+02
2.518830041657851382e+02
2.518850406618736031e+02
2.518830375712495311e+02
2.518747369319679024e+02
2.518607227210359270e+02
2.518591044118720674e+02
2.518953530524552491e+02
2.518913184147003790e+02
2.518645581632438564e+02
2.518147469041176691e+02
2.518409318392430123e+02
2.518552788675795000e+02
2.518678059167263541e+02
2.518888525965325016e+02
2.518521672104333788e+02
2.518811656280041689e+02
2.518815330881124908e+02
2.518810233454706520e+02
2.519283304320069021e+02
2.519010171345287574e+02
2.518925284348550235e+02
2.518672244141980627e+02
2.518785253590777984e+02
2.518945401861550408e+02
2.519259536950773963e+02
2.518972571639255591e+02
2.518883552262849150e+02
2.519198726633186993e+02
2.518940465276257044e+02
2.518805247379836203e+02
2.519095454258639961e+02
2.518847449616517622e+02
2.518545983858974466e+02
2.518811990334685618e+02
2.518777842526640995e+02
2.518573128891891315e+02
2.518819191068121199e+02
2.518989670288066520e+02
2.519022791187391022e+02
2.518922277856754874e+02
2.518665426952765927e+02
2.519082290031190894e+02
2.518968476376768990e+02
2.518943941919032454e+02
2.518802463591136984e+02
2.518852460436176273e+02
2.518926707173885404e+02
2.518826998048873520e+02
2.518852868725185488e+02
2.518978188706230981e+02
2.518780712922099667e+02
2.518554458949014645e+02
2.518855998940923087e+02
2.518982494299419272e+02
2.518794248321375449e+02
2.518847808415949885e+02
2.518895405016510836e+02
2.518607375679089841e+02
2.518538374836529670e+02
2.518921708726620921e+02
2.518938040286990088e+02
2.518858782729622305e+02
2.519048538139761035e+02
2.518791625373800969e+02
2.518700490317982883e+02
2.518937594880798088e+02
2.519194878818584868e+02
2.519022828304573807e+02
2.518706391950025534e+02
2.518918368180181631e+02
2.518871526295667991e+02
2.518768229176332625e+02
2.518373042532579689e+02
2.518751415092588672e+02
2.518930196189055266e+02
2.518585377562168048e+02
2.518460639083650960e+02
2.518563552658765730e+02
2.519404974444819629e+02
2.518783397731645266e+02
2.518511662837410654e+02
2.518741071771021609e+02
2.518827109400421307e+02
2.518530703952113754e+02
2.519006546233781307e+02
2.519048637118914655e+02
2.519014056277072484e+02
2.518829410665746025e+02
2.518796549586700166e+02
2.519061108492287531e+02
2.518912256217437289e+02
2.518981306549574413e+02
2.518711081087434422e+02
2.518742878140577659e+02
2.518980378620007912e+02
2.519051235321700801e+02
2.518931866462274627e+02
2.518754260743259294e+02
2.519146911046197204e+02
2.519049973337490371e+02
2.518967870129452251e+02
2.518740391289339584e+02
2.519038046349463116e+02
2.519066589462926800e+02
2.518533896029822472e+02
2.518786156775556151e+02
2.518872392363263373e+02
2.518852670766878248e+02
2.518868000163315628e+02
2.518906082392722112e+02
2.518751390347800339e+02
2.518595411573879801e+02
2.518680756349203307e+02
2.518999852768508845e+02
2.519067257572214658e+02
2.518646497189610614e+02
2.518672936996056819e+02
2.518638875794771650e+02
2.518927461889932715e+02
2.518861529401139023e+02
2.518722562669269678e+02
2.518716017672727787e+02
2.518727387903015256e+02
2.518767858004505911e+02
2.518943434650869619e+02
2.519093994316122007e+02
2.518549089329923447e+02
2.518800558242427030e+02
2.518881399466255004e+02
2.518693005019480324e+02
2.518974056326561879e+02
2.518772992548107084e+02
2.518693339074124253e+02
2.518525519918936197e+02
2.518591353428575985e+02
2.518558789286991271e+02
2.518756017623238392e+02
2.518939327015988852e+02
2.519318578015987669e+02
2.519129874259357678e+02
2.519186861507130857e+02
2.519149781441656160e+02
2.518959246570681501e+02
2.518783323497279980e+02
2.518752565725251316e+02
2.518873765699021590e+02
2.518917601091740153e+02
2.518808105402900708e+02
2.519065277989139418e+02
2.518876203060682997e+02
2.518841844921936399e+02
2.518887152629566799e+02
2.518961399367275646e+02
2.518950709618670487e+02
2.518780020068023475e+02
2.519182382700423375e+02
2.519132620930874111e+02
2.519102543640527472e+02
2.519021850885430354e+02
2.518932905743389199e+02
2.518907492845663114e+02
2.518410060736083267e+02
2.518864721478847457e+02
2.518839543656611681e+02
2.519109917587482244e+02
2.518701876026135551e+02
2.518800917041859577e+02
2.518972893321505353e+02
2.518921956174505112e+02
2.518971940647150518e+02
2.519019265055038659e+02
2.519033802618245943e+02
2.519128451434022224e+02
2.518968352652827036e+02
2.518930010603141909e+02
2.519073431396929834e+02
2.518988482538221376e+02
2.518962228317688528e+02
2.518907653686787853e+02
2.518812163548204808e+02
2.518909398194372784e+02
2.518873580113108517e+02
2.518883836827916127e+02
2.518345377859105554e+02
2.518501344260631924e+02
2.518928278467951145e+02
2.519050777543114634e+02
2.518984164572638917e+02
2.519009478491211382e+02
2.519011730266959148e+02
2.519138002922359476e+02
2.518893549157378118e+02
2.518729120038206020e+02
2.519028037082539981e+02
2.518388755473237950e+02
2.518951402472746679e+02
2.518737916810495676e+02
2.518377224401825742e+02
2.519299734859591808e+02
2.518966966944674368e+02
2.518816357789845028e+02
2.518880323067957931e+02
2.518829732347995787e+02
2.519283712609078236e+02
2.519076747198580506e+02
2.518737644617822866e+02
2.518750784100483600e+02
2.519095206810755485e+02
2.519074594401986644e+02
2.518678133401628827e+02
2.518935590552934798e+02
2.518907814527912876e+02
2.518631464730634377e+02
2.518663150432229543e+02
2.519022382898381807e+02
2.518560707008095392e+02
2.518790932519724777e+02
2.519036561662156828e+02
2.519152763188662902e+02
2.518857322787104636e+02
2.518687969455033056e+02
2.518647585960301853e+02
2.518764220520605477e+02
2.519001807606795467e+02
2.518701727557404695e+02
2.519001164242295943e+02
2.518735380469680933e+02
2.518396067558221318e+02
2.518448266689431989e+02
2.518817434188142101e+02
2.518742024445376444e+02
2.518957143263664307e+02
2.519116041922620468e+02
2.519129812397386559e+02
2.519162933296711060e+02
2.519398070648845476e+02
2.519478614935212022e+02
2.519237464599487168e+02
2.519302926937300526e+02
2.519261046382868585e+02
2.518894811141588548e+02
2.518487313965587475e+02
2.518221975599164182e+02
2.518489652348094978e+02
2.519032515889247179e+02
2.518650097556328546e+02
2.518813908055789739e+02
2.518849639530294553e+02
2.518760620153887828e+02
2.518458832714094910e+02
2.518562909294266206e+02
2.518622395765671911e+02
2.518749918032888218e+02
2.518833419321473173e+02
2.518803366775914867e+02
2.518574452738072580e+02
2.518644084572737825e+02
2.518736506357554674e+02
2.519259957612177345e+02
2.519005816262522330e+02
2.519225512866671295e+02
2.518788606509611441e+02
2.518593481480381797e+02
2.518705092848632319e+02
2.518787740442016059e+02
2.518814402951558407e+02
2.518712862712202138e+02
2.518873122334522350e+02
2.518903546051907085e+02
2.518799024065544074e+02
2.518832689350214196e+02
2.519050047571855657e+02
2.518716920857505954e+02
2.518636475550293028e+02
2.518926311257270356e+02
2.519086014121850781e+02
2.518728464301312329e+02
2.518768241548726792e+02
2.518699314940532190e+02
2.519021751906276734e+02
2.518547295332761848e+02
2.518456457214404907e+02
2.518927437145144381e+02
2.518904090437252705e+02
2.518649219116338998e+02
2.518804542153365844e+02
2.519028408254366411e+02
2.519192095029885650e+02
2.518855937078951968e+02
2.518969342444364372e+02
2.518844740062183689e+02
2.518923861523215066e+02
2.518878219760940738e+02
2.518952491243437919e+02
2.519148705043359087e+02
2.518993703688582002e+02
2.518821851132878180e+02
2.518820737617398606e+02
2.518413982785050678e+02
2.518846484569768620e+02
2.518721201705905628e+02
2.518781232562656953e+02
2.518783422476433600e+02
2.518804653504913631e+02
2.518783150283760790e+02
2.518841300536590779e+02
2.519018782531664158e+02
2.518832998660069791e+02
2.518946799942097243e+02
2.518851569623792557e+02
2.518838788940564370e+02
2.519068668025155660e+02
2.519348395486055665e+02
2.518948074298701840e+02
2.518974006836984927e+02
2.518865302981375862e+02
2.519082401382738681e+02
2.518397873927777368e+02
2.519249799876523639e+02
2.519032020993478511e+02
2.518740626364829609e+02
2.518515176597368850e+02
2.518709150993936419e+02
2.519171519738299025e+02
2.518520249278998620e+02
2.518724517507556300e+02
2.519184065346037187e+02
2.519040483711124523e+02
2.519067195710243539e+02
2.519049329972991131e+02
2.518802030557339151e+02
2.519073010735526452e+02
2.518745748536036331e+02
2.518670140834963433e+02
2.518913926490656934e+02
2.518738609664572152e+02
2.519069162920924327e+02
2.519175516021632006e+02
2.519048179340328772e+02
2.518805531944903180e+02
2.519175528394026173e+02
2.519034507844716586e+02
2.518619228432751811e+02
2.518616753953907903e+02
2.518759321052494897e+02
2.518766101124526813e+02
2.518507283009857076e+02
2.518739240656677225e+02
2.519119741268492021e+02
2.518812831657492666e+02
2.519000075471604703e+02
2.519000731208498394e+02
2.518704449484133079e+02
2.518689355163185724e+02
2.518501888645977544e+02
2.518638393271397149e+02
2.518553407295505906e+02
2.518599556325943354e+02
2.519076598729849934e+02
2.519107727673705313e+02
2.518909323960007498e+02
2.518460069953517007e+02
2.518671378074385245e+02
2.518740849067925751e+02
2.518844096697684165e+02
2.518711786313905066e+02
2.519023583020621118e+02
2.518947616520115673e+02
2.518811223246244140e+02
2.518506565410992266e+02
2.518715436170199666e+02
2.518853771909963655e+02
2.518821863505272631e+02
2.518928736246537312e+02
2.518665513559525380e+02
2.518841015971523802e+02
2.518769330319418032e+02
2.518217484420062533e+02
2.519222048596290051e+02
2.519113097292796510e+02
2.519041226054777667e+02
2.519073753079179596e+02
2.519025847168763050e+02
2.518870214821880893e+02
2.518681511065250902e+02
2.518581999898546258e+02
2.518453413605427045e+02
2.518611334845240037e+02
2.518676116701371370e+02
2.518763032770760617e+02
2.518765470132421740e+02
2.518984585234042299e+02
2.519142271398364983e+02
2.519009688821913073e+02
2.519094872756111556e+02
2.519177310018793605e+02
2.518606781804167269e+02
2.518531582392103303e+02
2.518502804203149879e+02
2.518437477961672926e+02
2.518515708610320303e+02
2.518599061430174402e+02
2.518768996264774103e+02
2.518824226632568468e+02
2.518626218835485417e+02
2.519016258563243298e+02
2.519374241417579299e+02
2.518673184443941295e+02
2.518524480637821625e+02
2.518740663482012394e+02
2.518668396327378503e+02
2.518457447005942527e+02
2.518657063214273819e+02
2.518827703275343879e+02
2.518957526807885188e+02
2.519005036801686686e+02
2.519126162541091674e+02
2.518753357558481127e+02
2.518924888431935187e+02
2.519045952309369341e+02
2.518555411623369480e+02
2.518930554988487529e+02
2.518506392197473360e+02
2.518895132823838026e+02
2.518841820177148065e+02
2.518984931661080395e+02
2.518878937359805263e+02
2.518655467175419460e+02
2.518743608111836636e+02
2.518890950954591972e+02
2.518756042368026726e+02
