2.192268862808892891e+02
2.191491110852893200e+02
2.191062727554419496e+02
2.192979026260748299e+02
2.194826380819583278e+02
2.208702165156092576e+02
2.214352777132233427e+02
2.215274227283290713e+02
2.215303567278642731e+02
2.216200906344410839e+02
2.214789778449143967e+02
2.214550507397939327e+02
2.214967561391277400e+02
2.214580622046634062e+02
2.213515957858858201e+02
2.214970369509644570e+02
2.212557033852351083e+02
2.212573785730885447e+02
2.212692598187311148e+02
2.210601034162212386e+02
2.211123731505151397e+02
2.211071732899527547e+02
2.208902316213494430e+02
2.210291560151832186e+02
2.209423851576419509e+02
2.207358625764970270e+02
2.206797486249903102e+02
2.206989212952204014e+02
2.205174877992098459e+02
2.205204024324114869e+02
2.205251762336354489e+02
2.204577717096599372e+02
2.205179816407157887e+02
2.204426950189790091e+02
2.204684909752885460e+02
2.205235591447827233e+02
2.206483654814470583e+02
2.204919048725695347e+02
2.204809822604384522e+02
2.205219420559299692e+02
2.204137810829653858e+02
2.204080099155627863e+02
2.204226411805717021e+02
2.202463107134557276e+02
2.201715663490587929e+02
2.201221628321326307e+02
2.200142826710047359e+02
2.198714365946239013e+02
2.199303392981640854e+02
2.197581919590982977e+02
2.197902916569834986e+02
2.198004105662715801e+02
2.195870323030443956e+02
2.196759721899449858e+02
2.196078898442946752e+02
2.195717522658610221e+02
2.199276473777984222e+02
2.200347238360833444e+02
2.200203830660779261e+02
2.199141877759702481e+02
2.202301495080951383e+02
2.201360484932992563e+02
2.199945871097683892e+02
2.201530811836703094e+02
2.202291327755829400e+02
2.201675962506778319e+02
2.202476373073049842e+02
2.202052831357967193e+02
2.202451390502750144e+02
2.201745003485939947e+02
2.201646235184754801e+02
2.199691300642962233e+02
2.199019579363234982e+02
2.198638159423657896e+02
2.199459195135177083e+02
2.198192540088310523e+02
2.198352990161902483e+02
2.197542315438841172e+02
2.197370632891780815e+02
2.197498934851653871e+02
2.196634518552947668e+02
2.197846560539158816e+02
2.196939054148268724e+02
2.196240123169881429e+02
2.198857967309628805e+02
2.198034220311410536e+02
2.198270199085908985e+02
2.197612905724688233e+02
2.198016984274537151e+02
2.197824579750561611e+02
2.197640115423347993e+02
2.197424664962429404e+02
2.196427298783794129e+02
2.196452571849097524e+02
2.196390309086683601e+02
2.194595534123479865e+02
2.194692753117979578e+02
2.193933980168874314e+02
2.192305174684328790e+02
2.192611937408009908e+02
2.191203423967774313e+02
2.189726256875048307e+02
2.188678441397474614e+02
2.187872608257804643e+02
2.187063870168099697e+02
2.187165446587652013e+02
2.186426427298783892e+02
2.185373189247811467e+02
2.188942501355643344e+02
2.187209601828182031e+02
2.187437834069253881e+02
2.186514447284839946e+02
2.185696800681695038e+02
2.185173328685413310e+02
2.185168680765357578e+02
2.185001258811681737e+02
2.183388527383995665e+02
2.182602835231234053e+02
2.182431636842513001e+02
2.180598129212177412e+02
2.185385002711286688e+02
2.184613932140367183e+02
2.184659636687582349e+02
2.185919707181036529e+02
2.185323514602215482e+02
2.184208885273839940e+02
2.182859342319312077e+02
2.182242040436904347e+02
2.181406576806878945e+02
2.179719188163296906e+02
2.181541850646835599e+02
2.181171179022387605e+02
2.178502014098690722e+02
2.179538984429467803e+02
2.177973797350685459e+02
2.176692230226973379e+02
2.177331222402974618e+02
2.177458749709504957e+02
2.175586218917034671e+02
2.177009353939112373e+02
2.176621058951119494e+02
2.176491885506235917e+02
2.176292993260515800e+02
2.175828685413277697e+02
2.175247211247966561e+02
2.176145131303741493e+02
2.175068459989154803e+02
2.174474300875358210e+02
2.175229491052753872e+02
2.175315574405453560e+02
2.175893853125726309e+02
2.177368018436749537e+02
2.176215140599581730e+02
2.175678886823146740e+02
2.175779010767681427e+02
2.176122763188473073e+02
2.176101460221550781e+02
2.175897920055774932e+02
2.175992234100240239e+02
2.176582907273994749e+02
2.176798357734913623e+02
2.177557808505693799e+02
2.176251549306685149e+02
2.176233925943140548e+02
2.176842028817104335e+02
2.176659791618250779e+02
2.175860639863660992e+02
2.176523936788287301e+02
2.177362402200015481e+02
2.177724358974358836e+02
2.177639824928344581e+02
2.179018223719885441e+02
2.179455515531799392e+02
2.180548357734913623e+02
2.181957161670152630e+02
2.182649314431791652e+02
2.184582171353319495e+02
2.185603745448911752e+02
2.186474649469362532e+02
2.187371504376791336e+02
2.188172980091408988e+02
2.187870284297776777e+02
2.188819137810829716e+02
2.189399740491130331e+02
2.191473100162677099e+02
2.191638875977999703e+02
2.193005170811061930e+02
2.194211790223874914e+02
2.195251762336354489e+02
2.196568479355488535e+02
2.197690855217290391e+02
2.200066329692462546e+02
2.200831299868308975e+02
2.202486637229839630e+02
2.203483712913471209e+02
2.204255848632736843e+02
2.204960686342861607e+02
2.206826632581919512e+02
2.206681094585173071e+02
2.206607212022619819e+02
2.205530153381361913e+02
2.204755403207064717e+02
2.206285537222093183e+02
2.205870419862111760e+02
2.204997966534975546e+02
2.206772600511271207e+02
2.206078123789604035e+02
2.205028468510341497e+02
2.205394782709737456e+02
2.205462952203888847e+02
2.205235010457820124e+02
2.205783077697730334e+02
2.205684696723216405e+02
2.204885448136958814e+02
2.204930765357502480e+02
2.205321384305523225e+02
2.205207607095824756e+02
2.203939402742272762e+02
2.204530947401038077e+02
2.204763827562165943e+02
2.205601034162212386e+02
2.206378108296537164e+02
2.206424684328762851e+02
2.206900902471144263e+02
2.207796595398559134e+02
2.206965973351925072e+02
2.206941765434967806e+02
2.207242137268572435e+02
2.205407273994887305e+02
2.204054148268649840e+02
2.204675129754434977e+02
2.204648791540785453e+02
2.203327426601595675e+02
2.202643214036718575e+02
2.201296866527229099e+02
2.201527132233325688e+02
2.202083236501665624e+02
2.202356785963281425e+02
2.203258288790766244e+02
2.203427163219459430e+02
2.202952591215430971e+02
2.203969323727631888e+02
2.203156421876210516e+02
2.203559047951041805e+02
2.203333817491672448e+02
2.202788364706793800e+02
2.203015725462855414e+02
2.202560810287396293e+02
2.202409559222247992e+02
2.202301204585947687e+02
2.202910566271593495e+02
2.201694166860330029e+02
2.201166434270663785e+02
2.201964133550236227e+02
2.200312669455418586e+02
2.200149120768456044e+02
2.200393523898055719e+02
2.199420462468045514e+02
2.199998547524982655e+02
2.200545065458207432e+02
2.199073127275544266e+02
2.199379696335889776e+02
2.199973855449686369e+02
2.198181985436517039e+02
2.197896816174761909e+02
2.198166782864668107e+02
2.197975540320706500e+02
2.198260709582461914e+02
2.198078569215276161e+02
2.198008075761096904e+02
2.197688047098923221e+02
2.198355895111937457e+02
2.198146254551088248e+02
2.198044484468200608e+02
2.197732202339452954e+02
2.197456619412812699e+02
2.196841641490433119e+02
2.197037144627778957e+02
2.196835541095359758e+02
2.196784026648074928e+02
2.197515105740181127e+02
2.195852215508560050e+02
2.195871775505461301e+02
2.197122066000464713e+02
2.195547292586567494e+02
2.194941223177627876e+02
2.196450925710744571e+02
2.195973836083352637e+02
2.195136823146641802e+02
2.195447943295375239e+02
2.195504492989387302e+02
2.196905066232860690e+02
2.196991536912231879e+02
2.197956173987140858e+02
2.198511600433805881e+02
2.199370981485785137e+02
2.198501142613680486e+02
2.198697904562708061e+02
2.198627120613525392e+02
2.198528158649004638e+02
2.197419823379037780e+02
2.195743183050584832e+02
2.195779398094352644e+02
2.195927937872801863e+02
2.196104849329924775e+02
2.196133221008598753e+02
2.196604888062591954e+02
2.196777829421334047e+02
2.196620187466108973e+02
2.196093520024788859e+02
2.196259005345108051e+02
2.196228987528081120e+02
2.196661728251607428e+02
2.196550371833604345e+02
2.195850569370206813e+02
2.197088949570067484e+02
2.197665291656983584e+02
2.196692520721976791e+02
2.196969362460299067e+02
2.198780405143698147e+02
2.196394472848400312e+02
2.198239697110543034e+02
2.198322197691533120e+02
2.195559493376713931e+02
2.196781605856379258e+02
2.196608083507630340e+02
2.194551378882949848e+02
2.194614125803702791e+02
2.194457258501820434e+02
2.193004783484390714e+02
2.193653846153846132e+02
2.193341273530095350e+02
2.192647958788442111e+02
2.193143349601053558e+02
2.193431617476179269e+02
2.193477225191726632e+02
2.193535227360756039e+02
2.193322391354868728e+02
2.193125919900844281e+02
2.193247734138972760e+02
2.194003698969711138e+02
2.194776996668990705e+02
2.193152354946161608e+02
2.193093287628786072e+02
2.193290049577813932e+02
2.190487353784181437e+02
2.191379560771554793e+02
2.190801766209621064e+02
2.189880897048570887e+02
2.190527248431326939e+02
2.190339588659074934e+02
2.189809047951041805e+02
2.189595437291811777e+02
2.188968355410953563e+02
2.188818556820822607e+02
2.188151483461151088e+02
2.188135506235959440e+02
2.189156402509876784e+02
2.189879831900224758e+02
2.190587187233712996e+02
2.190496455960957576e+02
2.190031373460376471e+02
2.190523859322952944e+02
2.188850995429545208e+02
2.190281392826709919e+02
2.189715895886590715e+02
2.189485339685490715e+02
2.188620826555116707e+02
2.188662948330621987e+02
2.187995971802618271e+02
2.188560597257727238e+02
2.186688453791928168e+02
2.187751375009683272e+02
2.188240665427221359e+02
2.186138449918661308e+02
2.186241769308234666e+02
2.185338910837400306e+02
2.184928635060810223e+02
2.184755209543729109e+02
2.184243938337593818e+02
2.184995836238283289e+02
2.184792586567511137e+02
2.183695386939344587e+02
2.184660217677589173e+02
2.184297776744906514e+02
2.183712429312882364e+02
2.184696432721357269e+02
2.183721918816329719e+02
2.182568266325819195e+02
2.182654446510186688e+02
2.181331048105972457e+02
2.180969381826632514e+02
2.180587768223719820e+02
2.181459640560848925e+02
2.180821035711519187e+02
2.182330738244635597e+02
2.181434367495545814e+02
2.181855585250600313e+02
2.182188492524595347e+02
2.181654756371523831e+02
2.181540398171817969e+02
2.182267603997211154e+02
2.181416550468665321e+02
2.181141935858703107e+02
2.182734138972809603e+02
2.182259760632117036e+02
2.181772600511271207e+02
2.181564702920443040e+02
2.182199047176388547e+02
2.181702300720427559e+02
2.183304380664652626e+02
2.183322488186536532e+02
2.181653884886513310e+02
2.182109768378650472e+02
2.181408416608567791e+02
2.179806046169339311e+02
2.179781547757378632e+02
2.179316368425129724e+02
2.178485552715160054e+02
2.177421082190719517e+02
2.176350704934541795e+02
2.175647513362770269e+02
2.176206425749477091e+02
2.175854055310248611e+02
2.176853358122240252e+02
2.177213765589898458e+02
2.177555097218994433e+02
2.177574560384228164e+02
2.178282206212719814e+02
2.177219188163296906e+02
2.176879405840886079e+02
2.177921895576729412e+02
2.177441997830970593e+02
2.177218704004957885e+02
2.178307866604694425e+02
2.176729026260748299e+02
2.175974029746688245e+02
2.177166318072662534e+02
2.176113273685026002e+02
2.175924645596095672e+02
2.177965760322255733e+02
2.175975966380044895e+02
2.176642942908048610e+02
2.178175691378108354e+02
2.177609903942985454e+02
2.178400244015802798e+02
2.178702068324424772e+02
2.176805716941668720e+02
2.178116430397397210e+02
2.177058834921372750e+02
2.175925323417770585e+02
2.176649140134789775e+02
2.176110562398326636e+02
2.175101576419552316e+02
2.174962235649546756e+02
2.175731563250445504e+02
2.173959350065845513e+02
2.175154640173522296e+02
2.175364571229374917e+02
2.174144395383065955e+02
2.174504125029049533e+02
2.174248198930978333e+02
2.172410043380587297e+02
2.171753427841041173e+02
2.171406479975211141e+02
2.169946452087690716e+02
2.169736811526841791e+02
2.169546149972887008e+02
2.169090556975753259e+02
2.168872588891471196e+02
2.169066058563792581e+02
2.167779746688356965e+02
2.168298377101247070e+02
2.167991130219226932e+02
2.166163626152296899e+02
2.166914652567975850e+02
2.166188027732589774e+02
2.164112634596018268e+02
2.165404369044852331e+02
2.164968723371291333e+02
2.165065167712448613e+02
2.165158997598574615e+02
2.164526008985978649e+02
2.164066058563792581e+02
2.165172554032070593e+02
2.165375222712835921e+02
2.163794929893872450e+02
2.163757746533426314e+02
2.164136164691300621e+02
2.163478193508404956e+02
2.163799771477263789e+02
2.163513537067162531e+02
2.164056084902006489e+02
2.163699550701061298e+02
2.164079905492292255e+02
2.163514699047176464e+02
2.163453888759779886e+02
2.162359690913316399e+02
2.162190622821287604e+02
2.162946490820357894e+02
2.163103939112247360e+02
2.161776861104655723e+02
2.162267700828878958e+02
2.162456716244480504e+02
2.162779165698349857e+02
2.163399178867456953e+02
2.163044774963204020e+02
2.163709137036176173e+02
2.163931559377178644e+02
2.162727263924393810e+02
2.162166802231001554e+02
2.159966883569602487e+02
2.160223003331009295e+02
2.159957878224494436e+02
2.160370865287783602e+02
2.160113680378030949e+02
2.159648113719110825e+02
2.158991885506235917e+02
2.158613661011697218e+02
2.159510515919126306e+02
2.159122898752808055e+02
2.160080467115965632e+02
2.159757339840421366e+02
2.159864048338368718e+02
2.160811836703075244e+02
2.160430513595166246e+02
2.160221938182663166e+02
2.158882949879928788e+02
2.158685606940893820e+02
2.157431927337516413e+02
2.157480633666434358e+02
2.157508908513440247e+02
2.157136590750639016e+02
2.156781993183050474e+02
2.156631904097916106e+02
2.156312069099078030e+02
2.155816484623131259e+02
2.155962894104887937e+02
2.155544871794871824e+02
2.155122588891471196e+02
2.155313347277093499e+02
2.155400883104810532e+02
2.155893562630722613e+02
2.156311391277403402e+02
2.156682450228522612e+02
2.157014486017507124e+02
2.157504454256720123e+02
2.157372182198466248e+02
2.157366759625067800e+02
2.156187543574250469e+02
2.155884847780618259e+02
2.155672205438066555e+02
2.156302289100627547e+02
2.155154737005190100e+02
2.154965431094585142e+02
2.154109439150979881e+02
2.152955012007126925e+02
2.151544561933534681e+02
2.151739580912541498e+02
2.151334340382678647e+02
2.149830350917964097e+02
2.150671527616391643e+02
2.150028081183670281e+02
2.150039119993802785e+02
2.149288384073127247e+02
2.149520489580912681e+02
2.149543535517855730e+02
2.149422786428073380e+02
2.149039526686807733e+02
2.148397920055774932e+02
2.148576864977922298e+02
2.147476760399721059e+02
2.148233693547137761e+02
2.148587419629715782e+02
2.148665853280656961e+02
2.147812863118754478e+02
2.146703946858780796e+02
2.146685839336896606e+02
2.145937524207917022e+02
2.146251452475017345e+02
2.146076187156247670e+02
2.146147745758773056e+02
2.146306646525679866e+02
2.146010147958788536e+02
2.145134596018281741e+02
2.145360116972654794e+02
2.146431365713843036e+02
2.146013537067162531e+02
2.145663587419629721e+02
2.145454043690448600e+02
2.145521535362925079e+02
2.145128495623208664e+02
2.146109206754977095e+02
2.145124331861491953e+02
2.144452901076768114e+02
2.143792702765512388e+02
2.144474010380354798e+02
2.144834321016345200e+02
2.143395983422418567e+02
2.142645150670075225e+02
2.142761445503137452e+02
2.142000154930668430e+02
2.142553935238980500e+02
2.141918913161360365e+02
2.142051475714617652e+02
2.142441513672631572e+02
2.141438143930591025e+02
2.140791792547834973e+02
2.139583914323340252e+02
2.138823204740878339e+02
2.140125881168177102e+02
2.139029068866682053e+02
2.138190216128282657e+02
2.139036718568440563e+02
2.138968742737624780e+02
2.138700519017739623e+02
2.138800061972267486e+02
2.137672941358742094e+02
2.137906789836548285e+02
2.138323553334882661e+02
2.137547641180571816e+02
2.136145615462080798e+02
2.136110562398326636e+02
2.136222983964675848e+02
2.136668990626694438e+02
2.136785285459756665e+02
2.135900921837477711e+02
2.135786660469439937e+02
2.134778642807343658e+02
2.135341815787434996e+02
2.134496668990626631e+02
2.134816407157796903e+02
2.133639515067007437e+02
2.134120574792780189e+02
2.134262820512820440e+02
2.133303993337981126e+02
2.134015221938182663e+02
2.132587923154388534e+02
2.132161960647610215e+02
2.131097490123169962e+02
2.131632485087923214e+02
2.131922883259741184e+02
2.132425633279107728e+02
2.132325509334572757e+02
2.131845805252149546e+02
2.133200286621736836e+02
2.131651270431482033e+02
2.132455747927802179e+02
2.132252401425362223e+02
2.131303257417305872e+02
2.130972867766674312e+02
2.130471376558989789e+02
2.129853881013246450e+02
2.129183224881865328e+02
2.129597180261832818e+02
2.129125513207839617e+02
2.128969033232628476e+02
2.128926524130451696e+02
2.129556801456348296e+02
2.128930106902161299e+02
2.128606592299945817e+02
2.127981253389108360e+02
2.127783716786738069e+02
2.128073146641877713e+02
2.126739387249205890e+02
2.126811430010070580e+02
2.126222112479665327e+02
2.127002866217367796e+02
2.126611375784336531e+02
2.125473022697343026e+02
2.125730885428770591e+02
2.125737469982182972e+02
2.125666201874660999e+02
2.125833623828336840e+02
2.124506352157409594e+02
2.124951293671082055e+02
2.125308989852041179e+02
2.124914400805639616e+02
2.124767023007204330e+02
2.124212274382213934e+02
2.123966999767604023e+02
2.124220408242311464e+02
2.124311333178402776e+02
2.123928944922147366e+02
2.123699841196064710e+02
2.123742543961577098e+02
2.122042760864513014e+02
2.122117805407080198e+02
2.121700073592067497e+02
2.121700364087070909e+02
2.121216883569602487e+02
2.122204663413122603e+02
2.122348942598187307e+02
2.122200499651405892e+02
2.121926369199782982e+02
2.121176407932450161e+02
2.122445967929351696e+02
2.120667363854674932e+02
2.120497714772639313e+02
2.121223855449686369e+02
2.119354810597257597e+02
2.120307731040359442e+02
2.119776028352312380e+02
2.119960008521186694e+02
2.119984603764815176e+02
2.119567259276473692e+02
2.119354229607250772e+02
2.119536854132775545e+02
2.121017119838872134e+02
2.120734274537144586e+02
2.121478329072739939e+02
2.121575451235572132e+02
2.120852215508560050e+02
2.121115210318382651e+02
2.120638314354326326e+02
2.121297738012239620e+02
2.122825063908900631e+02
2.121874564257494740e+02
2.122328898442946752e+02
2.122229452320086693e+02
2.123153613757843345e+02
2.123056394763343349e+02
2.122474436439693193e+02
2.122386803780308355e+02
2.123271264234255113e+02
2.122289294290804946e+02
2.121619122317762844e+02
2.122380606553567191e+02
2.121750716554341807e+02
2.120982066775118255e+02
2.120463049035556651e+02
2.120610330002323849e+02
2.118412541637617039e+02
2.117793109458517335e+02
2.118206871175149217e+02
2.116247676039972134e+02
2.114895034472073689e+02
2.115566562088465332e+02
2.113602138043225693e+02
2.112871446277790710e+02
2.113075761096909275e+02
2.111313908900766876e+02
2.113048357734913623e+02
2.111258230691765334e+02
2.109173154388411149e+02
2.112104733131923524e+02
2.109886900611976159e+02
2.108644840808738081e+02
2.111009276473778016e+02
2.109390638314354192e+02
2.109603280656905895e+02
2.111652819738167182e+02
2.110795859477883596e+02
2.111115113486714563e+02
2.112857405685955428e+02
2.112117611743744590e+02
2.112248721821984532e+02
2.113486811526841791e+02
2.113698969711054190e+02
2.112450519017739623e+02
2.113524672708962839e+02
2.113830757610969044e+02
2.112142787977380181e+02
2.114126094197846442e+02
2.113403245797505576e+02
2.112682140367185752e+02
2.113539778449143967e+02
2.114200267255403105e+02
2.112431055852505892e+02
2.113095998915485438e+02
2.113090673173754794e+02
2.112551514447284831e+02
2.111070474087845810e+02
2.112371310713455728e+02
2.110493454179254798e+02
2.110443004880316096e+02
2.112862537764350463e+02
2.108330428383298454e+02
2.108818363157486999e+02
2.110000484158339020e+02
2.107107928576961910e+02
2.107984352002478943e+02
2.108498237663645511e+02
2.105830912541637758e+02
2.108861646913006496e+02
2.107081590363312387e+02
2.107310306762723542e+02
2.106543012626849531e+02
2.108358315903633127e+02
2.106847160895499371e+02
2.106662406073282341e+02
2.108557014486017636e+02
2.105236366101169665e+02
2.107877546672863787e+02
2.108353474320241787e+02
2.106547466883569655e+02
2.108100743667208974e+02
2.106347703152839017e+02
2.106599852815865006e+02
2.106737644279185133e+02
2.106338407312727554e+02
2.105728658300410530e+02
2.106112983190022589e+02
2.105763227205825388e+02
2.104129289642884828e+02
2.106458865907506492e+02
2.107723293826012991e+02
2.107485281586490089e+02
2.108969614222635300e+02
2.109115345882717349e+02
2.108355217290262544e+02
2.108648326748779880e+02
2.107924219536757278e+02
2.108208420481834366e+02
2.107804148268649840e+02
2.107660546905259764e+02
2.107943779533658812e+02
2.106618057169416716e+02
2.106832151986985764e+02
2.106440564722286695e+02
2.106144937640405885e+02
2.106548919358587000e+02
2.105148830273452631e+02
2.105812805019753569e+02
2.105592512975443356e+02
2.105110872259663779e+02
2.104823379037880500e+02
2.104723739251684833e+02
2.104666899062669358e+02
2.105289623518475537e+02
2.105120555426446742e+02
2.104391219304361300e+02
2.104485823843830019e+02
2.104036234410101542e+02
2.102995584475947055e+02
2.104021031838252327e+02
2.103345921450151081e+02
2.104070706483848596e+02
2.104690719652955408e+02
2.103854094042915790e+02
2.104305523278332828e+02
2.103866488496397835e+02
2.103907835618560682e+02
2.104044755596870289e+02
2.104749883801998465e+02
2.103885951661631282e+02
2.104013478968161621e+02
2.103554496862653878e+02
2.103137927027655110e+02
2.103190700286621677e+02
2.103771690293593508e+02
2.104454450383453263e+02
2.103805678209001542e+02
2.104151173599813944e+02
2.104070319157177096e+02
2.102930416763498442e+02
2.102725714617708661e+02
2.102759024711441498e+02
2.102857793012626928e+02
2.102241459446897522e+02
2.103198737315051403e+02
2.102868057169416716e+02
2.103740026338213625e+02
2.102946684483693502e+02
2.102784491440080501e+02
2.103121756139127854e+02
2.103434522426214244e+02
2.102725133627701553e+02
2.100727302657060989e+02
2.100975385390038070e+02
2.101283019598729709e+02
2.100417634983344897e+02
2.100867224417073373e+02
2.099130548454566565e+02
2.098471802618328184e+02
2.098327426601595675e+02
2.098463862421566262e+02
2.097874835386164705e+02
2.097613099388023841e+02
2.097709156402509905e+02
2.096981950577116720e+02
2.097479859013091641e+02
2.097590634441087616e+02
2.096867689209078947e+02
2.097927318150127860e+02
2.098044871794871824e+02
2.098464152916569958e+02
2.099138004492989467e+02
2.099390154156015171e+02
2.100552134169958833e+02
2.100413083894956969e+02
2.101997637307304956e+02
2.099300391199938076e+02
