2.522231497150118287e+02
2.520988667672627059e+02
2.522188684778026868e+02
2.522607486056044479e+02
2.524317427347868943e+02
2.516440696189772268e+02
2.516404188379324580e+02
2.516908565528953829e+02
2.518035786940027378e+02
2.518799188715323396e+02
2.518797905810337738e+02
2.518792957462536037e+02
2.518687942525856727e+02
2.518744011582799374e+02
2.518923483881215191e+02
2.518694625849924478e+02
2.518632777611475149e+02
2.518841671197561141e+02
2.518727407126842763e+02
2.518855331081122415e+02
2.518743510638947782e+02
2.518883335064236917e+02
2.518922750792652039e+02
2.519055696403589764e+02
2.519085093254974197e+02
2.518827889132572864e+02
2.518791943356690410e+02
2.518894087029830473e+02
2.518934834535802167e+02
2.518803929354698710e+02
2.518772540946050924e+02
2.518755264492244521e+02
2.518611261462145023e+02
2.518692915309943601e+02
2.519107122566298642e+02
2.518561191513278175e+02
2.518553164193510838e+02
2.518883848226231237e+02
2.518974421318215491e+02
2.518676261981416076e+02
2.518646425276893694e+02
2.518478963412771634e+02
2.518637970322131423e+02
2.518664019402410759e+02
2.518539797545375052e+02
2.518914870090597447e+02
2.518910752576500727e+02
2.518694173778643801e+02
2.518615782174951505e+02
2.519095564203285562e+02
2.518650909335271990e+02
2.518538649039959409e+02
2.518799298678607954e+02
2.518894172556829574e+02
2.518679011063528321e+02
2.518525392355108181e+02
2.518756632924229280e+02
2.518490924974494760e+02
2.518384651569114965e+02
2.518538453549676035e+02
2.519266618201367294e+02
2.518705109016378287e+02
2.518759956259048920e+02
2.518662235553573510e+02
2.518782266587656125e+02
2.518693489562651564e+02
2.518886719489770485e+02
2.518576598591248228e+02
2.518450226341093980e+02
2.518855392171836058e+02
2.518802903030710354e+02
2.518539174420096458e+02
2.519086363941817126e+02
2.518704754690239440e+02
2.518689420921125759e+02
2.518696654061616016e+02
2.518675370056997735e+02
2.518542436664202739e+02
2.518755618818383368e+02
2.518518073687618823e+02
2.518283546438105986e+02
2.518460013073412824e+02
2.518580056325637884e+02
2.519075025505372878e+02
2.518702164443982952e+02
2.518359885393821287e+02
2.518379556603600804e+02
2.518479928646046631e+02
2.518804075972411454e+02
2.518875552107324154e+02
2.518656297536211639e+02
2.518909225308660780e+02
2.518801265799585849e+02
2.518765539950272228e+02
2.519016867146025049e+02
2.518834303657501152e+02
2.518863969308025617e+02
2.518734786885045480e+02
2.518779236488261404e+02
2.518454942544183837e+02
2.518446145481425447e+02
2.518275470245768020e+02
2.518751843412282767e+02
2.518753761660690031e+02
2.518607351656474691e+02
2.518625214581131502e+02
2.518507052922885237e+02
2.518680416149940982e+02
2.518691180333677551e+02
2.518707528208637143e+02
2.518789792963571585e+02
2.518976180730766998e+02
2.518631506924632504e+02
2.518603637341087733e+02
2.518693709489220680e+02
2.518541165977359810e+02
2.518618848928774412e+02
2.518828548912279928e+02
2.518699635288439822e+02
2.518398067089821666e+02
2.519188605360099302e+02
2.518526834095949027e+02
2.518635648875014397e+02
2.518248651422497346e+02
2.518720002932354305e+02
2.518617443842361467e+02
2.518380350782877599e+02
2.518397272910544871e+02
2.518339077896768856e+02
2.518739881850559925e+02
2.518694967957920596e+02
2.518742582060100972e+02
2.518651532460550584e+02
2.518362463421935331e+02
2.518576317573965468e+02
2.518561997910697698e+02
2.518759675241766445e+02
2.518941847749723593e+02
2.518886267418489808e+02
2.518761410218032779e+02
2.518585187945580515e+02
2.518627927008815277e+02
2.518239255670745536e+02
2.518947407004661159e+02
2.518917252628427832e+02
2.518411433737957452e+02
2.518305551313144974e+02
2.518849026519478684e+02
2.518880854781264702e+02
2.518740175085985129e+02
2.518707088355499195e+02
2.518449200017105341e+02
2.518625373416986974e+02
2.518695383374773087e+02
2.518569438759614059e+02
2.518577380552382294e+02
2.518592372213499857e+02
2.518735446664752544e+02
2.518652289985399193e+02
2.518260955092216307e+02
2.518439865356067173e+02
2.518518782339896518e+02
2.518412765515514025e+02
2.518334740456103304e+02
2.518624628110281094e+02
2.518472744378127004e+02
2.518582805407749845e+02
2.518743034131381648e+02
2.518750181744873089e+02
2.518817870255542459e+02
2.518726893964848443e+02
2.518463409717088837e+02
2.518442626656321863e+02
2.518720980383771746e+02
2.518549633150264810e+02
2.518243910783121748e+02
2.518578639021082495e+02
2.518613485164120220e+02
2.518532723240740268e+02
2.518281432699415348e+02
2.519181738763890621e+02
2.518475016952673116e+02
2.518293467569994561e+02
2.519064664520346355e+02
2.518793421751959443e+02
2.518540396234368473e+02
2.518358235944554053e+02
2.518511830216688736e+02
2.518259672187230933e+02
2.518678620082961288e+02
2.518927894630737114e+02
2.518841536797991409e+02
2.518957328136550018e+02
2.518574875833124622e+02
2.518804283680837557e+02
2.518401341552070676e+02
2.518396148841414686e+02
2.518424824822378696e+02
2.518208465951090886e+02
2.518682261089491874e+02
2.518399068977524848e+02
2.518471937980707480e+02
2.518587265029842683e+02
2.518706599629790333e+02
2.518776511842434900e+02
2.518957963479971340e+02
2.518974128082790003e+02
2.518597332779444287e+02
2.518225253679188143e+02
2.518627902572529820e+02
2.518803184047992829e+02
2.518321239408397503e+02
2.518616625226799215e+02
2.518669896329058986e+02
2.518782193278799753e+02
2.518929214190150958e+02
2.518737988038438402e+02
2.518835452162916795e+02
2.518836392959906050e+02
2.518589635349530624e+02
2.518479195557483195e+02
2.518458119261291017e+02
2.518719880750927018e+02
2.518432119053582596e+02
2.518239561124313468e+02
2.518866791698993950e+02
2.518564490411812642e+02
2.518650029628996094e+02
2.518612190040991834e+02
2.518620596123183191e+02
2.518349573281365394e+02
2.518470606203151192e+02
2.518635086840449446e+02
2.518644445937773071e+02
2.518337929391353214e+02
2.518588425753401339e+02
2.518372531171536650e+02
2.518756645142372008e+02
2.518631702414915878e+02
2.518476519784227605e+02
2.519156141754891962e+02
2.518809109847212255e+02
2.518638031412845066e+02
2.518912511989052518e+02
2.518314995937467415e+02
2.518653707289954866e+02
2.518408941236842509e+02
2.518966137417451137e+02
2.518704278182673590e+02
2.518854365847847419e+02
2.518821645661643061e+02
2.518635160149305818e+02
2.518255017074854436e+02
2.518754213731970708e+02
2.518650261773707655e+02
2.518723949392452823e+02
2.518915786451301528e+02
2.518945598719538737e+02
2.518849857353183666e+02
2.518460184127410741e+02
2.518777709220421457e+02
2.518871959973364483e+02
2.518797282685059145e+02
2.518943778216273301e+02
2.518744744671362525e+02
2.518568009236915941e+02
2.519022511927961716e+02
2.518899230867915833e+02
2.518797930246623196e+02
2.518674001625012977e+02
2.518538917839099156e+02
2.518755716563525198e+02
2.518566836295214841e+02
2.518482360056447931e+02
2.518664166020123218e+02
2.518972808523376443e+02
2.518761911161884370e+02
2.518723436230458503e+02
2.518647537127881151e+02
2.518398091526107123e+02
2.518533248620877032e+02
2.518862833020752419e+02
2.518607644891899895e+02
2.518719660824358186e+02
2.519057077053716966e+02
2.518908027930674223e+02
2.518626008760408297e+02
2.518548105882424863e+02
2.518816342987702512e+02
2.518332626717412666e+02
2.518530316266624425e+02
2.518551869070382736e+02
2.518323670818798803e+02
2.518254589439859217e+02
2.518690667171683231e+02
2.518688113579854644e+02
2.518649638648429061e+02
2.518597687105583134e+02
2.518756608487943822e+02
2.518291097250306905e+02
2.519198049984421743e+02
2.518718805554367748e+02
2.518487540548961192e+02
2.518779835177254824e+02
2.518887122688480247e+02
2.518688467905993491e+02
2.518808828829929496e+02
2.518220024314103966e+02
2.517787819733522383e+02
2.518642002309229042e+02
2.518804833497260063e+02
2.518860157247496829e+02
2.518731414677654925e+02
2.518784771306913512e+02
2.518346372127972757e+02
2.518769950699794151e+02
2.518642772052220380e+02
2.518670690508335781e+02
2.518674710277290671e+02
2.518647341637597776e+02
2.518844713515098590e+02
2.518972759650805529e+02
2.518815182264144141e+02
2.518611420298000496e+02
2.518554960260490816e+02
2.518585126854866871e+02
2.518723863865453723e+02
2.518670495018052407e+02
2.519134943277272498e+02
2.518973126195087104e+02
2.518660928212302395e+02
2.518795034546798490e+02
2.518422185703551293e+02
2.518706416357649402e+02
2.518564563720668730e+02
2.518227623998875799e+02
2.518844982314238337e+02
2.518551551398671791e+02
2.518380081983737568e+02
2.518808266795364545e+02
2.518810075080486968e+02
2.518536327592842667e+02
2.518491059374064491e+02
2.518933123995821290e+02
2.518851445711737256e+02
2.518622599898589556e+02
2.518593911699482533e+02
2.518763670574435878e+02
2.518653890562095796e+02
2.518890055042732854e+02
2.518851555675021814e+02
2.518671167015901915e+02
2.518590453965092877e+02
2.518157565168518772e+02
2.518529668705060089e+02
2.518694809122065408e+02
2.518568302472341145e+02
2.518586629686421361e+02
2.518613607345547507e+02
2.518240770720442754e+02
2.519137716795669917e+02
2.518671362506185574e+02
2.518570709446456988e+02
2.518663811693984371e+02
2.518181085093254978e+02
2.518608048090609657e+02
2.518749558619594211e+02
2.518530707247191458e+02
2.518930900293846378e+02
2.518834108167217494e+02
2.518826813936013593e+02
2.518785076760481729e+02
2.518810185043771526e+02
2.518698389037882350e+02
2.518389746534629410e+02
2.518615598902810859e+02
2.518914234747176124e+02
2.518500956069667893e+02
2.518636772944144866e+02
2.518933918175098086e+02
2.518980994678998968e+02
2.518754678021393829e+02
2.518821731188641877e+02
2.518716484107250722e+02
2.518636724071573951e+02
2.518644726955055546e+02
2.518481272641745647e+02
2.518720161768209493e+02
2.518814351430439160e+02
2.518779383105974148e+02
2.518643163032787413e+02
2.519048231118387662e+02
2.518904997831279786e+02
2.518833863804363205e+02
2.518947749112657277e+02
2.519165879614639891e+02
2.518884483569652559e+02
2.518803171829850100e+02
2.518935482097366503e+02
2.519012969558497446e+02
2.518640242896677250e+02
2.518839215350874383e+02
2.518878692170003148e+02
2.518800557147308155e+02
2.518658912218753585e+02
2.518784392544489208e+02
2.518363514182209144e+02
2.518123891967182146e+02
2.518644433719630342e+02
2.518724926843870549e+02
2.518835794270912913e+02
2.518833863804363205e+02
2.518833436169367985e+02
2.518971757763102346e+02
2.518850908113457763e+02
2.518779725213970266e+02
2.518527554966369451e+02
2.518591883487790994e+02
2.518425997764079796e+02
2.518844933441667422e+02
2.519055293204880002e+02
2.518665949868960467e+02
2.518445522356146569e+02
2.518604150503082053e+02
2.518490998283350848e+02
2.518775815408299650e+02
2.518628513479665969e+02
2.518449554343244188e+02
2.518620571686897733e+02
2.518541104886646167e+02
2.518256238889126450e+02
2.518395770078990381e+02
2.518380766199730090e+02
2.518571075990738564e+02
2.518483239762723542e+02
2.518743254057950764e+02
2.518763181848727299e+02
2.518404567141748771e+02
2.518539931944945067e+02
2.518700930411568208e+02
2.518771282477350724e+02
2.518584247148590975e+02
2.518642234453940603e+02
2.518612825384413441e+02
2.518808584467075207e+02
2.518958073443255898e+02
2.518891765582713731e+02
2.518819299778240577e+02
2.518439938664923545e+02
2.518854439156703791e+02
2.518652265549114020e+02
2.518865765375005310e+02
2.518799750749888631e+02
2.518745343360355662e+02
2.518396991893262395e+02
2.518722996377320555e+02
2.518767507071250122e+02
2.518860719282062064e+02
2.518865753156862581e+02
2.518955495415141854e+02
2.518701101465566126e+02
2.518811284676616253e+02
2.518700747139427278e+02
2.518510840547128566e+02
2.518624139384572231e+02
2.518689078813129640e+02
2.518668026953222920e+02
2.518649724175428162e+02
2.518657201678772708e+02
2.518536095448130823e+02
2.518302105796897763e+02
2.518594021662767091e+02
2.518610345101441226e+02
2.518726502984281410e+02
2.518407157388005544e+02
2.518949679579207270e+02
2.518581302576195355e+02
2.518469946423444128e+02
2.518595255695181834e+02
2.518838213463171485e+02
2.519128369916489021e+02
2.518540078562657811e+02
2.517933386685890014e+02
2.518516974054773812e+02
2.518918144552846456e+02
2.518941872186009050e+02
2.518797612574912534e+02
2.518519820882027602e+02
2.518698731145878469e+02
2.518584772528728024e+02
2.518689139903843284e+02
2.518724010483166467e+02
2.519240862356513162e+02
2.518510461784703978e+02
2.518460123036697098e+02
2.518251498249751137e+02
2.518549877513119100e+02
2.518578211386087276e+02
2.518495054706733924e+02
2.518561338130990634e+02
2.519022524146104445e+02
2.518759015462059665e+02
2.518255676854561216e+02
2.518329731017587960e+02
2.518753639479262745e+02
2.518710008491609074e+02
2.518566775204501198e+02
2.518722923068464468e+02
2.518754445876682269e+02
2.518579091092363171e+02
2.518703337385684051e+02
2.518751965593710054e+02
2.518892303180993508e+02
2.518512343378683056e+02
2.518385714547531506e+02
2.518498781240263611e+02
2.518321337153539332e+02
2.518353079888326249e+02
2.518476275421373316e+02
2.518528178091648329e+02
2.518633351864183112e+02
2.518947345913947515e+02
2.518702665387834259e+02
2.518562657690404478e+02
2.518692548765662025e+02
2.518577466079381395e+02
2.519135297603411345e+02
2.518913831548466362e+02
2.518454783708328364e+02
2.518836429614334236e+02
2.518753517297835458e+02
2.518517768234050607e+02
2.518451313755795979e+02
2.518647109492885932e+02
2.518874586874049157e+02
2.519052531904625312e+02
2.518958855404389965e+02
2.518662455480142341e+02
2.518363343128210943e+02
2.518685071262317479e+02
2.518856675076821432e+02
2.518367375115308846e+02
2.518197640676640674e+02
2.518710912634170427e+02
2.518619545362909378e+02
2.518745526632496592e+02
2.518617847041071229e+02
2.518679793024662388e+02
2.518974409100072762e+02
2.518937375909488026e+02
2.518466794142622405e+02
2.518405178048884920e+02
2.519064578993347254e+02
2.518937107110348279e+02
2.518915969723442458e+02
2.518637310542424359e+02
2.518676420817271548e+02
2.518706000940796912e+02
2.518681747927497554e+02
2.518763609483722519e+02
2.518704852435381270e+02
2.518838030191030555e+02
2.518735324483325257e+02
2.518760750438325999e+02
2.518726331930283209e+02
2.518521116005155989e+02
2.518358297035267697e+02
2.518632740957047247e+02
2.518581143740340167e+02
2.518630517255072050e+02
2.518758380118638058e+02
2.518742960822525276e+02
2.518350941713350153e+02
2.518510791674557652e+02
2.518936178531501469e+02
2.518861770042335877e+02
2.518938524414903668e+02
2.518519906409026703e+02
2.518636198691436903e+02
2.518802231032860561e+02
2.518848574448198008e+02
2.519063210561362496e+02
2.518890714822439918e+02
2.518802695322283967e+02
2.518819751849521253e+02
2.518884984513504151e+02
2.519028303327611127e+02
2.518864849014301228e+02
2.518709446457044123e+02
2.518686183113304935e+02
2.518653267436816918e+02
2.518571980133299917e+02
2.518559676463580672e+02
2.518694320396356545e+02
2.518547201739863510e+02
2.518799115406467024e+02
2.518913904857322734e+02
2.518706550757219418e+02
2.518881196889260821e+02
2.518751647921999393e+02
2.519237196913697119e+02
2.518673439590447742e+02
2.518938964268041616e+02
2.518792676445253562e+02
2.518259036843809326e+02
2.518527664929654009e+02
2.518898668833350598e+02
2.518984159177963420e+02
2.518770305025932998e+02
2.518631238125492473e+02
2.518505220201477073e+02
2.518741604608683531e+02
2.518871275757372246e+02
2.518795340000366423e+02
2.518693074145799073e+02
2.518807411525374107e+02
2.519007532484986882e+02
2.518995241033410650e+02
2.518524585957688657e+02
2.518659009963895414e+02
2.518793788296241019e+02
2.518995925249402887e+02
2.518797575920484348e+02
2.518547580502287815e+02
2.518020721970053444e+02
2.518754787984678387e+02
2.518795987561930758e+02
2.518799359769321597e+02
2.518973932592506628e+02
2.518852777489293828e+02
2.518691388042103654e+02
2.518918413351986487e+02
2.518624921345706298e+02
2.518866083046715971e+02
2.518892889651843916e+02
2.518600204042983535e+02
2.518635404512160108e+02
2.518804980114972807e+02
2.518375158072221325e+02
2.518282752258829191e+02
2.518554838079063529e+02
2.518887806904472484e+02
2.518702298843552683e+02
2.518796109743358045e+02
2.518576586373105499e+02
2.518657702622624299e+02
2.518566481969075994e+02
2.518610112956729381e+02
2.518540359579940286e+02
2.518590429528807420e+02
2.518646791821175270e+02
2.519106511659162777e+02
2.518775094537879227e+02
2.519011747744225431e+02
2.518744048237227560e+02
2.518802133287719016e+02
2.518771013678210693e+02
2.519130202637896900e+02
2.519279606087078776e+02
2.518812946344026216e+02
2.519238296546541847e+02
2.518993970346567721e+02
2.518190370881722231e+02
2.518635062404163989e+02
2.518954603490723514e+02
2.518596819617449967e+02
2.518565394554373711e+02
2.518544269385610619e+02
2.518587937027692476e+02
2.518825592121741579e+02
2.518697326059465809e+02
2.518713808333995132e+02
2.519102137564068755e+02
2.519040057180907866e+02
2.518882003286680344e+02
2.518897654727504971e+02
2.518864067053167162e+02
2.518576745208960688e+02
2.518704791344667626e+02
2.518702726478547902e+02
2.518677202778405615e+02
2.518888711047033837e+02
2.519083260533566317e+02
2.518807668106371125e+02
2.518813887141015755e+02
2.518989376324904867e+02
2.518694576977353563e+02
2.518622294445021339e+02
2.518909286399374423e+02
2.518740370576268788e+02
2.518804356989693929e+02
2.518777244930998052e+02
2.518887464796476365e+02
2.518794093749808951e+02
2.518827437061292187e+02
2.518753077444697510e+02
2.518701235865136141e+02
2.518739613051420179e+02
2.518731512422796470e+02
2.518719941841640662e+02
2.518504059477918702e+02
2.518669370948921937e+02
2.518943460544562640e+02
2.518920380472964382e+02
2.518641684637518381e+02
2.518885082258645980e+02
2.519190633571790841e+02
2.519061060168243955e+02
2.518555058005632645e+02
2.518357612819275460e+02
2.518649357631146586e+02
2.518412826606227668e+02
2.518807252689518634e+02
2.518931682254980444e+02
2.518824516925182309e+02
2.518709519765900495e+02
2.518913281732043856e+02
2.519141137875631387e+02
2.518970438203688786e+02
2.518482665510015863e+02
2.519151303370374535e+02
2.518723692811455805e+02
2.518638226903128441e+02
2.518511793562260550e+02
2.518339261168909786e+02
2.518279086816013148e+02
2.518836771722330354e+02
2.518772944144760686e+02
2.518716410798394634e+02
2.518417933789884557e+02
2.518654086052379171e+02
2.518513638501811442e+02
2.518749130984598992e+02
2.518626399740975330e+02
2.518605213481498595e+02
2.518695358938487630e+02
2.518930423786280244e+02
2.518773701669609295e+02
2.518616393082087654e+02
2.518542057901778435e+02
2.518849099828335056e+02
2.518710252854463647e+02
2.518474283864109680e+02
2.518814644665864364e+02
2.518397724981825547e+02
2.518649944101996994e+02
2.518760383894044139e+02
2.518559810863150688e+02
2.518839911785009633e+02
2.518502202320225365e+02
2.518431166038450613e+02
2.518742484314959142e+02
2.518658301311617720e+02
2.518453635202912722e+02
2.518423040973541731e+02
2.518610125174872110e+02
2.518791063650414515e+02
2.518515886640071813e+02
2.518663689512557085e+02
2.518753981587258863e+02
2.518902810783732775e+02
2.518848415612342819e+02
2.518558234722739826e+02
2.518568950033905480e+02
2.518891948854854661e+02
2.518866535117996648e+02
2.518873780476629634e+02
2.518494272745599858e+02
2.518822733076345060e+02
2.518791845611548581e+02
2.518747848079613334e+02
2.518768875503234881e+02
2.518487980402099140e+02
2.518184506173216732e+02
2.518342401231588781e+02
2.518444105051591180e+02
2.518766309693263565e+02
2.518499367711114303e+02
2.518033428838482166e+02
2.518299821004209207e+02
2.519223243794710640e+02
2.518828157931712894e+02
2.518693856106933140e+02
2.518778625581125539e+02
2.518607693764470810e+02
2.518882443139818292e+02
2.518958696568534492e+02
2.518847609214923295e+02
2.518924827876914492e+02
2.518782058879229737e+02
2.518580129634494256e+02
2.518949642924779084e+02
2.518776145298153324e+02
2.518638972209834321e+02
2.518896555094659959e+02
2.519009304115681402e+02
2.518788045769162522e+02
2.518801412417298309e+02
2.518812176601034878e+02
2.518763951591718637e+02
2.518998723204085763e+02
2.518937766890055059e+02
2.518563170852398798e+02
2.518318588071427371e+02
2.518502581082649669e+02
2.518728628941114778e+02
2.518919769565828233e+02
2.518781240263667485e+02
2.518495347942159412e+02
2.518455028071182937e+02
2.518587277247985412e+02
2.518358480307408342e+02
2.518735910954175949e+02
2.518567117312497317e+02
2.518405263575883737e+02
2.518460501799121403e+02
2.518517768234050607e+02
2.518629637548796154e+02
2.518639815261682031e+02
2.518844542461100389e+02
2.518756498524659264e+02
2.519012761850071058e+02
2.518923227300218173e+02
2.518518061469476095e+02
2.518630309546645947e+02
2.518654159361235543e+02
2.518831371303248261e+02
2.518608353544177874e+02
2.518461442596110942e+02
2.518401500387926149e+02
2.518682493234203434e+02
2.518691107024821179e+02
2.518540017471944168e+02
2.518709263184903193e+02
2.518578406876370650e+02
2.518242249115711786e+02
2.518081140685804371e+02
2.518786078648184628e+02
2.518794619129946000e+02
2.518519918627169432e+02
2.518964329132328714e+02
2.518656884007062047e+02
2.518448637982540390e+02
2.518344820423847352e+02
2.518380973908156193e+02
2.518595341222180934e+02
2.518204592799848456e+02
2.518002834609111176e+02
2.518892571980133255e+02
2.518567972582487755e+02
2.518594803623901157e+02
2.519027484712048874e+02
2.518769242047516457e+02
2.518542619936343385e+02
2.518688199106853745e+02
2.518614352652253388e+02
2.518846485145793110e+02
2.518806763963809772e+02
2.518606826276337642e+02
2.518605580025780171e+02
2.518663054169135762e+02
2.518668747823643344e+02
2.518774141522747243e+02
2.518449908669383035e+02
2.518659950760884954e+02
2.518785638795046680e+02
2.518420536254284059e+02
2.518449957541953950e+02
2.518525245737395437e+02
2.518298098246085601e+02
2.518615097958959268e+02
2.518663225223133963e+02
2.518879657403278145e+02
2.518512208979113041e+02
2.518532051242890475e+02
2.518139885516002607e+02
2.518662785369996016e+02
2.518721200310340862e+02
2.518654574778088033e+02
2.518438912340935190e+02
2.518638642319980931e+02
2.518651630205692413e+02
2.518692316620950464e+02
2.518669004404640361e+02
2.518070669737493290e+02
2.518367362897166117e+02
2.518654709177657764e+02
2.518724633608445060e+02
2.518622184481737065e+02
2.518283008839826209e+02
2.518747114991050182e+02
2.518693843888790411e+02
2.518380900599299821e+02
