1.148807711429044929e+02
5.759307665396158882e+01
5.730581794300515242e+01
5.716350512806349116e+01
5.710027312845630121e+01
5.682869014957618958e+01
5.706250406623825455e+01
5.735226082846919127e+01
5.711607898015675744e+01
5.673398884162845945e+01
5.658297396993745565e+01
5.619017842346572422e+01
5.630486659669667660e+01
5.670433016013306826e+01
5.660294978732806470e+01
5.655347118648229099e+01
5.653268764538719893e+01
5.623941397067397929e+01
5.612415376211431806e+01
5.619911371350359275e+01
5.639918000085928185e+01
5.626573496105617522e+01
5.640609352654870179e+01
5.643916477931834663e+01
5.663271649266236096e+01
5.708800996765422298e+01
5.746232116223830388e+01
5.775411073671030238e+01
5.794689400774579724e+01
5.812181529151092008e+01
5.779190434980083069e+01
5.742836239542862842e+01
5.724370055300840221e+01
5.690028540389253919e+01
5.686439816604982411e+01
5.684323285888772403e+01
5.676356159507018617e+01
5.672120397478625620e+01
5.650664776249485755e+01
5.673431168560152571e+01
5.703393544348082145e+01
5.710860569457486946e+01
5.713280057940058754e+01
5.689501310402818746e+01
5.712131199862515274e+01
5.727338010274539926e+01
5.684497228820269044e+01
5.671439601784848605e+01
5.669242421452552350e+01
5.653200513113235104e+01
5.655130088935535326e+01
5.673925991394919066e+01
5.676228003952690671e+01
5.660637954421305551e+01
5.656491803077452118e+01
5.677045548006162079e+01
5.665674934172972854e+01
5.655842678009170044e+01
5.684179417776059040e+01
5.713352605768227477e+01
5.693513168474224528e+01
5.678672657079550845e+01
5.698355214298427995e+01
5.705873182468221927e+01
5.706224750962087455e+01
5.703133182345467844e+01
5.702803341373743962e+01
5.709441160765250345e+01
5.703702762586925701e+01
5.711664978794183867e+01
5.749114511406948935e+01
5.755259717542212172e+01
5.730155468399958352e+01
5.701916318351163682e+01
5.743231631344099242e+01
5.710787776120594117e+01
5.666559133845218810e+01
5.659594051323598762e+01
5.669113897635137533e+01
5.682334174200715893e+01
5.678539836859452095e+01
5.675537756173009996e+01
5.697859286674400181e+01
5.714201206675382139e+01
5.722420961534920281e+01
5.728846170370779589e+01
5.736544464698913970e+01
5.734730523485978182e+01
5.728118728019296668e+01
5.687700012889207812e+01
5.687926494687805246e+01
5.715146047002645702e+01
5.727967249136116124e+01
5.724080232251253619e+01
5.732030418530998617e+01
5.757440448789948562e+01
5.745193491563706800e+01
5.732938923566996436e+01
5.749160544292843156e+01
5.773196339464913507e+01
5.779557838786696067e+01
5.768207970440749222e+01
5.773736581413761826e+01
5.741292235172807779e+01
5.704495264750470795e+01
5.676085486137963443e+01
5.650217827616049249e+01
5.670672264265591167e+01
5.687782626575091882e+01
5.675419052704585710e+01
5.670143683981169147e+01
5.657715050298600090e+01
5.635643324924659225e+01
5.665709305394440776e+01
5.667041803998109373e+01
5.645631601883052042e+01
5.633841168130512500e+01
5.635471837080410040e+01
5.610988233994365260e+01
5.624466662984035992e+01
5.620612667022654563e+01
5.629026987546569671e+01
5.623804403198978719e+01
5.604238585378728033e+01
5.615405672479085553e+01
5.636423306143242229e+01
5.629277038182744519e+01
5.643967789255310663e+01
5.633616527647351546e+01
5.584244968605571557e+01
5.570129689983857446e+01
5.613546557660792757e+01
5.663162397883714760e+01
5.658783136005695980e+01
5.634524173402812153e+01
5.623369116229967801e+01
5.623217760101149310e+01
5.619954089868468827e+01
5.608425982188342118e+01
5.607428848502704000e+01
5.619060192601594395e+01
5.655370810240168566e+01
5.653614318068828482e+01
5.658655594223179719e+01
5.659131512886138893e+01
5.660682023237400529e+01
5.628207111160212861e+01
5.642053312219582750e+01
5.667577013018100018e+01
5.679387210222983384e+01
5.668909757130494143e+01
5.671140326649358343e+01
5.650516243471002298e+01
5.625961811117862510e+01
5.611254856469462027e+01
5.607931773125387309e+01
5.616643650223719675e+01
5.599524695108852512e+01
5.585421937432101203e+01
5.608620670607081848e+01
5.628682661560085165e+01
5.614376131641778045e+01
5.602465644122828081e+01
5.611032057301736131e+01
5.596759284833084536e+01
5.609725950885979273e+01
5.606995402849128851e+01
5.609576190563872444e+01
5.614971858562423535e+01
5.633019573183081974e+01
5.621704444321689920e+01
5.660679445395791021e+01
5.647173151165859650e+01
5.601297759119114517e+01
5.610940359793035981e+01
5.605465515230747542e+01
5.603402259907811356e+01
5.588229943471615968e+01
5.570748126461543848e+01
5.596719880682759651e+01
5.583874741448624235e+01
5.552814327889177548e+01
5.574299532919651057e+01
5.600167068687203198e+01
5.605889017780969397e+01
5.597566885783203361e+01
5.594232754546514741e+01
5.589886636346339088e+01
5.593080459346823829e+01
5.576414590583512876e+01
5.582402180117475865e+01
5.591414314386197759e+01
5.583602963290307741e+01
5.583594124976216477e+01
5.630070031363739247e+01
5.644543384460525459e+01
5.635151325440227765e+01
5.627133133243722796e+01
5.632518612630196486e+01
5.600933915189011003e+01
5.570880087401106096e+01
5.560414295973043153e+01
5.572058406525621876e+01
5.561708495215648895e+01
5.543872777378825845e+01
5.527585974086554188e+01
5.520851792520576851e+01
5.490667108582371014e+01
5.499689554217533072e+01
5.510745180356846618e+01
5.543869708519766704e+01
5.529399178773315526e+01
5.547960129383098149e+01
5.582301153277234818e+01
5.564391905577344488e+01
5.559030363291535792e+01
5.541560207945889971e+01
5.525509584046842804e+01
5.523202538560214236e+01
5.542544329669115655e+01
5.599721961369202461e+01
5.610491815352887812e+01
5.597543930717437632e+01
5.593554659448709998e+01
5.584774039907443210e+01
5.582715080987190248e+01
5.582010102684024133e+01
5.592630810117414342e+01
5.587445420341625635e+01
5.579940341379882085e+01
5.582521251848987731e+01
5.577054386320254054e+01
5.555312256409312255e+01
5.558996237578792687e+01
5.552075714890717961e+01
5.559836736698030535e+01
5.586812867112264769e+01
5.584626611918221073e+01
5.561231349009065639e+01
5.554290571851197456e+01
5.572945675056927683e+01
5.584402094189422172e+01
5.623595352519840418e+01
5.628194099197800426e+01
5.617971484161618179e+01
5.616492785112350816e+01
5.586208792894977648e+01
5.571066305768841431e+01
5.557146083828953920e+01
5.553842518428498920e+01
5.553802009488912006e+01
5.542121318136343433e+01
5.542784314447574445e+01
5.519167725423042015e+01
5.483544163950726613e+01
5.481200905927194356e+01
5.488677383122502818e+01
5.482684515150957338e+01
5.475432555684447777e+01
5.483031909996501696e+01
5.498779207866099483e+01
5.489725705377254883e+01
5.468519521012478180e+01
5.473966254825781164e+01
5.495876926476274349e+01
5.490104525339569363e+01
5.470930784952770409e+01
5.477175544875925794e+01
5.491361652764734913e+01
5.506532618902944165e+01
5.500803427301797655e+01
5.510998790869530239e+01
5.513307677671595286e+01
5.503489169996378649e+01
5.495737968538056606e+01
5.502958134624709174e+01
5.515134262583856639e+01
5.499655796767877547e+01
5.495409723373044386e+01
5.508227120121281217e+01
5.501406764992911036e+01
5.488777182419120493e+01
5.491934547373977438e+01
5.492013969446438892e+01
5.498694507356054828e+01
5.541076310249375325e+01
5.582720359424772738e+01
5.586894498763249572e+01
5.617212616693365845e+01
5.671125964388959773e+01
5.714633179276608388e+01
5.715153780527475647e+01
5.702465644122828081e+01
5.680308972730118455e+01
5.676346952929839773e+01
5.706295702983544516e+01
5.716151159721838582e+01
5.679561889680654474e+01
5.684995979794631893e+01
5.664700510044375648e+01
5.726772603681403240e+01
5.775909456382306217e+01
5.817682274883843974e+01
5.767106986564535021e+01
5.734000012275436120e+01
5.684969096589269810e+01
5.671983894627655332e+01
5.649033616282138581e+01
5.650677174440086503e+01
5.645328153099240609e+01
5.657702283844912472e+01
5.650916422692371555e+01
5.680514586287110035e+01
5.704619001147753465e+01
5.709633271342380567e+01
5.762528248847643653e+01
5.805334413571722507e+01
5.785926212352771358e+01
5.743484382576245650e+01
5.759136791323721383e+01
5.734336727491453445e+01
5.751127928458757310e+01
5.807611384239567087e+01
5.838880234706341099e+01
5.858031388290461194e+01
5.860332787076420402e+01
5.872910690063648076e+01
5.901749617927047353e+01
5.920054011919448556e+01
5.943899415075463111e+01
5.960311918834815259e+01
5.981417690131163312e+01
5.680430867811964646e+01
5.636461482749943031e+01
5.609593621683330866e+01
5.621692905411626384e+01
5.640864190711177173e+01
5.660754816574294068e+01
5.660969145691014859e+01
5.698056798443474946e+01
5.717174931104113966e+01
5.713844728007021700e+01
5.701496743940537471e+01
5.673148465263584228e+01
5.650569396109914067e+01
5.682190060579277713e+01
5.667997201200537916e+01
5.655796154105826190e+01
5.645956655434642357e+01
5.617748193976443360e+01
5.604109202280776003e+01
5.593359848275608215e+01
5.579344000687424199e+01
5.571533508872071394e+01
5.571433955084178535e+01
5.592280960184622529e+01
5.633851725005677480e+01
5.648323973313201662e+01
5.635127142830838665e+01
5.582516832691941744e+01
5.550552947025354911e+01
5.576049396355423227e+01
5.587557249565756479e+01
5.576762599200868920e+01
5.551750661339127646e+01
5.545800511885691009e+01
5.548864829033861668e+01
5.532784253070393277e+01
5.530682330123306656e+01
5.523297059419249422e+01
5.491403512002307963e+01
5.451505029859998785e+01
5.398733911506380423e+01
5.370548527868309208e+01
5.374254604823018866e+01
5.377475924800677376e+01
5.366206215053367146e+01
5.361452184106993002e+01
5.346179331848005489e+01
5.327090414725613243e+01
5.311296592952672313e+01
5.288172494430020976e+01
5.269000963621744660e+01
5.248315871525284138e+01
5.232656343024790147e+01
5.229184235884783050e+01
5.240324317025416434e+01
5.246956121453165878e+01
5.250459039938132122e+01
5.191902631239757682e+01
5.161593351623733383e+01
5.142333805937628455e+01
5.085014147440264765e+01
5.048929397828475629e+01
5.042747488138859779e+01
5.054452362100818164e+01
5.039128689535804284e+01
4.982077003811522786e+01
4.953792557403009056e+01
4.940975651672221147e+01
4.932885157156272271e+01
4.920655017277676535e+01
4.930464686638801197e+01
4.944782509958447747e+01
4.937406691340293463e+01
4.950313330509982990e+01
4.941266456756707015e+01
4.946771989909591127e+01
4.980372191226745571e+01
4.998476127345375630e+01
4.980887636794392392e+01
4.952526591663751532e+01
4.911832415744474645e+01
4.922156180375259993e+01
4.912002553290737694e+01
4.886958699294775954e+01
4.895079759646958451e+01
4.921205816101689834e+01
4.958436968703774994e+01
4.945392967402579387e+01
4.907851123509301772e+01
4.886143855837276817e+01
4.903126676364261272e+01
4.934946939426859558e+01
4.941311507607701259e+01
4.949873869892651612e+01
4.974680071443039253e+01
4.986488550086848903e+01
5.002677395397938653e+01
4.988920805023108329e+01
4.962825437158973330e+01
4.941405905712374391e+01
4.969863067508761389e+01
5.007294677984619113e+01
5.015028448323482024e+01
5.004228887784099555e+01
4.992039993371264472e+01
4.969951696158402399e+01
4.969740804163827619e+01
4.900827241648099886e+01
4.862860790415339096e+01
4.837068012054478316e+01
4.831286281586231723e+01
4.866813971901526514e+01
4.850082675063065096e+01
4.831700700313637498e+01
4.834383742412246221e+01
4.819543844789384224e+01
4.821289043559385590e+01
4.833604497719837667e+01
4.827564860336224228e+01
4.808055018505220346e+01
4.802531440461065415e+01
4.773855039373462006e+01
4.770812572501795046e+01
4.738818120998975303e+01
4.729976983557052961e+01
4.718561809890319125e+01
4.727433635922836430e+01
4.707490716701344979e+01
4.683784148729185404e+01
4.688862496700976834e+01
4.707778452926770996e+01
4.696318105654679442e+01
5.008481344405776525e+01
5.017483535571145126e+01
5.026689130714982667e+01
4.995305136656293854e+01
5.030928943637334783e+01
5.087461746671822027e+01
5.128396030123920468e+01
5.161771345449189141e+01
5.162117144488022547e+01
5.139403536553179919e+01
5.149500328367919622e+01
5.128640925076874879e+01
5.115627121348824602e+01
5.148776936910395108e+01
5.165363015338157737e+01
5.174895628103383416e+01
5.209061113259312492e+01
5.197055000092066024e+01
5.189862085473862408e+01
5.188032308948179150e+01
5.196036752656097235e+01
5.191791170278713707e+01
5.196017848484290624e+01
5.187653980003314302e+01
5.188117623230035491e+01
5.182752398313355258e+01
5.208172862693108129e+01
5.181155855076200112e+01
5.224250983569328355e+01
5.265057479730185719e+01
5.286797522816966932e+01
5.261865866308223616e+01
5.260473954593161494e+01
5.249240948400203877e+01
5.235384558728755877e+01
5.217291179485290797e+01
5.220321370920719062e+01
5.226314361646627304e+01
5.243416376659485678e+01
5.266682870242501480e+01
5.292724103432825444e+01
5.300173083650960137e+01
5.317492987657048786e+01
5.307776857120060043e+01
5.305034524664420559e+01
5.312427037875858815e+01
5.333354324329300766e+01
5.351695053612967712e+01
5.344968973834907899e+01
5.324859476943662173e+01
5.297595364795276396e+01
5.261032609696366791e+01
5.225858820207822930e+01
5.233608671368158838e+01
5.265959233276252860e+01
5.260364580456278105e+01
5.224015049684827972e+01
5.221998195510872876e+01
5.248301877527972437e+01
5.246493705770068772e+01
5.224950928943637507e+01
5.222626329583187754e+01
5.217255703474562267e+01
5.195342331228096100e+01
5.192944693022027991e+01
5.213933111147937183e+01
5.242938616681090025e+01
5.228717278290277193e+01
5.201921719543108225e+01
5.245686841346124396e+01
5.261144929937947978e+01
5.258897052053987409e+01
5.262372228053054357e+01
5.265578571998502611e+01
5.315313852216023349e+01
5.345515353501875211e+01
5.356302147587570062e+01
5.372203993199408245e+01
5.381189244262768057e+01
5.388044338875693029e+01
5.390534779379721897e+01
5.394506251265904240e+01
5.397560993573809185e+01
5.391401056915059797e+01
5.374185985134446497e+01
5.402660700804654681e+01
5.433265204662210834e+01
5.431208209811756404e+01
5.416911868505526684e+01
5.432261073977916510e+01
5.424329423606891254e+01
5.386766834226371259e+01
5.387456099971152668e+01
5.378795288687571485e+01
5.394363487942452906e+01
5.426410969329822365e+01
5.476729332768663028e+01
5.497793981353612480e+01
5.497124724569899712e+01
5.494236682686111095e+01
5.474481823147790038e+01
5.454913427485929134e+01
5.438811860526493547e+01
5.433954102143904663e+01
5.418642091243317793e+01
5.419317731253874371e+01
5.431842113339102696e+01
5.417585421691923386e+01
5.420370840928759293e+01
5.422320671220853683e+01
5.412594597580511646e+01
5.416914323592774849e+01
5.430819323991726577e+01
5.445725386215912778e+01
5.438195142609880151e+01
5.421274681298986309e+01
5.421244974743289902e+01
5.419322273165282411e+01
5.433075426417966014e+01
5.436296378132537654e+01
5.420889109846741150e+01
5.411428799400958667e+01
5.427490348438257683e+01
5.411249823540604353e+01
5.381351648284201161e+01
5.358424325004450139e+01
5.364588926328969620e+01
5.386556678757971639e+01
5.383082484793803246e+01
5.367346725834268995e+01
5.367712656588533804e+01
5.364181259091495235e+01
5.341570151049243265e+01
5.339232171463293497e+01
5.342972374130745550e+01
5.352462759395312020e+01
5.357467454749673408e+01
5.349703855100750616e+01
5.360342730179773696e+01
5.362976793287791111e+01
5.327383797651709330e+01
5.319634069245735475e+01
5.324109693298225920e+01
5.354423883088745129e+01
5.355068588999981927e+01
5.391375278498959744e+01
5.405195823896591634e+01
5.408164392642103735e+01
5.427090046462526374e+01
5.399939236590620339e+01
5.405881284256139452e+01
5.407724809270409594e+01
5.407514285538922394e+01
5.383710987129204995e+01
5.368330602048770572e+01
5.354639316994727949e+01
5.300968777427927847e+01
5.283305038452804325e+01
5.275459929907258783e+01
5.273281899255494665e+01
5.289980911696649457e+01
5.307539081920123891e+01
5.307971791047524590e+01
5.290338986171720848e+01
5.280447930668336198e+01
5.271938598267936271e+01
5.261910917159218570e+01
5.277606044424803855e+01
5.258923689750624675e+01
5.248940936738539165e+01
5.244166651322371564e+01
5.235949106041356060e+01
5.230858482633326645e+01
5.228310715842064127e+01
5.221093864123196227e+01
5.237926433310623509e+01
5.214034506251265810e+01
5.196432021702971582e+01
5.156480018658663056e+01
5.158199316258201605e+01
5.171275970219791418e+01
5.167054693206159754e+01
5.146478729737857805e+01
5.124326600256556929e+01
5.113996697907651878e+01
5.137711858685177901e+01
5.116116542991646554e+01
5.102917134667673338e+01
5.074466233343767385e+01
5.118191828242095909e+01
5.148320290682330125e+01
5.181913126737741493e+01
5.209530771449790620e+01
5.211695053612967854e+01
5.228357485254132087e+01
5.216709692070681825e+01
5.154631215206810424e+01
5.147239561275908670e+01
5.185353194989166781e+01
5.189126418580100619e+01
5.192113154971244882e+01
5.203411957502439833e+01
5.216317491882868040e+01
5.230074818783872814e+01
5.244198444702228556e+01
5.245481350543494869e+01
5.211618209382115907e+01
5.226965205275982385e+01
5.227026950720261311e+01
5.217127179657146741e+01
5.229091310832458817e+01
5.237843451361652569e+01
5.245685000030688627e+01
5.215958189864172567e+01
5.218707028301017914e+01
5.222561392525486923e+01
5.218903312526468596e+01
5.214365697520975829e+01
5.279562748961190977e+01
5.275545244189115124e+01
5.257366182400706833e+01
5.244619492165202956e+01
5.235704456597126466e+01
5.200840744627961953e+01
5.216566805992867728e+01
5.225133096417413725e+01
5.239843119924874060e+01
5.239901059983919396e+01
5.216318105654679727e+01
5.222932478962971459e+01
5.228295985318577976e+01
5.228491778526579736e+01
5.218169732456867393e+01
5.239176932000221143e+01
5.237047757584684859e+01
5.234301988006898654e+01
5.244351764900844870e+01
5.249624801291376031e+01
5.270816623395754164e+01
5.289471235584034758e+01
5.296662799904251528e+01
5.317479975694636352e+01
5.327827431917361878e+01
5.319597242937020809e+01
5.317694304811357142e+01
5.321885998023654452e+01
5.270428105838811206e+01
5.243687541045989775e+01
5.241251112461409178e+01
5.273462961940010274e+01
5.278710833686252357e+01
5.265194350844242877e+01
5.265875392046744707e+01
5.284793680605424271e+01
5.279949302448336113e+01
5.264882554763789813e+01
5.253079845575012286e+01
5.225905589619890890e+01
5.210569150601189392e+01
5.205265916637512191e+01
5.229968759014773383e+01
5.220032775414756543e+01
5.212270648818182650e+01
5.188840646424472425e+01
5.174957864565111976e+01
5.180168787248276629e+01
5.178301693396429073e+01
5.179972625777188711e+01
5.186607867327084875e+01
5.211628397994194017e+01
5.179667826695391142e+01
5.156241506932552454e+01
5.138319738287699323e+01
5.135325022863000299e+01
5.149807214273877065e+01
5.109850914826885315e+01
5.091196670901692301e+01
5.099000411227113716e+01
5.130477575846851579e+01
5.118439301036660538e+01
5.086970729222289833e+01
5.037206969992696060e+01
5.075319498916692851e+01
5.102947086732094562e+01
5.094391966954525941e+01
5.072554334149649691e+01
5.064097540616349846e+01
5.088214108158868498e+01
5.093137049107882319e+01
5.053523848103751703e+01
5.057817795699914853e+01
5.082291332928244287e+01
5.040766109975633213e+01
5.007644527917410926e+01
4.990796000662873411e+01
5.030336408330111198e+01
5.036158156720494361e+01
5.006289565265425523e+01
5.009553972024281165e+01
5.004290510474015719e+01
5.009935124319480337e+01
5.012370816377887195e+01
5.044948351102027573e+01
5.028904110429824215e+01
5.072839983550915122e+01
5.110192540217398260e+01
5.139644994383987608e+01
5.136741485450539102e+01
5.123920528825793497e+01
5.117542089402002148e+01
5.106674277437134180e+01
5.089372295567953586e+01
5.065020039649659367e+01
5.050158660013380540e+01
5.042070866093403936e+01
5.025750428105838807e+01
5.023545268739987790e+01
5.025374431493859362e+01
5.019397030571973772e+01
5.020740331559532876e+01
5.016789850669318440e+01
4.995639765048150593e+01
4.978694384601692491e+01
4.986110712159433689e+01
4.995428504790488944e+01
4.995326373160985867e+01
4.989820471745014885e+01
5.035950947356791829e+01
5.036726141155241265e+01
5.037067398282666630e+01
5.013619964769497983e+01
5.017777777777777715e+01
5.000745609997115082e+01
4.961944797363236148e+01
4.946993316024968124e+01
4.981895695618283071e+01
4.992198469253101223e+01
4.951265290590264101e+01
4.920619050249498372e+01
4.956763949498855482e+01
4.971863718106882146e+01
4.987893351009961407e+01
4.947495381367115641e+01
4.929286735777372996e+01
4.933409809301097937e+01
4.948829721286220007e+01
4.942621051145604838e+01
4.967737575724097354e+01
4.962717658828800893e+01
4.955934375517870194e+01
4.943588355521184496e+01
4.946989265131009716e+01
4.974746604307450326e+01
4.978843899415075214e+01
4.999317976762598903e+01
5.013637518643318458e+01
5.017376862030234719e+01
5.022042264326968564e+01
4.998708869616454109e+01
5.022955802291824057e+01
5.021914477035727487e+01
5.011625820152583799e+01
5.001446291897597973e+01
5.011426958085522898e+01
5.032300478128241394e+01
5.012347738557758703e+01
5.008534374290326241e+01
5.012353753521515642e+01
5.037009580977984058e+01
5.022273533545698143e+01
5.011384730584862979e+01
5.028622143659430321e+01
5.054402278320965536e+01
5.054574379937027118e+01
5.068162674081030161e+01
5.070634824185064815e+01
5.075310537848238823e+01
5.098373381944060867e+01
5.108086811885077339e+01
5.110103420550307618e+01
5.143368379703793636e+01
5.160330331989172947e+01
5.151212015196990279e+01
5.145333063273736229e+01
5.140934528960823258e+01
5.127580204631522065e+01
5.107254660062481832e+01
5.088014632319995911e+01
5.085967457818532012e+01
5.100511640182413231e+01
5.085029737244287418e+01
5.069712202397392531e+01
5.062796835392537531e+01
5.060359424773057668e+01
5.061295304031867204e+01
5.045136042522111097e+01
5.051536700485493725e+01
5.076637389751238061e+01
5.095677205128676945e+01
5.099935799468473618e+01
5.087873342048892766e+01
5.085623991112584008e+01
5.099796350512806242e+01
5.088861023648627935e+01
5.086801819219650866e+01
5.078844513186887610e+01
5.097925696784449201e+01
5.109481669704837259e+01
5.130601434998496302e+01
5.153141713773653265e+01
5.108990038483492668e+01
5.084734635757118326e+01
5.073986632049936674e+01
5.055442007770351154e+01
5.047873096540168092e+01
5.057066907265217282e+01
5.057097595855812955e+01
5.074645086449759646e+01
5.069702013785315131e+01
5.067779066698582824e+01
5.070380968163656377e+01
5.092485837215440370e+01
5.084997084583893212e+01
5.072467915078532030e+01
5.061774168799523466e+01
5.025035383944956635e+01
4.999234503796178331e+01
5.018053238566965746e+01
5.028615023906412063e+01
