1.180310704106900914e+02
5.925645691577914675e+01
5.914311815608731848e+01
5.905491114133040753e+01
5.911375188426610094e+01
5.902417762389433875e+01
5.835493425663396749e+01
5.802110746894803128e+01
5.788203572052122325e+01
5.765497581499887758e+01
5.764454196042365197e+01
5.769723009809249703e+01
5.773530518348386664e+01
5.765823040055870052e+01
5.784511885938272258e+01
5.789623933683669321e+01
5.775672249586260421e+01
5.749128503874272411e+01
5.753926650715467872e+01
5.763232281750959629e+01
5.747192105386111649e+01
5.732322325694627096e+01
5.709820069493455463e+01
5.734874353570699412e+01
5.743870018221744544e+01
5.733791991776853791e+01
5.726827768856800560e+01
5.729582670407739187e+01
5.732288882276709785e+01
5.733709858676968452e+01
5.727974066596664926e+01
5.712210167290862017e+01
5.681878954499737944e+01
5.700122216019889265e+01
5.712053893084343770e+01
5.706754340881873588e+01
5.703272413852460687e+01
5.723359735600272558e+01
5.744111007556737292e+01
5.774614601494625532e+01
5.737100308122078474e+01
5.718167522014867643e+01
5.716337970328802953e+01
5.765643896453276085e+01
5.781447755725341153e+01
5.756954017759438358e+01
5.759354935486171456e+01
5.760351844429089141e+01
5.777081299473512388e+01
5.769092134157287433e+01
5.751533233167018011e+01
5.749514824532714385e+01
5.729828086077456106e+01
5.746087120103674550e+01
5.734527992878519598e+01
5.731325293797967646e+01
5.756106497613468065e+01
5.729771527355978122e+01
5.719942974054301033e+01
5.725116252763385205e+01
5.724053440614571997e+01
5.700084961035958742e+01
5.712988341526151004e+01
5.713988939081338714e+01
5.714588092667776209e+01
5.701654711464453129e+01
5.710795584485205012e+01
5.699417445168778329e+01
5.685446088472594539e+01
5.700614153943003259e+01
5.714752481821289365e+01
5.664539402985808891e+01
5.645257428250343423e+01
5.629200899037763861e+01
5.640412927848284852e+01
5.634821360507749688e+01
5.626261443919568705e+01
5.612104058211220092e+01
5.631773706096292642e+01
5.635719168734338780e+01
5.631341400738214276e+01
5.609113454336209514e+01
5.586145326405299727e+01
5.566158211957497315e+01
5.544023464492188680e+01
5.555275207361486167e+01
5.595285830564824892e+01
5.609319770715861608e+01
5.634463073302562464e+01
5.614953511190019952e+01
5.610780338221154295e+01
5.604908313394334840e+01
5.622817878457766483e+01
5.612952316079644532e+01
5.619931293448778575e+01
5.606681306358921546e+01
5.596879679926817630e+01
5.596002896790169956e+01
5.608009206776226563e+01
5.606894016333175301e+01
5.615409792527854904e+01
5.617669559358377995e+01
5.601436345618051860e+01
5.592423221535593569e+01
5.573766220672458616e+01
5.568071618095839881e+01
5.577888982606963708e+01
5.583433212756696662e+01
5.570899431215988074e+01
5.566464981544643109e+01
5.561134076137875581e+01
5.576648010485494922e+01
5.557543458000230885e+01
5.551923980160184158e+01
5.566680765362455219e+01
5.574086638125004356e+01
5.565871360876610652e+01
5.566968845980765224e+01
5.556764914903715180e+01
5.581536036512343202e+01
5.591380327893040203e+01
5.606034323766712646e+01
5.588817480087641343e+01
5.569849037395151470e+01
5.536606157031601327e+01
5.517327625000922353e+01
5.496016913516796620e+01
5.497019109470635101e+01
5.528189112692022888e+01
5.554391538815266927e+01
5.553935011569947022e+01
5.550590177963246674e+01
5.537482571307022994e+01
5.541872388769896673e+01
5.544771392106861896e+01
5.526655879525004877e+01
5.511065099088420993e+01
5.522640579161308239e+01
5.525264166115424302e+01
5.541376516327027701e+01
5.542298669394600097e+01
5.532138632803566480e+01
5.516757365543934810e+01
5.520365934927961149e+01
5.515157368494824652e+01
5.507859695025537405e+01
5.500065165483442087e+01
5.484765047693756657e+01
5.492379204095835377e+01
5.484700251071541999e+01
5.497497645435834102e+01
5.516638346321347086e+01
5.511792862289349415e+01
5.502668465070071591e+01
5.515319667434717843e+01
5.519876456079693838e+01
5.521832035351660295e+01
5.545677561187930138e+01
5.547017511071984330e+01
5.529082986398857003e+01
5.551427738856087757e+01
5.572778656213959181e+01
5.597053167657264083e+01
5.575058587458226356e+01
5.548955753866280105e+01
5.537889917055405675e+01
5.538975721554037079e+01
5.530852167797431207e+01
5.484109335385841177e+01
5.461012106025471269e+01
5.452686785177680662e+01
5.447951590652564846e+01
5.442213954266126308e+01
5.387397487317321776e+01
5.380409534324996201e+01
5.380489823118746529e+01
5.393738703624921982e+01
5.413534747957123727e+01
5.426456202647440108e+01
5.417068561465805487e+01
5.413989922711277814e+01
5.420398640623424313e+01
5.433900314023858158e+01
5.440454978028166266e+01
5.440280752575266376e+01
5.433837115800293560e+01
5.433293906166621667e+01
5.426311732000186794e+01
5.415216140383665078e+01
5.417408774470868593e+01
5.422156018462734295e+01
5.428300385828843133e+01
5.434347004969790618e+01
5.433856050676614302e+01
5.444665651888446689e+01
5.432301054697202147e+01
5.427938410011385173e+01
5.421994580199037728e+01
5.447005092744007726e+01
5.449935203377785342e+01
5.458945130662942091e+01
5.455288117504432677e+01
5.475770735533877343e+01
5.474623208256589635e+01
5.489156463555281107e+01
5.495248329673410126e+01
5.462864281200126726e+01
5.448950343901617543e+01
5.449321295342266325e+01
5.476178573097229219e+01
5.498358444585977622e+01
5.476172179502627557e+01
5.478550473740769178e+01
5.430322360121675018e+01
5.414782359580678417e+01
5.388246728815685316e+01
5.377898327091381958e+01
5.376303617053192596e+01
5.364879984852098715e+01
5.335936919812028378e+01
5.342853067818825252e+01
5.369564399481627248e+01
5.390271408090848126e+01
5.385634330652121804e+01
5.389230235800687296e+01
5.393919076764939291e+01
5.398392133911379887e+01
5.400937768192850541e+01
5.450113609257925162e+01
5.478714862894281623e+01
5.454459901096009844e+01
5.417103972143600288e+01
5.435419284556763841e+01
5.445999085224156744e+01
5.431675343102418196e+01
5.418165677708732630e+01
5.443742761098419436e+01
5.462827272123681865e+01
5.468032026990805861e+01
5.471100337630976185e+01
5.494643766122309358e+01
5.501146789554833560e+01
5.494550690139355709e+01
5.493955102211445762e+01
5.493700465011053780e+01
5.495003651726147353e+01
5.480328876670019156e+01
5.470110314097630066e+01
5.492334817794849045e+01
5.519818053052080842e+01
5.542399122602094508e+01
5.521610841569184913e+01
5.511043705137253568e+01
5.518653558158349881e+01
5.537634788040043787e+01
5.509754904010013377e+01
5.426466038946827553e+01
5.398787184285528440e+01
5.382293677472661386e+01
5.386126760390205703e+01
5.399132069532800671e+01
5.385591788657271195e+01
5.387425028955606621e+01
5.399475725242649560e+01
5.414132180191168686e+01
5.416681380131166890e+01
5.429192661137027187e+01
5.454099400723459468e+01
5.445714816171859951e+01
5.430963072073024733e+01
5.429758986074259042e+01
5.446303395736455855e+01
5.452018408634303626e+01
5.445222017572548623e+01
5.452992448181145591e+01
5.448625377160604444e+01
5.457040823101532823e+01
5.469760633654406234e+01
5.474740629080527299e+01
5.481226561942865771e+01
5.484076383782893060e+01
5.487487366502974595e+01
5.498474021103780274e+01
5.517644968609909739e+01
5.426615181836289281e+01
5.399679090732484354e+01
5.395683217060077652e+01
5.418114160090690490e+01
5.418598106020552763e+01
5.443180001819715130e+01
5.439362411073705772e+01
5.430834954273503001e+01
5.414856869548538754e+01
5.407692109074724129e+01
5.399152848715256425e+01
5.395292470066911505e+01
5.399884669389682301e+01
5.393060367828415735e+01
5.386962599930654250e+01
5.415647216204319392e+01
5.407120865987798197e+01
5.390160749722739553e+01
5.392393220822462041e+01
5.366655559845275292e+01
5.341153109377189878e+01
5.328878268417855679e+01
5.312499969261564559e+01
5.300386443612184451e+01
5.295977814226731795e+01
5.294332324292954439e+01
5.297678264483336363e+01
5.295024062047376390e+01
5.284490737894589074e+01
5.295235296576721851e+01
5.313101950784076166e+01
5.325049611835035535e+01
5.337289165070317409e+01
5.341088804569944415e+01
5.382380605768497617e+01
5.406239164701455735e+01
5.405405169467142912e+01
5.392278996795825208e+01
5.386333076769857797e+01
5.380906636305289226e+01
5.395734488770634840e+01
5.393564109310795374e+01
5.391997924540829246e+01
5.404728432069286725e+01
5.376363003710743982e+01
5.373037842702818523e+01
5.363998775380726158e+01
5.371315014865107429e+01
5.363631389598604926e+01
5.343725301667006988e+01
5.341541766156736770e+01
5.347749085838925964e+01
5.358052855354758748e+01
5.358308599138832307e+01
5.355403325161007899e+01
5.367825218796184572e+01
5.375328962737638960e+01
5.383032998325369789e+01
5.388925925288388186e+01
5.394454048497873799e+01
5.406133178575556286e+01
5.415731562471567173e+01
5.430807535588960633e+01
5.431759689369665267e+01
5.435137720486798685e+01
5.426609525964141767e+01
5.400515176180417143e+01
5.380798559965769812e+01
5.396152408540859113e+01
5.435030135962248465e+01
5.419825922091590797e+01
5.410322704392153526e+01
5.403012981456116393e+01
5.414077219868341473e+01
5.414821335917001477e+01
5.424750465379914743e+01
5.408003304996594096e+01
5.405909156857007503e+01
5.409533710227537995e+01
5.404064604814377049e+01
5.401139535284035276e+01
5.392031736819973275e+01
5.381327752872814330e+01
5.377881236521196229e+01
5.401312777106996776e+01
5.396908574056268293e+01
5.381976210909931524e+01
5.372177043552674292e+01
5.374311889380977192e+01
5.385365430817617494e+01
5.387737823276127358e+01
5.364972200158856452e+01
5.374742227479178069e+01
5.373509616212188433e+01
5.360231595669077365e+01
5.359012755221230861e+01
5.353439753895789011e+01
5.361263423474820655e+01
5.363823935159114598e+01
5.352976218287155774e+01
5.342905200205578353e+01
5.352064516287682494e+01
5.356328429118396883e+01
5.340466781587431200e+01
5.341722016343011603e+01
5.328681665383849264e+01
5.318689829512340594e+01
5.317846489793609521e+01
5.309345099186784012e+01
5.308491923168665494e+01
5.315986814440670827e+01
5.333078614163779463e+01
5.342605438981746602e+01
5.359701542085836223e+01
5.354896263927584954e+01
5.362581118731510799e+01
5.364448786077701925e+01
5.368373100672064879e+01
5.370722992595725742e+01
5.361877577417823915e+01
5.359069928711420516e+01
5.351654219649483224e+01
5.351757377839309271e+01
5.348080569128282491e+01
5.368531219184718140e+01
5.387356912582347945e+01
5.388132627742790959e+01
5.392929668000304844e+01
5.401905660052575087e+01
5.396210442707244681e+01
5.395511573635766922e+01
5.384781892356457433e+01
5.373901592742778632e+01
5.384643815303806491e+01
5.380940202676949013e+01
5.382867010773206573e+01
5.382033999168832850e+01
5.383432352080500038e+01
5.364309356533885165e+01
5.353386514925355044e+01
5.350531160166922007e+01
5.336498449553309342e+01
5.300067993419515489e+01
5.277025109613261122e+01
5.274419842766754130e+01
5.290708508644877384e+01
5.293596200237546867e+01
5.304031776165171408e+01
5.311018622573815406e+01
5.307701576512884145e+01
5.309254359324934569e+01
5.299794913157771958e+01
5.305681569479930459e+01
5.295878959417888154e+01
5.309995524483778695e+01
5.329569760264793388e+01
5.347988599729009707e+01
5.357510875258510197e+01
5.374118852005498326e+01
5.376405545705594591e+01
5.378165628527235498e+01
5.387420233759655019e+01
5.390718467898007304e+01
5.374650749894874480e+01
5.367722060606358525e+01
5.358039207489358091e+01
5.344498434798860131e+01
5.337536793907396060e+01
5.347418832086992069e+01
5.349802167428570243e+01
5.353671275792621032e+01
5.348385371455550796e+01
5.353473074359964556e+01
5.365021996424505346e+01
5.369761125469376140e+01
5.357523170632744325e+01
5.343715219460134591e+01
5.362800837069077886e+01
5.380352360834806547e+01
5.264681537511957288e+01
5.232694014857730025e+01
5.217253483894289445e+01
5.224872927307288251e+01
5.230426378987696978e+01
5.205089547210548773e+01
5.232867502588176478e+01
5.229766609206284755e+01
5.209175300068608294e+01
5.213177198474389940e+01
5.213708973410023617e+01
5.219111683802319845e+01
5.197729536193892841e+01
5.207383495181442612e+01
5.207256975780571651e+01
5.221811747984173735e+01
5.197497522482091625e+01
5.221376614690021256e+01
5.225142318956761756e+01
5.216390102715556054e+01
5.200937768192850541e+01
5.203354178091118598e+01
5.194007234598199574e+01
5.201434501311916137e+01
5.187592491952677420e+01
5.179862636079054283e+01
5.181014343783581921e+01
5.190314564854410406e+01
5.196457456775611661e+01
5.193135246657502790e+01
5.196384791113887047e+01
5.203084663487902617e+01
5.189153143804237800e+01
5.186110038681247403e+01
5.197472071057426746e+01
5.207967033642602672e+01
5.201535569288122218e+01
5.197574245617313693e+01
5.202941053516845926e+01
5.211446132735942172e+01
5.224729440289974036e+01
5.222676481654072234e+01
5.216234566231492664e+01
5.223391211758312380e+01
5.232379868046043470e+01
5.240804535517647622e+01
5.244478024477631095e+01
5.236811735688799274e+01
5.243801901848486580e+01
5.274859771256857499e+01
5.270935825523721263e+01
5.243636160203808316e+01
5.245403866157474226e+01
5.259160545619526772e+01
5.261666465842220930e+01
5.270822953988250248e+01
5.265626928836832832e+01
5.177735905197746291e+01
5.147794086908623257e+01
5.116446661437034038e+01
5.127595860885217860e+01
5.134398153726605329e+01
5.134859722075361077e+01
5.166605886533368164e+01
5.175372611316170435e+01
5.166502851297284593e+01
5.131235045751087398e+01
5.153908576515343043e+01
5.131492756795038446e+01
5.116596542048950624e+01
5.119107011560110720e+01
5.136358036379553482e+01
5.148580621998392104e+01
5.115342659784536039e+01
5.118807250336278258e+01
5.119836619067174865e+01
5.108085561050221912e+01
5.110878209400059546e+01
5.108677583319603599e+01
5.099192562774032922e+01
5.098751158839021258e+01
5.099538431651244252e+01
5.109762404188296614e+01
5.109810479101552261e+01
5.098700378943433975e+01
5.093530051124166391e+01
5.097284689554096104e+01
5.102753057244803614e+01
5.111617653206510425e+01
5.068739502824247722e+01
5.074733497763471490e+01
5.089652704859377508e+01
5.098572015236428001e+01
5.100219226522597893e+01
5.123832615693324044e+01
5.145955313691882793e+01
5.151958530161782335e+01
5.143787516260632486e+01
5.135984011095345636e+01
5.137116538016067580e+01
5.140068042601012621e+01
5.125586673781590008e+01
5.139444544173591112e+01
5.139727952549691992e+01
5.144853402253004049e+01
5.129889439994884981e+01
5.131629112495296852e+01
5.153045687151579557e+01
5.154910895422924000e+01
5.149289696230484026e+01
5.158188596286305483e+01
5.163159616089235016e+01
5.161197151407697703e+01
5.169489028837570999e+01
5.178505718578556127e+01
5.168276213123098728e+01
5.073197805521606796e+01
5.041585414735268245e+01
5.026477473644865057e+01
5.028600884775129742e+01
5.019820389173185049e+01
4.992958070314786312e+01
4.978128742404532403e+01
4.960836036266435656e+01
4.972278849251334520e+01
4.979962966332806218e+01
4.974687390110092622e+01
5.270117814275913304e+01
5.276448825422899347e+01
5.285213951807050847e+01
5.282160764477188053e+01
5.272547994993323783e+01
5.274300331729196500e+01
5.275011742082394051e+01
5.275332897257393938e+01
5.285750398984893650e+01
5.291575455482138324e+01
5.273279938621492136e+01
5.272746073472238493e+01
5.281200126888261792e+01
5.272704515107326273e+01
5.271611702245381537e+01
5.258158718526915720e+01
5.256716839990458823e+01
5.246552868879670228e+01
5.252507149760117500e+01
5.271235463793811249e+01
5.282413434417703257e+01
5.292139813159493400e+01
5.284624757473743273e+01
5.276658830414821466e+01
5.264397022552175542e+01
5.265793654111450195e+01
5.280225841433935585e+01
5.286223770892914331e+01
5.291603611889134839e+01
5.291222209380386943e+01
5.300578620311466693e+01
5.298421150994573026e+01
5.308936523900977988e+01
5.313773155263526604e+01
5.291827510653941857e+01
5.294950043894485958e+01
5.297105914812728855e+01
5.296195688258163159e+01
5.296832957504727801e+01
5.305580993318693572e+01
5.285364693095164057e+01
5.275548558121463572e+01
5.280339081830634029e+01
5.281534315159950665e+01
5.269773174936125315e+01
5.270611227643935592e+01
5.269997073700932333e+01
5.258286713372694976e+01
5.255536361110222998e+01
5.250958547375306296e+01
5.251117034749186985e+01
5.249402813673439994e+01
5.250285498589720845e+01
5.257523293586486801e+01
5.262824075326381035e+01
5.281303653939315268e+01
5.288595917443939243e+01
5.288772479017944050e+01
5.284155688946704288e+01
5.265971199315393392e+01
5.262454845238124790e+01
5.242435516909828408e+01
5.262289472454673245e+01
5.253807631492879437e+01
5.253705333979250014e+01
5.248306312199224521e+01
5.261818190760271818e+01
5.265673036490211700e+01
5.270814347226286856e+01
5.270005557509153959e+01
5.285017594680529385e+01
5.262777598811774737e+01
5.246736807678215087e+01
5.249912333981709622e+01
5.248552342637653112e+01
5.252226692273832498e+01
5.242201658891891469e+01
5.232268349001738272e+01
5.250407099840897729e+01
5.263205600788871408e+01
5.268283836255124442e+01
5.255207705756939873e+01
5.241332375933526322e+01
5.244683111319859137e+01
5.222095279314016381e+01
5.215279584514713918e+01
5.224587428717568116e+01
5.222473239117979205e+01
5.223446540942366312e+01
5.235310839356017709e+01
5.236543819484233353e+01
5.237581549069609110e+01
5.240790149929793529e+01
5.246349257482349770e+01
5.254587650034304147e+01
5.249390272391720913e+01
5.246244746801358616e+01
5.243712514477802955e+01
5.252386040323909100e+01
5.243169304844131773e+01
5.227882711966103813e+01
5.228779782470238757e+01
5.195154515968002329e+01
5.161842166740029114e+01
5.132345072136960340e+01
5.109431289760166095e+01
5.117303403113680815e+01
5.117027617869604939e+01
5.105413407367880296e+01
5.109468175882869190e+01
5.100919325131498994e+01
5.110977801931357334e+01
5.111511421173126024e+01
5.103406310477871699e+01
5.095892853190772342e+01
5.078687198302255013e+01
5.084440203906486033e+01
5.063416835318216869e+01
5.046935132064614749e+01
5.030198299795650740e+01
5.037717658862382564e+01
5.052657891048229999e+01
5.051061213750163148e+01
5.047002756622903519e+01
5.065234829352500867e+01
5.071086074996864568e+01
5.084919846455366610e+01
5.076880147151038614e+01
5.085877287246992040e+01
5.047926753996611637e+01
5.052933922199790118e+01
5.062785467851284693e+01
5.076041110813289947e+01
5.061600931497552125e+01
5.056774628249360148e+01
5.039567374962192048e+01
5.052723917207867999e+01
5.059035870524790823e+01
5.048519882849674190e+01
5.048714149762576398e+01
5.048320205972109420e+01
5.056040963268799260e+01
5.063087934057448791e+01
5.063744629995303370e+01
5.047337436709560876e+01
5.041265489097691699e+01
5.049039977179785410e+01
5.058027035068866439e+01
5.056299657942688697e+01
5.055518163956356403e+01
5.052661702614242500e+01
5.046351839510938930e+01
5.061190511905611089e+01
5.038617926163818339e+01
5.022240487683723842e+01
5.005302748999771012e+01
5.026996707298780365e+01
5.045713586634436609e+01
5.058753814639856472e+01
5.058756027807218203e+01
5.063974307585999668e+01
5.060409509734247990e+01
5.052580922005522979e+01
5.059014107712396680e+01
5.036911697081323780e+01
5.019773543797352744e+01
5.006542983398785651e+01
5.012982439746518537e+01
5.010038681247340975e+01
5.022742999628679428e+01
5.030981761041860523e+01
5.052289521636170377e+01
5.057930516381127006e+01
5.048835505106269039e+01
5.052905273977824407e+01
5.046903532952832450e+01
5.053253970791109140e+01
5.055417464841377040e+01
5.048869563292898022e+01
5.033736416685314907e+01
5.044566797079603049e+01
5.037262975923198383e+01
5.030689745903796251e+01
5.022481354064973402e+01
5.012138608212818269e+01
5.015547377765537362e+01
5.023273422073147287e+01
5.048265368603023973e+01
5.054883722645865873e+01
5.061108747666952468e+01
5.077765905910878530e+01
5.053343358161792054e+01
5.038830267276845376e+01
5.021755804031407422e+01
5.020917136554885474e+01
5.022802263332489048e+01
5.038571080787986034e+01
5.052583504034112138e+01
5.059021361983194964e+01
5.056946517581155831e+01
5.069591572258684664e+01
5.061234406391627516e+01
5.065926813014407770e+01
5.047940278908269107e+01
5.048858497456087235e+01
5.031770632252733577e+01
5.012007908384707378e+01
5.005250985474244629e+01
5.011642243954979392e+01
5.013462205249140879e+01
5.005197623550068187e+01
5.011063008874801028e+01
5.012546937591139340e+01
5.013680817003027101e+01
5.007259065994191616e+01
5.012396442210511793e+01
5.024217829768084442e+01
5.026262181642022853e+01
5.015796236140039355e+01
5.002816501375852454e+01
5.018327115972429198e+01
5.019702353580535714e+01
5.041245078776462663e+01
5.044263470197242327e+01
5.049622286103522129e+01
5.041007286238771457e+01
5.043548125324290510e+01
5.047975566632321431e+01
5.047414036891041178e+01
5.049300762067294812e+01
5.014731456731348658e+01
4.985505475130146635e+01
4.956799587859055833e+01
4.963001128715355037e+01
4.961864790228619881e+01
4.951224004505024823e+01
4.957891417091062181e+01
4.991112288734732516e+01
4.984284667422422643e+01
5.007886007126398908e+01
5.011351089493111033e+01
4.997311985284895997e+01
5.005175491876445903e+01
5.022059253867509909e+01
5.046220647867858844e+01
5.042706261050467731e+01
5.047543384227985541e+01
5.039974105941862348e+01
5.048590335344037072e+01
5.039943859321245867e+01
5.017251270726927004e+01
5.012804771588832864e+01
5.011035098375289465e+01
5.005431850429231844e+01
4.991902143575543960e+01
4.999417814030005758e+01
5.016757242590193044e+01
5.017904278052510847e+01
5.009230506298920460e+01
5.008932835288707963e+01
5.019505873500271775e+01
5.030675975084653828e+01
5.028961385147679408e+01
5.005837105963994560e+01
4.991663121500429412e+01
4.999434535738964058e+01
4.985753472828452715e+01
4.986397996345814931e+01
4.996154867615705797e+01
5.005299921063697610e+01
4.994612289964269536e+01
4.996288887194859285e+01
5.010139503316062104e+01
5.008968000059017811e+01
4.996518810693041246e+01
4.989672500411894873e+01
5.001679548120406338e+01
4.987116046201098385e+01
4.992574454638675974e+01
4.985490966588550066e+01
5.005797637812702305e+01
5.020561923193255893e+01
5.027716724413941307e+01
5.031383819779322408e+01
5.053543526854326728e+01
5.053007940352680549e+01
5.046740619244227588e+01
5.033648996574508772e+01
5.010106551713114698e+01
5.015341184339627745e+01
5.020610366967739679e+01
5.015463769220743728e+01
5.002256078218253066e+01
5.014757891785952637e+01
5.005931165576886599e+01
5.002950889816233371e+01
4.994667742102066654e+01
4.967232827665575456e+01
4.983988225949633488e+01
4.971528339608072855e+01
4.975129162906331715e+01
4.957486161556299464e+01
4.955638781577594898e+01
