1.761641984770569707e+02
1.714010705102847965e+02
1.714837816455696213e+02
1.714054835838607573e+02
1.710870129549050773e+02
1.707992113330696213e+02
1.708776082871835342e+02
1.706954484770569707e+02
1.704695287776898738e+02
1.703616866099683591e+02
1.704807777887658347e+02
1.704599856606012622e+02
1.702951567444620196e+02
1.702253881526898738e+02
1.701628139833860871e+02
1.701388078520569707e+02
1.700685447982594951e+02
1.699023684731012622e+02
1.697542894580696213e+02
1.695634394778481067e+02
1.694838558148734080e+02
1.693944323575949227e+02
1.695136224287974755e+02
1.693739616297468444e+02
1.693340338212025245e+02
1.692329039754746702e+02
1.690512262658227769e+02
1.690421899723101262e+02
1.688218453322784853e+02
1.688098917128164658e+02
1.686261001780063395e+02
1.685764191060126507e+02
1.686219590585442916e+02
1.687114319620253298e+02
1.686746316257911360e+02
1.687774920886076018e+02
1.686961036392405049e+02
1.688197067840189902e+02
1.687142133109177280e+02
1.687229158425632818e+02
1.686000791139240391e+02
1.686552239912974755e+02
1.685272077729430293e+02
1.687388498813291164e+02
1.687152145965189902e+02
1.687891613924050773e+02
1.688351339992088640e+02
1.689275489517405049e+02
1.689648561115506311e+02
1.691393641218354560e+02
1.693980542919303787e+02
1.695031151107594951e+02
1.695263671875000000e+02
1.696057901503164658e+02
1.697364517405063395e+02
1.696637534612341653e+02
1.697010111748417671e+02
1.697237564280063395e+02
1.697003560126582329e+02
1.697450677412974755e+02
1.697217785799050773e+02
1.697031002768987378e+02
1.696344813093354560e+02
1.696235166139240391e+02
1.696636792919303787e+02
1.696767330893987378e+02
1.696687846123417671e+02
1.696637534612341653e+02
1.697320757515822720e+02
1.697446968947784853e+02
1.697869857594936605e+02
1.699827309137658347e+02
1.700468379153481067e+02
1.700044872428797476e+02
1.699331240110759609e+02
1.698620450949367182e+02
1.697577877768987378e+02
1.698535774327531556e+02
1.697462791732594951e+02
1.697705078125000000e+02
1.698474337420886116e+02
1.697809285996835342e+02
1.696551498219936605e+02
1.696270025712025245e+02
1.696198575949367182e+02
1.695258850870253298e+02
1.692403456289557084e+02
1.690169971321202524e+02
1.687960220530063395e+02
1.687178476068037867e+02
1.686555330300632818e+02
1.687581091772152035e+02
1.686252966772152035e+02
1.685948749011076018e+02
1.685104455102847965e+02
1.683259493670886116e+02
1.683008801424050773e+02
1.681039359177215147e+02
1.680750222507911360e+02
1.679792573180379804e+02
1.680658747033227769e+02
1.680064032832278542e+02
1.680482965783227769e+02
1.681548531447784853e+02
1.681915545886076018e+02
1.681592167721518933e+02
1.682555750593354560e+02
1.681797369462025245e+02
1.682227675039557084e+02
1.681556319224683591e+02
1.680122873813291164e+02
1.679070411392405049e+02
1.676908005340189902e+02
1.674897151898734080e+02
1.673387559335442916e+02
1.670075529074367182e+02
1.666688835047468444e+02
1.665085294699367182e+02
1.662656497231012622e+02
1.662247082674050773e+02
1.659376359770569707e+02
1.658847903481012622e+02
1.658649995055379804e+02
1.658232916337025245e+02
1.658488800435126507e+02
1.658966821598101262e+02
1.658582130142405049e+02
1.658995624011076018e+02
1.658520446004746702e+02
1.658429712223101262e+02
1.659215659612341653e+02
1.659861550632911360e+02
1.660530186906645440e+02
1.660861600079113884e+02
1.660639339398734080e+02
1.660435744659810098e+02
1.659583292128164658e+02
1.659337050039557084e+02
1.659963409810126507e+02
1.659524451147152035e+02
1.658864344343354560e+02
1.659020717958860871e+02
1.659686140229430293e+02
1.661726537776898738e+02
1.663546034414557084e+02
1.664322834256329031e+02
1.665825751582278542e+02
1.667554638053797476e+02
1.668452086629746702e+02
1.670133010284810098e+02
1.671992558346518933e+02
1.672178723299050773e+02
1.673083465189873493e+02
1.674781942246835342e+02
1.676232322982594951e+02
1.676813686708860871e+02
1.678286318235759609e+02
1.678090758504746702e+02
1.678203001384493689e+02
1.678163815268987378e+02
1.677344368077531556e+02
1.676666337025316409e+02
1.676750766416139129e+02
1.676771657436708836e+02
1.676405261075949227e+02
1.676940145371835342e+02
1.677129647943037867e+02
1.679379944620253298e+02
1.680924891218354560e+02
1.680746266811708836e+02
1.680937994462025245e+02
1.682369091178797476e+02
1.680237836234177280e+02
1.678910205696202524e+02
1.677403950751582329e+02
1.674475375791139129e+02
1.673407337816455822e+02
1.671806022547468444e+02
1.672778011273734080e+02
1.672493942840189902e+02
1.667937475276898738e+02
1.667411614912974755e+02
1.667808667919303787e+02
1.666279296875000000e+02
1.667031620846518933e+02
1.665662208267405049e+02
1.664064354232594951e+02
1.663828866693037867e+02
1.664146187697784853e+02
1.663339102056962133e+02
1.665829212816455822e+02
1.666939156447784853e+02
1.669195633900316409e+02
1.669568211036392427e+02
1.671639388844936605e+02
1.672242508900316409e+02
1.672897053006329031e+02
1.674781324169303787e+02
1.674944002175632818e+02
1.675270347112341653e+02
1.675842686906645440e+02
1.678193482990506311e+02
1.679351389438291164e+02
1.680460591376582329e+02
1.679674891218354560e+02
1.680139809137658347e+02
1.678981531843354560e+02
1.675832426819620196e+02
1.674125543908227769e+02
1.672007515822784853e+02
1.670062302215189902e+02
1.667513103243670969e+02
1.664956981803797476e+02
1.664300089003164658e+02
1.663628238726265920e+02
1.664021830498417671e+02
1.665075776305379804e+02
1.666299446202531556e+02
1.667661318235759609e+02
1.668869536194620196e+02
1.669403926028481067e+02
1.670759988132911360e+02
1.670883727254746702e+02
1.671360883109177280e+02
1.671570535007911360e+02
1.670942444620253298e+02
1.670369486748417671e+02
1.670837742286392427e+02
1.669974906052215147e+02
1.669125667523734080e+02
1.668680775316455822e+02
1.667745129549050773e+02
1.666411689082278542e+02
1.668544056566455822e+02
1.669700356012658347e+02
1.671201171875000000e+02
1.671441356803797476e+02
1.672020371835442916e+02
1.672153134889240391e+02
1.672730419303797476e+02
1.674065961234177280e+02
1.676442963805379804e+02
1.677600623022152035e+02
1.678042301226265920e+02
1.678694867484177280e+02
1.679286862143987378e+02
1.680558618473101262e+02
1.681406620846518933e+02
1.681055429193037867e+02
1.682114319620253298e+02
1.683061090783227769e+02
1.682950084058544178e+02
1.683676696004746702e+02
1.684337915348101262e+02
1.684269679588607573e+02
1.684058173457278542e+02
1.683978565071202524e+02
1.683773610561708836e+02
1.682993720332278542e+02
1.682543512658227769e+02
1.682360932555379804e+02
1.682344615308544178e+02
1.682923012262658347e+02
1.683040076147152035e+02
1.683951246044303787e+02
1.684755735759493689e+02
1.686582649327531556e+02
1.688220678401898738e+02
1.688436634691455822e+02
1.689905063291139129e+02
1.690039062500000000e+02
1.690674693433544178e+02
1.690508059731012622e+02
1.690015575553797476e+02
1.689897399129746702e+02
1.690032634493670969e+02
1.691346790941455822e+02
1.691907263647152035e+02
1.692914235561708836e+02
1.691790941455696213e+02
1.690783722310126507e+02
1.689991099683544178e+02
1.689639289952531556e+02
1.689135556764240391e+02
1.689420119659810098e+02
1.689435200751582329e+02
1.689533475079113884e+02
1.689879227650316409e+02
1.689839176226265920e+02
1.690830201740506311e+02
1.688851364715189902e+02
1.689376854232594951e+02
1.687896311313291164e+02
1.687267726463607573e+02
1.687482075751582329e+02
1.687475400514240391e+02
1.688271237143987378e+02
1.688990432159810098e+02
1.687739814082278542e+02
1.687332006526898738e+02
1.685482347705696213e+02
1.686188933939873493e+02
1.684771805775316409e+02
1.681640872231012622e+02
1.679260037579113884e+02
1.677185151305379804e+02
1.676103268393987378e+02
1.674568581882911360e+02
1.673782881724683591e+02
1.672155854430379804e+02
1.671093750000000000e+02
1.670590882120253298e+02
1.670255018789557084e+02
1.668682876780063395e+02
1.667749703322784853e+02
1.666631724683544178e+02
1.665980889042721458e+02
1.664542128164557084e+02
1.663676077927215147e+02
1.661975623022152035e+02
1.660328446400316409e+02
1.659727180577531556e+02
1.658290644778481067e+02
1.657304440268987378e+02
1.656590931566455822e+02
1.655971865110759609e+02
1.655157980617088640e+02
1.655081586234177280e+02
1.653806863132911360e+02
1.653667424841772231e+02
1.653438612539557084e+02
1.653054168314873493e+02
1.652447834256329031e+02
1.653322166732594951e+02
1.653764833860759609e+02
1.653679044699367182e+02
1.653710319422468444e+02
1.654924841772152035e+02
1.655468750000000000e+02
1.656308470134493689e+02
1.658360734770569707e+02
1.660192345727847965e+02
1.661716401305379804e+02
1.661475474683544178e+02
1.663033153678797476e+02
1.663908475079113884e+02
1.663564947587025245e+02
1.662267726463607573e+02
1.661016737539557084e+02
1.661073106210442916e+02
1.660900168117088640e+02
1.661493151700949227e+02
1.661606136273734080e+02
1.661876359770569707e+02
1.663137237935126507e+02
1.663861130340189902e+02
1.665075405458860871e+02
1.665829460047468444e+02
1.666195361946202524e+02
1.666814922863923982e+02
1.667658351463607573e+02
1.669031472507911360e+02
1.670119412579113884e+02
1.670029544106012622e+02
1.670335616099683591e+02
1.670778406843354560e+02
1.670561708860759609e+02
1.669618646162974755e+02
1.671090659612341653e+02
1.670223496835442916e+02
1.669680206685126507e+02
1.669932876780063395e+02
1.669095505340189902e+02
1.669102675039557084e+02
1.668227106408227769e+02
1.668315244264240391e+02
1.668991050237341653e+02
1.669189082278481067e+02
1.669463755933544178e+02
1.671357669106012622e+02
1.672438315862341653e+02
1.673565442049050773e+02
1.720666287579113884e+02
1.772460072191455822e+02
1.809696771162974755e+02
1.837897300237341653e+02
1.863593750000000000e+02
1.890450578520569707e+02
1.911405013844936605e+02
1.933579410601265920e+02
1.950023486946202524e+02
1.969076963014240391e+02
1.965851710838607573e+02
1.958517602848101262e+02
1.945898437500000000e+02
1.935922666139240391e+02
1.925506576344936605e+02
1.911239739912974755e+02
1.901115135482594951e+02
1.890281596123417671e+02
1.880683470134493689e+02
1.869983064675632818e+02
1.860339077333860871e+02
1.851074713212025245e+02
1.844921998615506311e+02
1.836371143196202524e+02
1.829212816455696213e+02
1.821154692444620196e+02
1.818286441851265920e+02
1.811030458860759609e+02
1.803966697982594951e+02
1.799393171479430293e+02
1.795624752768987378e+02
1.789093774723101262e+02
1.783025860363923982e+02
1.778683865704113884e+02
1.772972582080696213e+02
1.767384172270569707e+02
1.760643542325949227e+02
1.755769012064873493e+02
1.745103713409810098e+02
1.739714448180379804e+02
1.736552239912974755e+02
1.735782486155063395e+02
1.733903283227847965e+02
1.731709973299050773e+02
1.731347161787974755e+02
1.727593824169303787e+02
1.725316455696202524e+02
1.724409983188291164e+02
1.722681220332278542e+02
1.722899772547468444e+02
1.720164903085442916e+02
1.718669155458860871e+02
1.717763548259493689e+02
1.716504524327531556e+02
1.713805626977847965e+02
1.712270446004746702e+02
1.711561263844936605e+02
1.709495895965189902e+02
1.708265427215189902e+02
1.705251804786392427e+02
1.701694892207278542e+02
1.700398165545886116e+02
1.699674149525316409e+02
1.697178846914557084e+02
1.695551943235759609e+02
1.695021014636076018e+02
1.694425187895569707e+02
1.690524376977847965e+02
1.690877546479430293e+02
1.690535873219936605e+02
1.690702877768987378e+02
1.690284068433544178e+02
1.688743942840189902e+02
1.688302388251582329e+02
1.687485289754746702e+02
1.688019926819620196e+02
1.687543759889240391e+02
1.687152516811708836e+02
1.685919699367088640e+02
1.684406521954113884e+02
1.685336728639240391e+02
1.683931467563291164e+02
1.683820955300632818e+02
1.684767232001582329e+02
1.683103243670886116e+02
1.682193557159810098e+02
1.678699441257911360e+02
1.678059978243670969e+02
1.677152022349683591e+02
1.676923457278481067e+02
1.676063711431962133e+02
1.675829707278481067e+02
1.675700158227847965e+02
1.674009098101265920e+02
1.673660131526898738e+02
1.671477946993670969e+02
1.671350252175632818e+02
1.670994115901898738e+02
1.670790397547468444e+02
1.669617904469936605e+02
1.667454880340189902e+02
1.665686313291139129e+02
1.663981160996835342e+02
1.661116742484177280e+02
1.659319620253164658e+02
1.659129994066455822e+02
1.656858311906645440e+02
1.653646410205696213e+02
1.650647621637658347e+02
1.646629128757911360e+02
1.645322018393987378e+02
1.642311486352847965e+02
1.639484894185126507e+02
1.637079954509493689e+02
1.634071276700949227e+02
1.631187203322784853e+02
1.628712050039557084e+02
1.625006922468354560e+02
1.622329657832278542e+02
1.621256304390822720e+02
1.619737193433544178e+02
1.618368646162974755e+02
1.618218206091772231e+02
1.618906744462025245e+02
1.619613083465189902e+02
1.620342414952531556e+02
1.620730196795886116e+02
1.621106853243670969e+02
1.621284117879746702e+02
1.622547468354430293e+02
1.623991544699367182e+02
1.624934483781645440e+02
1.625687920292721458e+02
1.626569422468354560e+02
1.631353466178797476e+02
1.633007688884493689e+02
1.633226117484177280e+02
1.633026725672468444e+02
1.633487317049050773e+02
1.633125988924050773e+02
1.630722285403481067e+02
1.629555725870253298e+02
1.628765822784810098e+02
1.629401824564873493e+02
1.629256452729430293e+02
1.629841772151898738e+02
1.630568507713607573e+02
1.629523833069620196e+02
1.629685769382911360e+02
1.629881081882911360e+02
1.630805602254746702e+02
1.631661886867088640e+02
1.632427808544303787e+02
1.632776898734177280e+02
1.633013746044303787e+02
1.634396261867088640e+02
1.634260408425632818e+02
1.634863157634493689e+02
1.635002966772152035e+02
1.635424372033227769e+02
1.634105765427215147e+02
1.634225301621835342e+02
1.635199391811708836e+02
1.635749604430379804e+02
1.636386718750000000e+02
1.635890402492088640e+02
1.636417993473101262e+02
1.636117731408227769e+02
1.637607298259493689e+02
1.637631279667721458e+02
1.637129153481012622e+02
1.637343626384493689e+02
1.637154741890822720e+02
1.637782585047468444e+02
1.637633751977847965e+02
1.635591129351265920e+02
1.634880711036392427e+02
1.635690145371835342e+02
1.634803080498417671e+02
1.634887015427215147e+02
1.635493967563291164e+02
1.635617335838607573e+02
1.633586703916139129e+02
1.634220727848101262e+02
1.633453570015822720e+02
1.632605691257911360e+02
1.631291287579113884e+02
1.631669551028481067e+02
1.631590189873417671e+02
1.630218675830696213e+02
1.630085294699367182e+02
1.629977254746835342e+02
1.627948477056962133e+02
1.627152640427215147e+02
1.626835690268987378e+02
1.628387559335442916e+02
1.627972087618670969e+02
1.627520396558544178e+02
1.627442766020569707e+02
1.625880142405063395e+02
1.625663320806962133e+02
1.624340634889240391e+02
1.621527145965189902e+02
1.619192419897152035e+02
1.616586975870253298e+02
1.614423457278481067e+02
1.611236278678797476e+02
1.610144135680379804e+02
1.606601809731012622e+02
1.603212148931962133e+02
1.601029717167721458e+02
1.600237465387658347e+02
1.600353293117088640e+02
1.600253164556962133e+02
1.600221024525316409e+02
1.600184928797468444e+02
1.601870920688291164e+02
1.601284859572784853e+02
1.605561090783227769e+02
1.606339003164557084e+02
1.607963681764240391e+02
1.608200529074367182e+02
1.608348496835442916e+02
1.610487168710442916e+02
1.611177314082278542e+02
1.613082476265822720e+02
1.614974535205696213e+02
1.615374307753164658e+02
1.615925138449367182e+02
1.618110907832278542e+02
1.618339349287974755e+02
1.619903085443037867e+02
1.620064898140822720e+02
1.620518072587025245e+02
1.622047072784810098e+02
1.622560200751582329e+02
1.622783326740506311e+02
1.623554193037974755e+02
1.624366841376582329e+02
1.624459800237341653e+02
1.625450825751582329e+02
1.625710047468354560e+02
1.626896509098101262e+02
1.627806319224683591e+02
1.629539285007911360e+02
1.630162801621835342e+02
1.630008405854430293e+02
1.630227823378164658e+02
1.629976760284810098e+02
1.629411219343354560e+02
1.628853095332278542e+02
1.626321696993670969e+02
1.623505982990506311e+02
1.622218527492088640e+02
1.621092513844936605e+02
1.620280112737341653e+02
1.621664730023734080e+02
1.622984201938291164e+02
1.623685349090189902e+02
1.624083638251582329e+02
1.624656843354430293e+02
1.625867780854430293e+02
1.626972285403481067e+02
1.628148857792721458e+02
1.627971098694620196e+02
1.628142677017405049e+02
1.628505117681962133e+02
1.628092859968354560e+02
1.628139957476265920e+02
1.629203174446202524e+02
1.628184582674050773e+02
1.628843700553797476e+02
1.627545614121835342e+02
1.627644259295886116e+02
1.626408351463607573e+02
1.625725499406645440e+02
1.624800237341772231e+02
1.624624332476265920e+02
1.625902516811708836e+02
1.626173111155063395e+02
1.627345109770569707e+02
1.629001063093354560e+02
1.632129647943037867e+02
1.633431071993670969e+02
1.633721939280063395e+02
1.633974114912974755e+02
1.630533153678797476e+02
1.625152047072784853e+02
1.621179662776898738e+02
1.615738231803797476e+02
1.610317568235759609e+02
1.607681714794303787e+02
1.603482866890822720e+02
1.600619313686708836e+02
1.600010754549050773e+02
1.600579880340189902e+02
1.601109820015822720e+02
1.602013078520569707e+02
1.602020124604430293e+02
1.603977576147152035e+02
1.604949317642405049e+02
1.606911590189873493e+02
1.613376557555379804e+02
1.617971964003164658e+02
1.622711629746835342e+02
1.634949317642405049e+02
1.645617088607594951e+02
1.652013696598101262e+02
1.653265798061708836e+02
1.652968626384493689e+02
1.652519407634493689e+02
1.650595332278481067e+02
1.650405335245253298e+02
1.649316282634493689e+02
1.648487687895569707e+02
1.647459824960442916e+02
1.644666608979430293e+02
1.644397621637658347e+02
1.642893715387658347e+02
1.642076493275316409e+02
1.641189181170886116e+02
1.641352848101265920e+02
1.642105913765822720e+02
1.641946202531645440e+02
1.640471222310126507e+02
1.639921998615506311e+02
1.638637015427215147e+02
1.636777961827531556e+02
1.636525538963607573e+02
1.636684014042721458e+02
1.635952086629746702e+02
1.635116940268987378e+02
1.634611352848101262e+02
1.633364196004746702e+02
1.632374901107594951e+02
1.630256749406645440e+02
1.625905359968354560e+02
1.624112317049050773e+02
1.622421627768987378e+02
1.621312673061708836e+02
1.621939032832278542e+02
1.622128288172468444e+02
1.623725894976265920e+02
1.624953396954113884e+02
1.625985339200949227e+02
1.626259518393987378e+02
1.627080078125000000e+02
1.627857001582278542e+02
1.629875271954113884e+02
1.630948749011076018e+02
1.631031818631329031e+02
1.631417251780063395e+02
1.631655458860759609e+02
1.631210566653481067e+02
1.629397621637658347e+02
1.628469516416139129e+02
1.627180330300632818e+02
1.626056541732594951e+02
1.625249579707278542e+02
1.624060892998417671e+02
1.624181170886076018e+02
1.623552709651898738e+02
1.622410749604430293e+02
1.622964052610759609e+02
1.622819793314873493e+02
1.623267528678797476e+02
1.624517157832278542e+02
1.624590338212025245e+02
1.627040644778481067e+02
1.629521360759493689e+02
1.631578322784810098e+02
1.633057135087025245e+02
1.634393542325949227e+02
1.634996415150316409e+02
1.635295688291139129e+02
1.635651453718354560e+02
1.635222384295886116e+02
1.634856358781645440e+02
1.634575998813291164e+02
1.634247676028481067e+02
1.633737391218354560e+02
1.634401330102847965e+02
1.634616050237341653e+02
1.635505834651898738e+02
1.636265081091772231e+02
1.637715338212025245e+02
1.637206536787974755e+02
1.638246019580696213e+02
1.639086357792721458e+02
1.639579336431962133e+02
1.639641515031645440e+02
1.639895297666139129e+02
1.640116816653481067e+02
1.639557456487341653e+02
1.638191875988923982e+02
1.638898462223101262e+02
1.638987589003164658e+02
1.637947735363923982e+02
1.637448328718354560e+02
1.637306788963607573e+02
1.635248096321202524e+02
1.633817123219936605e+02
1.632842414952531556e+02
1.630238948773734080e+02
1.628336506131329031e+02
1.626174100079113884e+02
1.624859201938291164e+02
1.623839374011076018e+02
1.622295416337025245e+02
1.620753683742088640e+02
1.620088508702531556e+02
1.620704732001582329e+02
1.619716673259493689e+02
1.619093280261076018e+02
1.616841376582278542e+02
1.615520297666139129e+02
1.614878362341772231e+02
1.613007318037974755e+02
1.612077482199367182e+02
1.610740333267405049e+02
1.608670515229430293e+02
1.607937846123417671e+02
1.606398214992088640e+02
1.604948823180379804e+02
1.603289285007911360e+02
1.600573205102847965e+02
1.599165471716772231e+02
1.599994684533227769e+02
1.599838805379746702e+02
1.598652838212025245e+02
1.598325875197784853e+02
1.600100375791139129e+02
1.599540150316455822e+02
1.601079410601265920e+02
1.601572883702531556e+02
1.602940936511076018e+02
1.603360240308544178e+02
1.604515179984177280e+02
1.605330424248417671e+02
1.603615506329113884e+02
1.603619091178797476e+02
1.602729677610759609e+02
1.602187376384493689e+02
1.601947067840189902e+02
1.601888350474683591e+02
1.598517973694620196e+02
1.597136694026898738e+02
1.596622082674050773e+02
1.593734795292721458e+02
1.592463409810126507e+02
1.592899154469936605e+02
1.594703570015822720e+02
1.594955498417721458e+02
1.595741445806962133e+02
1.598596716772152035e+02
1.601373244659810098e+02
1.602663296083860871e+02
1.604058667919303787e+02
1.606021064082278542e+02
1.605877052017405049e+02
1.608063933939873493e+02
1.608108929984177280e+02
1.610339819026898738e+02
1.612591351859177280e+02
1.614491198575949227e+02
1.616913444422468444e+02
1.617462297270569707e+02
1.619003411787974755e+02
1.620272695806962133e+02
1.619681690071202524e+02
1.618869041732594951e+02
1.618780780261076018e+02
1.617410007911392427e+02
1.617599139636076018e+02
1.614483410799050773e+02
1.612989146558544178e+02
1.612567741297468444e+02
1.610625000000000000e+02
1.611468428599683591e+02
1.610271830498417671e+02
1.611778703520569707e+02
1.612209998022152035e+02
1.613986600079113884e+02
1.616326394382911360e+02
1.617139660799050773e+02
1.618228713409810098e+02
1.620600029667721458e+02
1.622454262262658347e+02
1.624136174841772231e+02
1.625484078322784853e+02
1.625334503560126507e+02
1.625198155656645440e+02
1.623322784810126507e+02
1.620241173852847965e+02
1.617392207278481067e+02
1.612770347112341653e+02
1.616398214992088640e+02
1.613237366495253298e+02
1.610433395965189902e+02
1.606287579113923982e+02
1.603174322587025245e+02
1.601882664161392427e+02
1.598226611946202524e+02
1.596410823773734080e+02
1.595066752373417671e+02
1.594949317642405049e+02
1.593561362737341653e+02
1.593429464992088640e+02
1.593357273536392427e+02
1.593273091376582329e+02
1.592504697389240391e+02
