1.382641289893616943e+02
1.334708759098544135e+02
1.334920825167973248e+02
1.301379479283314708e+02
1.251531617441209363e+02
1.206308353163493905e+02
1.157651263297872362e+02
1.120622725363941754e+02
1.086147466405375184e+02
1.056540366041433430e+02
1.026652785554311293e+02
1.001489974104143386e+02
9.755761828107502254e+01
9.537949678051511171e+01
9.327532719764838021e+01
9.107750384938410093e+01
8.905974419092945027e+01
8.735920002799552719e+01
8.489413318868980696e+01
8.315730858062710240e+01
8.128803891377378932e+01
7.953676161814109946e+01
8.162739711646136698e+01
8.409574468085106957e+01
8.659278765397536404e+01
8.907463430851063890e+01
9.116445618701007447e+01
9.313022291433370015e+01
9.488693309070548310e+01
9.676860827267637433e+01
9.856786289193729544e+01
1.001214568169093013e+02
1.014858710106382915e+02
1.030230963045912631e+02
1.044474646556550965e+02
1.057324415593505051e+02
1.067501224804031352e+02
1.079117003779395247e+02
1.092360022396416639e+02
1.101626714725643836e+02
1.111761093225083954e+02
1.121814109742441161e+02
1.128620695688689750e+02
1.138838273376259735e+02
1.147785991741321396e+02
1.156611142217245174e+02
1.164612874440089598e+02
1.172586611142217237e+02
1.180117931131019020e+02
1.188507576287793910e+02
1.195650370940649481e+02
1.201760218365061661e+02
1.210450640397536404e+02
1.216720587206047099e+02
1.222522308930571171e+02
1.228505301651735664e+02
1.233444936310190343e+02
1.235655970044792866e+02
1.240049167133258692e+02
1.245538213885778305e+02
1.248265065089585732e+02
1.253177491601343831e+02
1.257023113801791681e+02
1.259144474384098515e+02
1.263364099244120951e+02
1.265743805991041455e+02
1.269320758678611440e+02
1.271308178191489304e+02
1.271482187849943983e+02
1.274936572648376227e+02
1.278592875139977565e+02
1.281460928751399706e+02
1.283907037374020206e+02
1.284390747480403263e+02
1.288919810330347104e+02
1.290950097984322440e+02
1.295242423712205948e+02
1.298188514837625860e+02
1.298560855263157805e+02
1.301273446248600294e+02
1.303746850503919461e+02
1.304946721024635963e+02
1.306169687849944125e+02
1.309928873880179196e+02
1.312221881998880235e+02
1.313163231382978609e+02
1.312990096584546507e+02
1.316573435750279941e+02
1.316658734602463596e+02
1.315695338745800598e+02
1.314112192049272210e+02
1.313853058510638334e+02
1.314419005459126595e+02
1.315395786674132239e+02
1.316356995380739079e+02
1.317325465425531945e+02
1.317714603163493905e+02
1.317469992301231798e+02
1.319356452967525115e+02
1.320449590565509652e+02
1.320116093924972063e+02
1.320219677351623773e+02
1.320700062989921548e+02
1.318851746220604753e+02
1.318919722844345017e+02
1.321100311450167908e+02
1.322394579367301333e+02
1.322833934070548594e+02
1.322827547592385145e+02
1.321996868001119765e+02
1.321319988801791681e+02
1.320297277435610397e+02
1.321250174972004459e+02
1.319287339025756012e+02
1.319016919792833278e+02
1.319764400195968506e+02
1.318913073908174738e+02
1.319325920352743537e+02
1.318471444568868947e+02
1.317783367161254091e+02
1.318873267777155718e+02
1.318689547172452308e+02
1.319212013577827634e+02
1.318509151035834179e+02
1.317928856382978609e+02
1.318831711926091828e+02
1.318218260078387516e+02
1.317419687849944125e+02
1.316760918253079637e+02
1.317036849104143243e+02
1.317953002519596737e+02
1.319125402435610397e+02
1.319010795772676374e+02
1.318215897956326899e+02
1.317543305571108760e+02
1.317547242441209505e+02
1.317550129479283214e+02
1.318191926791713229e+02
1.318100591405375042e+02
1.317876977183650524e+02
1.317036324188129868e+02
1.317330714585666271e+02
1.316583146696528672e+02
1.316900108482642793e+02
1.317088203387457952e+02
1.316733447648376227e+02
1.317128534434490348e+02
1.317424149636058246e+02
1.317368421052631504e+02
1.318692434210526301e+02
1.320266569848824076e+02
1.320195356243001186e+02
1.321921192609182469e+02
1.322755109182530759e+02
1.323364711646136698e+02
1.323523586226203861e+02
1.324522063969764929e+02
1.325726483762597923e+02
1.326722599384098658e+02
1.328175479423292131e+02
1.327616793812989897e+02
1.327748810190369682e+02
1.328590075587905801e+02
1.328871780515117678e+02
1.327964813129899255e+02
1.327784679451287673e+02
1.327169565369540862e+02
1.328278975363941754e+02
1.329156459966405350e+02
1.326874912513997629e+02
1.328064547172452308e+02
1.327311730123180382e+02
1.328252992021276668e+02
1.329289526175811886e+02
1.330588080907054973e+02
1.331194533874580088e+02
1.331389802631578902e+02
1.332006753919372954e+02
1.334345254759238628e+02
1.333024041153415453e+02
1.336280620100783949e+02
1.334264505179171465e+02
1.333710018896976521e+02
1.333454034854423185e+02
1.330865586506158991e+02
1.330314249720044870e+02
1.330648358762597923e+02
1.330123005319148888e+02
1.330473211786114121e+02
1.330552649076147702e+02
1.330102796052631504e+02
1.330226238801791681e+02
1.328274863521836551e+02
1.327967700167973248e+02
1.324563794792833278e+02
1.324050164473684106e+02
1.321931603443449035e+02
1.319325395436730162e+02
1.314113416853303420e+02
1.310582131858902528e+02
1.307777418113101930e+02
1.305484847424412180e+02
1.305536114221724517e+02
1.304254794232922734e+02
1.303123862681970877e+02
1.302292658174692122e+02
1.300402610582306693e+02
1.299846812010078452e+02
1.299867896136618128e+02
1.302102638577827634e+02
1.302838658314669544e+02
1.303726291293393160e+02
1.303416678331466869e+02
1.302710578807390789e+02
1.300481260498320353e+02
1.296976221304591377e+02
1.296666870800671916e+02
1.295313024916013376e+02
1.294987664473684106e+02
1.292707516797312337e+02
1.291237139557670730e+02
1.286795825167973248e+02
1.285584581466965233e+02
1.285729808230683204e+02
1.283060435330347104e+02
1.282545405235162264e+02
1.281177036674132239e+02
1.281920930151175924e+02
1.279120940649496134e+02
1.277149881019036997e+02
1.277966562849943983e+02
1.276972109462486031e+02
1.277708566629339373e+02
1.279340005599104160e+02
1.277665261058230612e+02
1.274764662653975336e+02
1.274326182810750225e+02
1.273568029115341602e+02
1.273749650055991083e+02
1.272910309350503866e+02
1.269672539893617085e+02
1.270585543812989897e+02
1.271101973684210549e+02
1.272715827967525257e+02
1.273580539613661813e+02
1.273951130319148888e+02
1.276434595464725703e+02
1.278445898656215007e+02
1.281336086226203861e+02
1.284553296472564341e+02
1.285483797592385145e+02
1.284953457446808613e+02
1.287572350923852298e+02
1.290209354003359579e+02
1.292292133258678746e+02
1.294237297032474885e+02
1.294292500699887967e+02
1.297518459546472513e+02
1.298991023936170279e+02
1.301560312849944125e+02
1.301141517357222881e+02
1.303526210806271024e+02
1.305638822788353934e+02
1.307387930431131053e+02
1.310614589165733435e+02
1.310952285134378599e+02
1.311507908734602381e+02
1.313481942889137599e+02
1.314252782054871318e+02
1.314088833286674003e+02
1.312743036114221695e+02
1.313902225643896884e+02
1.315648883678611298e+02
1.315572158454647251e+02
1.315875559910414268e+02
1.315222739361702224e+02
1.315804871220604753e+02
1.313866268896976521e+02
1.311927141657334914e+02
1.311305641097424370e+02
1.314523638717805056e+02
1.313957166853303420e+02
1.315275318449048143e+02
1.316030585106383057e+02
1.314515852463605938e+02
1.314586541153415453e+02
1.317072980823068349e+02
1.318345202267637148e+02
1.317698680711086183e+02
1.318347389417693307e+02
1.320607502799552151e+02
1.320890520016797325e+02
1.320068064109742352e+02
1.319919337905934924e+02
1.320652383118701039e+02
1.319583479143337001e+02
1.320316699328107575e+02
1.323772221444568800e+02
1.323041275895856757e+02
1.324208864081746810e+02
1.324841562849944125e+02
1.324283927071668643e+02
1.325431568449048143e+02
1.325694551371780392e+02
1.326739746640537589e+02
1.326699678051511739e+02
1.326782702267637148e+02
1.328475468924972063e+02
1.328880879059350377e+02
1.328859095044792866e+02
1.329293638017917090e+02
1.329843312569988711e+02
1.330322823348264194e+02
1.332893599524076080e+02
1.336939039753639520e+02
1.342051809210526301e+02
1.344880756578947398e+02
1.348259028555431200e+02
1.352333601623740265e+02
1.354434140537514111e+02
1.356912618980963146e+02
1.359726256298992269e+02
1.359151298292273111e+02
1.359584354003359579e+02
1.357038511338186026e+02
1.353223509238521842e+02
1.349781547452407722e+02
1.348789368701007731e+02
1.347995345744680833e+02
1.345297014977603567e+02
1.343334616461366124e+02
1.339068624020156903e+02
1.337809000559910544e+02
1.335902943029115306e+02
1.333945968645016933e+02
1.331802474104143243e+02
1.330667605683090642e+02
1.327375769876819618e+02
1.326255424132138785e+02
1.324631159014557795e+02
1.322318903975364037e+02
1.321714200727883508e+02
1.322526858202687663e+02
1.320948085806271024e+02
1.319730630599104018e+02
1.319032754759238628e+02
1.316331886898096286e+02
1.315324485582306693e+02
1.314540348544232984e+02
1.315486597144456766e+02
1.313486667133258550e+02
1.313017392217245174e+02
1.312064757138857658e+02
1.311972284434490348e+02
1.311657772256438932e+02
1.309175969344904900e+02
1.308166030935050514e+02
1.308625594904815159e+02
1.309034067049272210e+02
1.307900248460246360e+02
1.306880861562150073e+02
1.307500262458006830e+02
1.309375174972004459e+02
1.312424499580067163e+02
1.317421700027995541e+02
1.320428943868980980e+02
1.324024531075027937e+02
1.326104598264277854e+02
1.330266744820828535e+02
1.333455959546472513e+02
1.334736579647256463e+02
1.337664648656214865e+02
1.339803156494960774e+02
1.340656057530794953e+02
1.343746413073908172e+02
1.344591527855543234e+02
1.346807810750279941e+02
1.345533839585666271e+02
1.346300829367301333e+02
1.346997655375139971e+02
1.348302946528555424e+02
1.350237437010078452e+02
1.353225958846584547e+02
1.352827110162374140e+02
1.358037426511758099e+02
1.360813094904815159e+02
1.363539508678611298e+02
1.366255686590145615e+02
1.367725013997760470e+02
1.370068763997760470e+02
1.374558108202687663e+02
1.375168847984322440e+02
1.376195933650616041e+02
1.375281967385218422e+02
1.373548694708846654e+02
1.373333654115341460e+02
1.373129461786114121e+02
1.372047172452407722e+02
1.371842192749160176e+02
1.371298642217245174e+02
1.369407457306830906e+02
1.369024093645016933e+02
1.371626802211646066e+02
1.373308808090705497e+02
1.377335438829787222e+02
1.380202880039193758e+02
1.382003866881298961e+02
1.384312534994400892e+02
1.385136390677491534e+02
1.388832499300112033e+02
1.390972231942889152e+02
1.392649338605823175e+02
1.393103303471444576e+02
1.395209703947368496e+02
1.395747042973124223e+02
1.395262370520716786e+02
1.397808913073908172e+02
1.397463780795072807e+02
1.396663983762597923e+02
1.397782229843224968e+02
1.400933038213885879e+02
1.399270191769316796e+02
1.397351448768197031e+02
1.393417903135498364e+02
1.391775965845464782e+02
1.389867283734602381e+02
1.388338203387457952e+02
1.384783997060470426e+02
1.382177876539753640e+02
1.379249632558790495e+02
1.377464568169093013e+02
1.375485022396416639e+02
1.373624895016797325e+02
1.370288616321388702e+02
1.369542010778275483e+02
1.367483990061590191e+02
1.366861789613661813e+02
1.366971672032474885e+02
1.365198418253079637e+02
1.365194743840985439e+02
1.364620223264277854e+02
1.362512073068309064e+02
1.361537653975364037e+02
1.358363311870100745e+02
1.354557583286674003e+02
1.352636915593504909e+02
1.350102883538633876e+02
1.348191314389697766e+02
1.346844554871220510e+02
1.346186222704367310e+02
1.344484182530794953e+02
1.343485792273236257e+02
1.339812430011198217e+02
1.339459511478163449e+02
1.336920142777155718e+02
1.335649846024635963e+02
1.334856610442329270e+02
1.331937377519596737e+02
1.330765065089585732e+02
1.331076252799552151e+02
1.329392497200447849e+02
1.328099629059350377e+02
1.327820373740201489e+02
1.325741006438969691e+02
1.324579454787234170e+02
1.324162409014557795e+02
1.323170755179171465e+02
1.323284224524076080e+02
1.319975416433370583e+02
1.318425864361702224e+02
1.318125262458006830e+02
1.317488451847704312e+02
1.318628744400895982e+02
1.319214988101903714e+02
1.317279185330347104e+02
1.315752029675252004e+02
1.316008013717805056e+02
1.315971269596864488e+02
1.316137930431131053e+02
1.316133293673012190e+02
1.316222704367301333e+02
1.316187360022396433e+02
1.315111894596864488e+02
1.313837486002239530e+02
1.313792955627099559e+02
1.313643704507278756e+02
1.313655602603583361e+02
1.314071073628219608e+02
1.314765275055991083e+02
1.314593802491601480e+02
1.313976151315789593e+02
1.313851658734602381e+02
1.313828125000000000e+02
1.314376837206046957e+02
1.314444813829787222e+02
1.314198978163493905e+02
1.314860372340425556e+02
1.314531599944008917e+02
1.315543375559910544e+02
1.315593155095184841e+02
1.316079314809630318e+02
1.314996763017917090e+02
1.315033769596864488e+02
1.315901543253079637e+02
1.316683318169093013e+02
1.317740061590145615e+02
1.318286586646136698e+02
1.318847634378499549e+02
1.318849909014557795e+02
1.318945443729003273e+02
1.319680763577827634e+02
1.319218050111982166e+02
1.318484042553191387e+02
1.318377222144456766e+02
1.318170930151175924e+02
1.318258766097424370e+02
1.318540820968644880e+02
1.317661674132138785e+02
1.317913546332586918e+02
1.316191996780515012e+02
1.316282807250839824e+02
1.314436590145576815e+02
1.312071406075027937e+02
1.311615166573348290e+02
1.311456729423292131e+02
1.312579437290033582e+02
1.311773603723404165e+02
1.312067381718925105e+02
1.312535344344904900e+02
1.314018756998880235e+02
1.314691524356103116e+02
1.314500367441209505e+02
1.314186467665173552e+02
1.314442714165733435e+02
1.308705207166853199e+02
1.308400580907054973e+02
1.307728775895856757e+02
1.305470937150055875e+02
1.304819516377379500e+02
1.304437290033594650e+02
1.302249177631578902e+02
1.301280970044792866e+02
1.302595972144456766e+02
1.300835316349383959e+02
1.298566716825307878e+02
1.297948628219484988e+02
1.296074940509518569e+02
1.293872567889137599e+02
1.290231837905934924e+02
1.288329017357222881e+02
1.286334249020156903e+02
1.283945181270996727e+02
1.281382803751399706e+02
1.279679276315789451e+02
1.275757366321388560e+02
1.273921560050391975e+02
1.269655392637178011e+02
1.268808965565509510e+02
1.267439809630459138e+02
1.265179696248600294e+02
1.264068186590145615e+02
1.262823698208286629e+02
1.262334476483762558e+02
1.260615376539753640e+02
1.260053016517357207e+02
1.259974454087346061e+02
1.259869558370660627e+02
1.258615796472564341e+02
1.256771679031354978e+02
1.255329647256438932e+02
1.256351483762597923e+02
1.255144964305711142e+02
1.251634938409854385e+02
1.248970202267637148e+02
1.250210316349384101e+02
1.249242983622620358e+02
1.248887527995520657e+02
1.249328719904815159e+02
1.244862034574468055e+02
1.244775160974244130e+02
1.243305396136618128e+02
1.244263630319148888e+02
1.243932320828667457e+02
1.244053313969764787e+02
1.244862646976483802e+02
1.243598036814109804e+02
1.241608430151175781e+02
1.241994068449048143e+02
1.240264032754759285e+02
1.239925374440089598e+02
1.238092192749160176e+02
1.238915348544232984e+02
1.238656389977603567e+02
1.237662286534154532e+02
1.237630791573348290e+02
1.238145909154535218e+02
1.237776368281075037e+02
1.237491513857782763e+02
1.237734724944008917e+02
1.237989134238521842e+02
1.237861929591265380e+02
1.237734899916013376e+02
1.238723754199328084e+02
1.238433563129899255e+02
1.238737139557670730e+02
1.239142024776035811e+02
1.238578877379619314e+02
1.239289963605823033e+02
1.239145699188129868e+02
1.239269929311310250e+02
1.239222424412094057e+02
1.239701497760358393e+02
1.239599839025755870e+02
1.239994050951847697e+02
1.240183458146696580e+02
1.240903730403135512e+02
1.241741146416573400e+02
1.240799709546472513e+02
1.239510165873460181e+02
1.239588203387457952e+02
1.239170895156774890e+02
1.238324293113101930e+02
1.236931953387457952e+02
1.237936467665173552e+02
1.237934630459126595e+02
1.240323523236282171e+02
1.240909854423292273e+02
1.241917693169093013e+02
1.242825360442329270e+02
1.243875017497200446e+02
1.243651840705487075e+02
1.244425829367301191e+02
1.245815806970884694e+02
1.245448978163493905e+02
1.245502694568868947e+02
1.245316874300112033e+02
1.244212188549832092e+02
1.244279290313549780e+02
1.245815981942889152e+02
1.244701060330347104e+02
1.246373267777155718e+02
1.246283682110862259e+02
1.212944516377379642e+02
1.175821668533034767e+02
1.140529027855543092e+02
1.110258346164613670e+02
1.081425934350503866e+02
1.051765467525195987e+02
1.026763455347144429e+02
1.001367143756998814e+02
9.737141307390817246e+01
9.509675951847704312e+01
9.542608307670772660e+01
9.626223929171332827e+01
9.784759063549832092e+01
9.881149391097424939e+01
1.000910816769316938e+02
1.012634203527435659e+02
1.023610897256438932e+02
1.034153485442329270e+02
1.051803873880179196e+02
1.060830417133258692e+02
1.066705014697648437e+02
1.072770069288913817e+02
1.076407474804031352e+02
1.082036586646136556e+02
1.090633661114221695e+02
1.096880336646136556e+02
1.101843505039193758e+02
1.109754776735722288e+02
1.114380949048152303e+02
1.120260095884658398e+02
1.125564634658454679e+02
1.131597319428891382e+02
1.138251329787234027e+02
1.143245205767077266e+02
1.145692014277715600e+02
1.148479143337066120e+02
1.155418270576707727e+02
1.156511583146696580e+02
1.159496955487121994e+02
1.165410484322508466e+02
1.167679608762597923e+02
1.170768739501679789e+02
1.172754496780515154e+02
1.177940317049272068e+02
1.180150825867861073e+02
1.184885305851063890e+02
1.187695181270996585e+02
1.188241443868980980e+02
1.192647238941769388e+02
1.192974349104143386e+02
1.194990114081746952e+02
1.200527190649496134e+02
1.203029990201567756e+02
1.204291100923852156e+02
1.208307320828667457e+02
1.210909854423292273e+02
1.212033787094064934e+02
1.212573925671892567e+02
1.215625349944008917e+02
1.217103513437849927e+02
1.218343015117581132e+02
1.217180938549832092e+02
1.217792203247480387e+02
1.217436485162373998e+02
1.219494855823068349e+02
1.220748705207166864e+02
1.223219397396416639e+02
1.225318274076147844e+02
1.226221829507278898e+02
1.228517899636058246e+02
1.230491408874580088e+02
1.231734060050391975e+02
1.233095429731242945e+02
1.233677649076147844e+02
1.234822665873460181e+02
1.234052526595744723e+02
1.235770751679731205e+02
1.235614414193728976e+02
1.236762580487121994e+02
1.240060540313549780e+02
1.240520716685330314e+02
1.240198505739081725e+02
1.241787251539753640e+02
1.242494488381858844e+02
1.242092315229563297e+02
1.242414876119820804e+02
1.243253516937290044e+02
1.243106715425531945e+02
1.244766849804031352e+02
1.245402698068309064e+02
1.244600013997760328e+02
1.245841702827547550e+02
1.246123757698768202e+02
1.246796350083986624e+02
1.246797137458006688e+02
1.246303541433370725e+02
1.246573348264277712e+02
1.246912006578947398e+02
1.246992931131019020e+02
1.245625612402015747e+02
1.206624965005599108e+02
1.170867686170212778e+02
1.136248862681970877e+02
1.109246745520716644e+02
1.080332446808510696e+02
1.048559717945128824e+02
1.024912076567749182e+02
9.969486632138857374e+01
9.737618106103023763e+01
9.520387737961925723e+01
9.518145471724524498e+01
9.617953877379619598e+01
9.722169827827548261e+01
9.898316769316909358e+01
1.002693519036954086e+02
1.013950080487121994e+02
1.025035869260918275e+02
1.032246378079507281e+02
1.041436607642777119e+02
1.050666643337066120e+02
1.057857205347144429e+02
1.065921402575587962e+02
1.074168270576707727e+02
1.082762720464725703e+02
1.089475958846584547e+02
1.095368928471444576e+02
1.102497375419932837e+02
1.110157912234042499e+02
1.116442031774916046e+02
1.123169792833146658e+02
1.127665611002239672e+02
1.131721112122060475e+02
1.134918113101903714e+02
1.140217402715565527e+02
1.145914141237402077e+02
1.149570443729003415e+02
1.151606243001119765e+02
1.154383486142217237e+02
1.161759605963045914e+02
1.161697403415453493e+02
1.162919145436730162e+02
1.164480070688689750e+02
1.167518109602463596e+02
1.171960823768197031e+02
1.175603740901455723e+02
1.178748075307950671e+02
1.181393389557670730e+02
1.184497392917133283e+02
1.186201095324747996e+02
1.188471619540873405e+02
1.188273201287793910e+02
1.191031809910414268e+02
1.192956851903695394e+02
1.192368770996640563e+02
1.192773918673012332e+02
1.196069078947368354e+02
1.198372847844344875e+02
1.200039281215005644e+02
1.201480088185890196e+02
1.201619453387457952e+02
1.205989991601343831e+02
1.170741268896976521e+02
1.136766429871220652e+02
1.109351466265397477e+02
1.076230578107502822e+02
1.049531774916013376e+02
1.023201375279955272e+02
9.992479703247479961e+01
9.743970464725643410e+01
9.477906284994401176e+01
9.282669897816349192e+01
9.051546752519597305e+01
8.851439144736842479e+01
8.629384798432251102e+01
8.430602603583426458e+01
8.233726728723404165e+01
8.028476693729002989e+01
7.822501399776035669e+01
7.610436205207166438e+01
7.458503639417693876e+01
7.612042448208286771e+01
7.927642952127659726e+01
8.111310190369540862e+01
8.297734112541992602e+01
8.564981103023515630e+01
8.714151735722283831e+01
8.915062465005598824e+01
9.087740586506158991e+01
9.260377589585665703e+01
9.370854038353863302e+01
9.543575902855543802e+01
9.656690054591265948e+01
9.768323943169093582e+01
9.900741881298992553e+01
1.001291643337066120e+02
1.012533419652855571e+02
1.023893039613661813e+02
1.035913878779395247e+02
1.053318868980963003e+02
1.057461856103023479e+02
1.064177544092945169e+02
1.069668515537513969e+02
1.075057215845464782e+02
1.082888350363941754e+02
1.090051966685330314e+02
1.095818606522956316e+02
1.101841405375139971e+02
1.108311782614781578e+02
1.115014172732362852e+02
1.120432180851063890e+02
1.126613679311310250e+02
1.132486089725643836e+02
1.137515834966405350e+02
1.143131386478163449e+02
1.149073085806271024e+02
1.153333916573348290e+02
1.157736212206047099e+02
1.162436047732362852e+02
1.165016534854423327e+02
1.171436345184770431e+02
1.173656215005599108e+02
1.178562604983202675e+02
1.179846024636058246e+02
1.183066996780515154e+02
1.184844887318029123e+02
1.187858080207166864e+02
1.190974419092945169e+02
1.192667885638297918e+02
1.196977358622620358e+02
1.199493980963045914e+02
1.199791520856662999e+02
1.203137597984322440e+02
1.206632663773796139e+02
1.208050636898096286e+02
1.209323995660694351e+02
1.209905427631578902e+02
1.213348526735722288e+02
1.215695776175811886e+02
1.215734619960806242e+02
1.216219467385218422e+02
1.188197088465845468e+02
1.153760848264277712e+02
1.118608185190369539e+02
1.090433493141097472e+02
1.064326882698768202e+02
1.035451602743561068e+02
1.007029587765957501e+02
9.783685610302352131e+01
9.548656215005598824e+01
9.321001014837625576e+01
9.092912758958566144e+01
