9.302247445409904003e+01
6.436658785451548681e+01
6.417409690801495969e+01
6.378503459940043285e+01
6.371095365177401249e+01
6.607020962547525755e+01
6.650851282584247315e+01
6.630635532773852958e+01
6.637661320555125144e+01
6.676921649339128351e+01
6.665729086632741485e+01
6.691373471854659272e+01
6.753924461584334438e+01
6.679965629488859236e+01
6.643005452514132969e+01
6.725971511325070651e+01
6.740618693945322093e+01
6.716710526804173753e+01
6.734998410147342440e+01
6.800309309855478546e+01
6.855523717261098682e+01
6.874857067915783659e+01
6.833434786965929675e+01
6.820446866134406605e+01
6.866203567951045272e+01
6.866129457309672546e+01
6.879058238096828859e+01
6.916050212124699215e+01
6.896562577714101394e+01
6.852305410076820635e+01
6.949609589100415974e+01
7.069865672915962307e+01
7.089562895684632338e+01
7.105488641523487559e+01
7.105995291066760444e+01
6.831497393755157077e+01
6.859913937625812252e+01
6.867482254893590721e+01
6.898900465325746723e+01
6.949890813621016150e+01
6.923706002219607569e+01
6.903964733727518421e+01
6.905043359055541430e+01
6.856959781058111503e+01
6.779197674979678823e+01
6.794603656537387337e+01
6.814223304394303682e+01
6.796585961539175003e+01
6.812545731462132892e+01
6.811386685571685007e+01
6.788988445421038875e+01
6.792574583885451034e+01
6.880393219433072716e+01
6.937371435358571148e+01
6.933858294020051005e+01
6.930744409842982634e+01
6.905991579348494724e+01
6.939728747629139605e+01
6.954344133196246958e+01
6.911579447473619098e+01
6.924837086499120176e+01
6.940035459281831720e+01
6.936267075450571440e+01
6.993204338751205285e+01
7.054704417315907961e+01
7.074759078553567804e+01
7.097304797643306529e+01
7.087009357241747409e+01
7.012029555175310236e+01
6.670394221597004503e+01
6.638563886713409090e+01
6.627318493883707617e+01
6.673157472121903311e+01
6.741394566786802045e+01
6.778586478705253171e+01
6.752868848909558608e+01
6.695291190484144295e+01
6.654576610483624677e+01
6.647849121126976968e+01
6.588919407461295918e+01
6.562569795768888525e+01
6.589874061399243033e+01
6.625191679317440219e+01
6.648687227111379627e+01
6.678876116453923828e+01
6.757785514648296044e+01
6.750509062160145390e+01
6.729997612127915829e+01
6.741364378144908187e+01
6.735800388740626943e+01
6.711183530858606616e+01
6.681719787541246092e+01
6.671674145778972331e+01
6.674395577611410602e+01
6.667565397382743697e+01
6.691773100187936052e+01
6.723929447659205039e+01
6.752172654286849252e+01
6.714274031210601379e+01
6.704479549050975606e+01
6.743332702341227503e+01
6.727702656724210328e+01
6.614466545664650710e+01
6.675575285400203995e+01
6.786445547237183007e+01
6.780963834254458789e+01
6.771189519097409004e+01
6.833909144560291793e+01
6.796794931277536023e+01
6.731860523525489270e+01
6.740124664244152086e+01
6.776398420787602106e+01
6.767381172432820335e+01
6.751609586625936288e+01
6.751860746228584276e+01
6.748733623589701835e+01
6.721459546601241186e+01
6.681564761441680389e+01
6.708839209601967468e+01
6.719692273810981931e+01
6.668719246867618722e+01
6.633776636218205169e+01
6.619997129604540476e+01
6.628306924457872640e+01
6.695314821757102663e+01
6.775881007261358491e+01
6.767260046693415632e+01
6.733787152753291139e+01
6.745780951709308226e+01
6.721212098716858918e+01
6.676962973135820789e+01
6.681370514852440579e+01
6.703480849389607954e+01
6.666324075070738786e+01
6.671316336138154668e+01
6.704174693257415640e+01
6.734553622575165832e+01
6.768179563031780788e+01
6.745499479740823290e+01
6.695242938146689937e+01
6.683832745025988231e+01
6.664847306096744717e+01
6.649169131866214855e+01
6.633825878347197147e+01
6.647849739746688158e+01
6.610227639681237122e+01
6.636453527431453381e+01
6.695746494591408293e+01
6.691994813492343042e+01
6.682996618624659391e+01
6.698904424491897203e+01
6.597755152792882427e+01
6.516937931409920282e+01
6.564030728078282095e+01
6.587351701389791003e+01
6.583371749617383273e+01
6.603046702076458985e+01
6.617220516893885929e+01
6.619803996530779955e+01
6.602069282933148031e+01
6.632610414339110605e+01
6.651359664262710680e+01
6.599827157652758558e+01
6.531402497491497172e+01
6.507384834661509387e+01
6.464070319739784054e+01
6.491479503273116336e+01
6.563142019001523408e+01
6.591900535848394327e+01
6.594377736618946528e+01
6.617993667808639202e+01
6.691940003785953195e+01
6.690843685934196117e+01
6.606096744699357259e+01
6.583306547099849126e+01
6.633543169139289830e+01
6.638861690242264046e+01
6.673105879238009663e+01
6.753093284140693697e+01
6.757291484947126037e+01
6.787233050129229639e+01
6.840421477981468001e+01
6.885467014578392764e+01
6.897503003398696819e+01
6.900778842216094233e+01
6.924545592891317369e+01
6.916637405954338647e+01
6.948486175705319567e+01
6.971854906458513312e+01
6.939748543459890584e+01
6.870873156977225449e+01
6.854349082153935058e+01
6.863176043085626077e+01
6.868644146434708375e+01
6.898817817732363267e+01
6.940506228881869788e+01
6.947893166850396085e+01
6.907945427843577590e+01
6.895664465617734606e+01
6.857603145557506252e+01
6.843270716646190976e+01
6.863524449706835640e+01
6.864863637657113316e+01
6.858495566352532080e+01
6.851526815308611162e+01
6.865588412510470562e+01
6.862775548684751925e+01
6.874015126489172189e+01
6.940617580429841382e+01
6.985833237447278066e+01
6.984621732605342004e+01
7.000712897354905806e+01
7.015162987735246247e+01
6.674139840222900943e+01
6.652252085057735087e+01
6.671905138379042910e+01
6.642445601675717626e+01
6.642638611025535056e+01
6.777766683864294350e+01
6.813626831268999240e+01
6.711278674570152702e+01
6.672928087933080121e+01
6.691822589764812790e+01
6.672961617121414690e+01
6.651995234153746139e+01
6.667949683947189499e+01
6.631033181524055919e+01
6.585897821345102443e+01
6.586322318190759972e+01
6.559257582112486773e+01
6.516657449232972965e+01
6.487039050987873168e+01
6.508905401911040656e+01
6.503459568871551255e+01
6.445077457374009100e+01
6.448662606046883639e+01
6.476961117276687219e+01
6.490806321303654158e+01
6.497611261848113884e+01
6.551924216610929363e+01
6.580226687006883424e+01
6.581812456773947417e+01
6.574360687459711983e+01
6.553181499311476443e+01
6.548225860530948239e+01
6.568371458866118928e+01
6.569854290313281808e+01
6.560201966963232678e+01
6.566331745955154986e+01
6.585365560945795949e+01
6.558392133136860025e+01
6.551181625509897799e+01
6.563979011470446778e+01
6.473351966159027882e+01
6.479907974131798198e+01
6.551920257444778883e+01
6.487586529432070392e+01
6.425019084418083537e+01
6.450979708036241789e+01
6.497941728497707459e+01
6.487676353014100528e+01
6.485310380067578251e+01
6.475603370735080944e+01
6.419663322408509032e+01
6.424942004402097950e+01
6.496130533707969335e+01
6.496194870157908952e+01
6.458942828403553449e+01
6.459335404472125219e+01
6.464585011339299569e+01
6.432764945542906787e+01
6.429597365174926438e+01
6.445829204046762584e+01
6.427487500788740249e+01
6.414911456960770408e+01
6.433219012410748405e+01
6.438032492381698546e+01
6.391933322693074615e+01
6.365735891449561734e+01
6.383211527112246131e+01
6.421691776440734145e+01
6.450073306435747611e+01
6.551332073823601831e+01
6.566050768882438149e+01
6.513645637308212599e+01
6.520224039314520326e+01
6.543976561736391773e+01
6.527014256709858842e+01
6.530496838234657275e+01
6.526551405442121734e+01
6.539385413689559812e+01
6.596926697275969786e+01
6.659508865439077852e+01
6.563241864222871413e+01
6.427398914446131073e+01
6.451046147793198315e+01
6.584298441944396529e+01
6.571722893012194788e+01
6.470788158628940323e+01
6.491826548930963270e+01
6.556563616995215682e+01
6.558672739037749011e+01
6.568612349381565707e+01
6.646151504916170438e+01
6.668592306102931389e+01
6.604122358029869133e+01
6.613992188070290013e+01
6.644369632700733064e+01
6.616991132705062739e+01
6.549178534885821534e+01
6.568244889273258025e+01
6.583494607491979878e+01
6.589422345286303084e+01
6.552316545231617795e+01
6.525709340291567173e+01
6.603358610134722539e+01
6.652167210433393052e+01
6.579436957083876791e+01
6.575227002502934681e+01
6.656524396505541574e+01
6.705322727717008036e+01
6.690963945606006291e+01
6.680079331791732500e+01
6.668687449814476054e+01
6.678154805870948962e+01
6.723543552683510427e+01
6.723029727151590862e+01
6.689128748371483368e+01
6.674887256557678938e+01
6.653784653529658044e+01
6.678483664109292306e+01
6.686896768454353435e+01
6.683743540063667865e+01
6.679661763486838311e+01
6.657891669790696199e+01
6.700410639764132270e+01
6.776522515901619670e+01
6.782132283164511932e+01
6.727334701720134547e+01
6.785745269724380080e+01
6.872005602220102105e+01
6.851125083668316051e+01
6.784987955474227306e+01
6.754853009770479844e+01
6.767065923828117491e+01
6.781213137997973206e+01
6.796087848947912846e+01
6.787119718998182805e+01
6.805937759433641077e+01
6.779223533283595771e+01
6.753594984726279904e+01
6.764567195091623830e+01
6.760411926493131318e+01
6.744379654340050934e+01
6.795657908248799117e+01
6.843340868121413223e+01
6.815343006071134369e+01
6.818244951135228860e+01
6.880896280982021551e+01
6.869440804898478348e+01
6.850706030676114722e+01
6.927679520347021480e+01
6.917031342986275888e+01
6.869498831427365815e+01
6.949026106989042262e+01
6.986351888212944061e+01
6.963145978167672467e+01
6.992213681146080262e+01
7.103354403520688720e+01
7.124159450467737997e+01
7.106538810344805768e+01
7.134632805898168328e+01
6.803671136812698705e+01
6.695841267131126529e+01
6.646783981708652789e+01
6.678324926291460883e+01
6.666848540861687411e+01
6.658922537677032949e+01
6.645927317132920109e+01
6.638852658394483797e+01
6.637651051467922514e+01
6.619883674749551972e+01
6.632844252589850953e+01
6.643389862802520440e+01
6.650208289256678995e+01
6.672124748376432990e+01
6.738229213449781696e+01
6.773481381402559975e+01
6.712864196889331936e+01
6.695035081923808207e+01
6.730839429830584209e+01
6.703971785992222010e+01
6.693633042210898054e+01
6.710326742558932267e+01
6.726990501712957382e+01
6.688577063313252324e+01
6.655979887435957210e+01
6.719300687533946359e+01
6.836877034485574711e+01
6.783946323604919826e+01
6.673776957900453510e+01
6.708588421171145910e+01
6.709326310762374135e+01
6.622747884011278074e+01
6.653256970916213220e+01
6.680269495490881582e+01
6.622287383498442637e+01
6.646214109230919576e+01
6.659971221811046860e+01
6.614600167522218044e+01
6.623918312504407879e+01
6.645140556584526337e+01
6.678651681222788739e+01
6.718150920939163484e+01
6.730494116307929175e+01
6.729023904702870595e+01
6.692029579920098570e+01
6.652715678669126476e+01
6.578860156065380238e+01
6.497518221443586128e+01
6.419464126861581121e+01
6.430618211421946739e+01
6.438087796983857913e+01
6.480716262646133430e+01
6.518030290095526880e+01
6.544975632569585855e+01
6.554098417447055169e+01
6.558129343483645357e+01
6.616229364392991386e+01
6.613199859944496950e+01
6.581717313062402752e+01
6.554134297390291408e+01
6.545307460182542059e+01
6.553147598951315445e+01
6.544932700361644606e+01
6.536880746203840431e+01
6.569859981614622768e+01
6.620773126169964939e+01
6.653516420022988598e+01
6.667649777111317633e+01
6.663009510659436785e+01
6.670133164078980315e+01
6.668100132260893531e+01
6.635551579892879204e+01
6.635959621454226465e+01
6.653205749204146002e+01
6.664643903935782987e+01
6.625866593422092876e+01
6.631782329994024394e+01
6.630789816529765801e+01
6.546714325129198642e+01
6.545919151352735810e+01
6.594187944091625297e+01
6.613590703877879662e+01
6.627078716883740128e+01
6.666976223970029025e+01
6.724445871393911034e+01
6.682329251680479842e+01
6.651667489430882085e+01
6.676258117837157613e+01
6.665488443565179466e+01
6.611870446185652384e+01
6.586327762044216172e+01
6.608685544465765815e+01
6.612997818746899270e+01
6.601062170043711319e+01
6.570647237058784640e+01
6.545117172759452728e+01
6.576964705271011269e+01
6.614412849473740152e+01
6.595842999266317008e+01
6.549616517641177893e+01
6.480469557105404022e+01
6.445777734886810606e+01
6.471331677906987068e+01
6.490546624748995441e+01
6.466766635611956815e+01
6.486307347593755424e+01
6.499815156430366869e+01
6.508269337124234255e+01
6.473995578106305970e+01
6.513802766714795212e+01
6.567492276532908591e+01
6.570192551571231832e+01
6.531906796279868388e+01
6.566600474357593953e+01
6.651534362469084272e+01
6.633338529738905720e+01
6.601224372131923701e+01
6.641541427106183448e+01
6.612334782140696632e+01
6.583237137968279740e+01
6.641556150255304658e+01
6.615197011819347495e+01
6.604003088149596579e+01
6.608745179405902093e+01
6.609683130611654178e+01
6.580855946976866733e+01
6.583058233147870908e+01
6.596073373246676397e+01
6.603655300148098206e+01
6.587400077451188452e+01
6.547840584174964818e+01
6.547108633332962313e+01
6.596115439387021695e+01
6.618790326272407754e+01
6.597389548543706894e+01
6.569562178085767812e+01
6.584492935981521100e+01
6.552701450415774787e+01
6.497915870193789090e+01
6.512989529242771880e+01
6.496667495617079169e+01
6.489976504823377468e+01
6.499816022497961399e+01
6.534665840190733377e+01
6.525269130505250814e+01
6.527569529762412515e+01
6.544673622426697079e+01
6.513937130916015406e+01
6.487293303689077106e+01
6.546603715924879907e+01
6.546515129582270731e+01
6.546627470921779945e+01
6.573766441365367541e+01
6.559187678085149287e+01
6.524626632073452015e+01
6.541811145300160035e+01
6.575334023712930787e+01
6.551568634001071700e+01
6.514218479160557251e+01
6.517802019422184401e+01
6.535287553000243577e+01
6.500380574846180082e+01
6.484478707728167990e+01
6.477298017571274613e+01
6.463111582911743369e+01
6.440008363738492392e+01
6.396957999433344355e+01
6.430708406175804726e+01
6.484703390407187840e+01
6.457058512763980218e+01
6.445138453277509427e+01
6.477402935474252388e+01
6.458767387853525577e+01
6.393811823307363795e+01
6.477767302484005540e+01
6.518134218206968455e+01
6.483377440918724233e+01
6.476304266867593640e+01
6.491991967841673272e+01
6.486843319711327638e+01
6.437095407243542411e+01
6.435800141292742182e+01
6.440430757277133011e+01
6.442173409002896278e+01
6.443614174309713860e+01
6.470594530659411703e+01
6.462801654436555054e+01
6.485748857718704130e+01
6.522050328425204668e+01
6.542507958542582003e+01
6.551126939527448201e+01
6.536011461786004872e+01
6.522123572998981444e+01
6.562070322214262319e+01
6.542664469329453425e+01
6.533841343839969795e+01
6.577234176017103096e+01
6.620239752255177734e+01
6.661048609899647488e+01
6.703005502003709637e+01
6.683984430579114644e+01
6.630697889640717335e+01
6.625530188023275002e+01
6.649578905562752595e+01
6.672266164842356773e+01
6.639264040502270348e+01
6.598500713268526852e+01
6.593372603312585056e+01
6.598199940365060456e+01
6.558690802733309511e+01
6.559280223593908943e+01
6.538383620929637630e+01
6.548595671394159012e+01
6.566963232956099716e+01
6.552376922515406932e+01
6.554996653267363627e+01
6.532980348926261627e+01
6.539583866892833441e+01
6.537850123290908755e+01
6.514406663276631093e+01
6.524446242565737464e+01
6.568377150167459888e+01
6.549157996711417695e+01
6.506881525664675792e+01
6.515246501396224232e+01
6.525358830363340701e+01
6.501644538639605742e+01
6.516975543488347000e+01
6.501744878756723267e+01
6.495764805734852132e+01
6.487095716553398006e+01
6.517377398852583781e+01
6.542565366451758280e+01
6.550372594651908287e+01
6.552903367889430797e+01
6.552312091169699215e+01
6.542298865080277892e+01
6.508717712690736334e+01
6.520185066272729557e+01
6.523821189209787974e+01
6.496080301787439737e+01
6.503810078799779149e+01
6.525865851078440016e+01
6.513689683031633137e+01
6.510901563994353580e+01
6.554005748214353844e+01
6.550794493294780807e+01
6.531588825748437444e+01
6.566342262490240955e+01
6.555864824169719896e+01
6.505928851309803918e+01
6.498302878684962991e+01
6.486904315614827965e+01
6.507798938696024038e+01
6.548685371252247478e+01
6.505106087094232237e+01
6.465955253999067054e+01
6.472729387281921731e+01
6.486990798650418810e+01
6.496409654921552601e+01
6.489574402011255927e+01
6.475513175981222957e+01
6.473302476582151144e+01
6.478809676696967301e+01
6.453501325702040958e+01
6.453514069268086928e+01
6.470056950130590678e+01
6.501861797882094152e+01
6.488281734263242129e+01
6.466341891318414525e+01
6.460077995573156784e+01
6.466099021219893928e+01
6.464799424931116789e+01
6.432146697003777547e+01
6.388787394014978105e+01
6.387465527416606648e+01
6.422533470419460855e+01
6.400960345239288074e+01
6.386900356448677485e+01
6.405172155679362334e+01
6.421955432161543342e+01
6.427276798915188749e+01
6.399723971884971263e+01
6.408355448988000092e+01
6.396210088202798261e+01
6.412374868697966690e+01
6.409687584673572758e+01
6.383205835810905171e+01
6.398417447055432206e+01
6.426106865317828465e+01
6.446766041737033959e+01
6.416416434993584517e+01
6.382596124223786660e+01
6.520951907266430680e+01
6.615529210604131549e+01
6.531157400362016574e+01
6.509375305443482773e+01
6.558658881956223752e+01
6.542338951637547950e+01
6.514338243936599326e+01
6.547215283371130568e+01
6.574511383221300775e+01
6.545159238899796605e+01
6.539862122038822179e+01
6.650685492501710883e+01
6.644080984743600027e+01
6.608852571787724628e+01
6.670915223117570747e+01
6.694056054369249864e+01
6.693129238318294938e+01
6.706392939816963406e+01
6.715375421743988227e+01
6.737088973598548591e+01
6.732759006793681067e+01
6.732058729280879561e+01
6.768271118749002824e+01
6.731348553852701855e+01
6.666644520081014491e+01
6.645384663922469315e+01
6.614058998999072969e+01
6.555721056948893022e+01
6.558842117114609493e+01
6.611689066886400212e+01
6.630326346642317503e+01
6.680912117646622050e+01
6.771552277695913347e+01
6.815085536547434231e+01
6.817693760972767336e+01
6.885457982730612514e+01
6.906918890295217750e+01
6.850401051158613086e+01
6.754590220117265176e+01
6.629315522034615071e+01
6.631017468583398511e+01
6.796853700150077771e+01
6.782747067433260213e+01
6.759561695562393879e+01
6.805644781138532551e+01
6.811712821883301672e+01
6.718004184343725171e+01
6.694690510744806033e+01
6.648035696831800578e+01
6.565675761613657357e+01
6.556100023383825715e+01
6.565451697554348698e+01
6.517294751259200325e+01
6.488590425499009484e+01
6.524832137541432076e+01
6.534258540973038976e+01
6.542956952728793851e+01
6.618267592616649608e+01
6.608262161135587576e+01
6.571853050599381163e+01
6.542568088378486379e+01
6.502496749153418421e+01
6.489506601290935350e+01
6.465872853853568358e+01
6.473644573282309977e+01
6.478791860449291562e+01
6.462711583406640159e+01
6.451473737737410374e+01
6.478198480422541650e+01
6.488593271149680675e+01
6.469307554212738864e+01
6.484668129083662791e+01
6.493682036892005272e+01
6.474187226492760772e+01
6.420488932274751903e+01
6.428377199657036556e+01
6.435369458249974173e+01
6.364500260438898493e+01
6.338505489012695193e+01
6.358877873333902642e+01
6.345359176790378086e+01
6.325300061490798953e+01
6.324998917415506128e+01
6.351521495179096632e+01
6.348906589660884947e+01
6.322388589683155402e+01
6.338225254283631926e+01
6.382182638808983910e+01
6.355324521714170771e+01
6.365640376566190639e+01
6.366516836972672877e+01
6.419867714361009803e+01
6.447082527581159184e+01
6.392153675034116844e+01
6.362119193171427867e+01
6.337811397697002747e+01
6.305547286672085505e+01
6.313326429537359274e+01
6.290615662708737688e+01
6.245178044939009965e+01
6.236111554455237638e+01
6.242429765011116416e+01
6.210640877648156533e+01
6.502583727084778786e+01
6.531823282618888982e+01
6.563468031589196983e+01
6.577595202480416958e+01
6.570367497225490183e+01
6.577630711251826767e+01
6.627138970443587596e+01
6.638222779804787876e+01
6.656439398157255027e+01
6.683828043516184891e+01
6.715475266965336232e+01
6.674550974882802734e+01
6.615360946042751777e+01
6.645817945168023755e+01
6.619664188476104982e+01
6.557975430899560365e+01
6.605854369496604761e+01
6.648480484403978608e+01
6.577030278960371845e+01
6.526142992708948043e+01
6.572219520916151225e+01
6.575363470011171785e+01
6.574766996885868764e+01
6.577509956684248493e+01
6.598945129668877030e+01
6.613251205380507258e+01
6.593781263493642086e+01
6.596885497203220439e+01
6.609290801990965747e+01
6.629001758117217946e+01
6.706587928749856076e+01
6.802058147778350872e+01
6.832010476943425203e+01
6.805283259779449168e+01
6.817976346456731562e+01
6.851963437100603471e+01
6.804105036677962914e+01
6.778580539956028872e+01
6.783488916190638918e+01
6.771981847223202067e+01
6.767088812757423000e+01
6.816709413288693042e+01
6.850494833906793701e+01
6.809750065264378804e+01
6.824627869312874395e+01
6.840954109552602347e+01
6.820865176782955075e+01
6.773040676720474096e+01
6.738738213747957673e+01
6.723248223633500231e+01
6.681176763158968868e+01
6.673529881187897672e+01
6.669255837604902126e+01
6.678584004226409832e+01
6.680803735473263316e+01
6.679599035448146083e+01
6.669127164705022892e+01
6.666153830926283774e+01
6.672485156220035662e+01
6.619867343189181952e+01
6.656012798004580588e+01
6.750970676188461539e+01
6.778404851958117661e+01
6.711789407003517738e+01
6.692188194013988323e+01
6.671388343472510485e+01
6.664518200410516613e+01
6.693140992092803288e+01
6.735434784491451410e+01
6.751156262101747529e+01
6.730560184893059272e+01
6.705756132686504145e+01
6.696610953775497421e+01
6.742737961351114961e+01
6.723485649878564629e+01
6.732360739423768337e+01
6.790618137187581738e+01
6.823486144774334150e+01
6.769328958454737233e+01
6.706137326152395417e+01
6.686013874402877377e+01
6.673869008513445067e+01
6.642055005190219674e+01
6.612389220675260049e+01
6.609891358006362339e+01
6.652404636678457450e+01
6.728218461839206554e+01
6.756016509722846308e+01
6.791575513052256952e+01
6.902878066343252783e+01
6.906150564614209486e+01
6.847532759006793412e+01
6.840364193796233394e+01
6.778321585745021594e+01
6.696113212356063116e+01
6.677149548840644400e+01
6.703597892238920508e+01
6.710546847452090446e+01
6.657816445633844182e+01
6.754978713295746218e+01
6.829013883063552726e+01
6.755388486992283958e+01
6.679089045358433907e+01
6.676457560831968863e+01
6.658689194322060700e+01
6.600878316265615808e+01
6.563030420005667054e+01
6.564431469927039586e+01
6.587564877742185843e+01
6.598247945254630054e+01
6.570712315852377117e+01
6.571737244989489568e+01
6.572631150471821115e+01
6.577306554523285342e+01
6.568254416016806374e+01
6.572839996486240466e+01
6.562041123363906081e+01
6.549419796573094743e+01
6.561089933696339926e+01
6.605622882000764662e+01
6.635132032004909775e+01
6.619811543691254485e+01
6.598277020381044622e+01
6.597260504472001230e+01
6.617276563839698156e+01
