8.294558475378788387e+01
7.981770833333332860e+01
8.010595407196969120e+01
7.993055160984847873e+01
7.975833333333333997e+01
7.962746212121211897e+01
7.967838541666667140e+01
7.957328361742423795e+01
7.962230113636363171e+01
7.982265624999999432e+01
7.972727272727273373e+01
7.970707859848485555e+01
7.962816051136363171e+01
7.950388257575757223e+01
7.948100142045454675e+01
7.925769412878787534e+01
7.933293087121212750e+01
7.924350142045454959e+01
7.903739346590909065e+01
7.896719933712121531e+01
7.893403172348484986e+01
7.881371922348485271e+01
7.877105823863635692e+01
7.873299005681818130e+01
7.857468039772727764e+01
7.836115056818181301e+01
7.823458806818182154e+01
7.805261600378787534e+01
7.807294034090908497e+01
7.794852035984848726e+01
7.789320549242424363e+01
7.785508996212121247e+01
7.782195785984848158e+01
7.784077888257576205e+01
7.791957859848484702e+01
7.803616240530303116e+01
7.808561789772727479e+01
7.818729876893939945e+01
7.825004734848485555e+01
7.839169034090909349e+01
7.840915009469696884e+01
7.844623579545454106e+01
7.854678030303030312e+01
7.847311789772727764e+01
7.843330965909090935e+01
7.842142518939394336e+01
7.841795691287879322e+01
7.832121212121212750e+01
7.831616950757575069e+01
7.827664535984848726e+01
7.817548532196970257e+01
7.824299242424243062e+01
7.825403645833333144e+01
7.823386600378788103e+01
7.828959517045454675e+01
7.828619791666666572e+01
7.839156013257576205e+01
7.855150331439394051e+01
7.875273437500000284e+01
7.881622869318181301e+01
7.898014914772727479e+01
7.911696259469697168e+01
7.913300189393939377e+01
7.921498579545455243e+01
7.926758996212120678e+01
7.942625473484848442e+01
7.956831202651514445e+01
7.965304214015151274e+01
7.967567471590909634e+01
7.953145123106060055e+01
7.950217803030302832e+01
7.939704071969697452e+01
7.944696969696970257e+01
7.954831912878788103e+01
7.952427793560606517e+01
7.964152462121212750e+01
7.962368607954545041e+01
7.969736032196969688e+01
7.974665009469697452e+01
7.990861742424242209e+01
8.001896306818181870e+01
8.033855350378787818e+01
8.049599905303030312e+01
8.054513494318182154e+01
8.057910748106060339e+01
8.077726089015150990e+01
8.100165719696970257e+01
8.122856297348485555e+01
8.127337831439393767e+01
8.147807765151515014e+01
8.159364346590909634e+01
8.170366950757575353e+01
8.187196969696969973e+01
8.174231770833333144e+01
8.160511363636364024e+01
8.156916429924243062e+01
8.160983664772727764e+01
8.169917140151514445e+01
8.171421638257575637e+01
8.182208806818181301e+01
8.174907670454545894e+01
8.177368607954545610e+01
8.179554924242424363e+01
8.169011600378787818e+01
8.168340435606060623e+01
8.151329308712121247e+01
8.138499053030302832e+01
8.140833333333333144e+01
8.141049952651515298e+01
8.149599905303030312e+01
8.152631392045454106e+01
8.157402935606060623e+01
8.157337831439393483e+01
8.162497632575757223e+01
8.161820549242423795e+01
8.160092329545454959e+01
8.151658380681817562e+01
8.144878077651515014e+01
8.134206912878788387e+01
8.146928267045454675e+01
8.152850378787879038e+01
8.143154592803030312e+01
8.147433712121211613e+01
8.155955255681817562e+01
8.158456439393938808e+01
8.141962594696970257e+01
8.144773910984848442e+01
8.135686553030302548e+01
8.123025568181817846e+01
8.115505445075757507e+01
8.107389914772727479e+01
8.102937973484849010e+01
8.079163115530303685e+01
8.054683948863636545e+01
8.046322206439394620e+01
8.043733428030303401e+01
8.037015861742423795e+01
8.027977035984848442e+01
8.018299005681818414e+01
8.002041903409090651e+01
7.995785984848484418e+01
7.970401278409090651e+01
7.944370265151515298e+01
7.920401278409090651e+01
7.894971590909091219e+01
7.882865767045454675e+01
7.865565814393939092e+01
7.848161695075756938e+01
7.838594933712121815e+01
7.830559895833333428e+01
7.825196496212120678e+01
7.814115767045454675e+01
7.815531486742423795e+01
7.832784090909090935e+01
7.851421638257575353e+01
7.862014678030303116e+01
7.878343986742424931e+01
7.896531723484848442e+01
7.915485321969697452e+01
7.909734848484848158e+01
7.920120738636363455e+01
7.922547348484847873e+01
7.933734611742424647e+01
7.947926136363636829e+01
7.942685842803030027e+01
7.942279829545454106e+01
7.937629024621212182e+01
7.940651041666666288e+01
7.927650331439393483e+01
7.906437026515150990e+01
7.913751183712120962e+01
7.912726089015151842e+01
7.921021543560605949e+01
7.920043797348485271e+01
7.919051846590909349e+01
7.932505918560606517e+01
7.938464725378787534e+01
7.945137310606060055e+01
7.946695075757575921e+01
7.948813920454544757e+01
7.968469460227272805e+01
7.977258522727272805e+01
7.988514441287878753e+01
7.991062973484848442e+01
8.002228929924243062e+01
8.010243844696969973e+01
8.020344460227272521e+01
8.040535037878787250e+01
8.060807291666667140e+01
8.053998579545454106e+01
8.065853456439394620e+01
8.062220643939393483e+01
8.072193418560605949e+01
8.062773437500000284e+01
8.063300189393939377e+01
8.056948390151515582e+01
8.064119318181818130e+01
8.047272727272726911e+01
8.045765861742424363e+01
8.031915246212120962e+01
8.038040956439394336e+01
8.046914062499999432e+01
8.047410037878788103e+01
8.029575047348484418e+01
8.034963304924242777e+01
8.047362689393939661e+01
8.046464251893939945e+01
8.049169034090908781e+01
8.038294270833333144e+01
8.034251893939394051e+01
8.033132102272726627e+01
8.035239109848484418e+01
8.024248342803029743e+01
8.027428977272727195e+01
8.025311316287879038e+01
8.018377130681818699e+01
7.995978929924243062e+01
7.986669034090908781e+01
7.964557291666666572e+01
7.962561553030303685e+01
7.970368134469697452e+01
7.966541193181818414e+01
7.971807528409091503e+01
7.990691287878787818e+01
8.013605587121212182e+01
8.012799479166666572e+01
8.007535511363636260e+01
8.014868607954545610e+01
8.006381392045454959e+01
8.002636126893939661e+01
7.996106770833333144e+01
7.990209517045454390e+01
7.982431344696969688e+01
7.962923768939394620e+01
7.948753551136363171e+01
7.939112215909091219e+01
7.944223484848484418e+01
7.929700520833333144e+01
7.920700757575757223e+01
7.911599195075757507e+01
7.908456439393938808e+01
7.901575520833333144e+01
7.884255445075757507e+01
7.873624526515150990e+01
7.867122395833332860e+01
7.867410037878788387e+01
7.857782907196970257e+01
7.862186316287878185e+01
7.855196496212121815e+01
7.874367897727272236e+01
7.891579071969697168e+01
7.892813683712121531e+01
7.910055634469696884e+01
7.920216619318182438e+01
7.934056581439394051e+01
7.929113399621212466e+01
7.949449573863635976e+01
7.958610321969696599e+01
7.959064867424243062e+01
7.967281013257576205e+01
7.978033854166666572e+01
7.975074573863636829e+01
7.976046401515151274e+01
7.970922111742424931e+01
7.968014914772727764e+01
7.961515151515150990e+01
7.963066998106060623e+01
7.954040009469696315e+01
7.956633522727273089e+01
7.970474668560605380e+01
7.981806344696970257e+01
7.994232954545454106e+01
7.982559185606061192e+01
7.990945785984848726e+01
8.011393229166667140e+01
8.017128314393939092e+01
8.024325284090909349e+01
8.029435369318181870e+01
8.050931581439394336e+01
8.057122395833333428e+01
8.072022964015151558e+01
8.090654592803029743e+01
8.105477035984849010e+01
8.107692945075757507e+01
8.116038115530302832e+01
8.124713541666666572e+01
8.121799242424242493e+01
8.143866003787879038e+01
8.142084517045454106e+01
8.143397253787878753e+01
8.150048532196969120e+01
8.153268229166666003e+01
8.151296164772726627e+01
8.155378787878787250e+01
8.163141571969697452e+01
8.196901041666666288e+01
8.228418560606060339e+01
8.231397964015151558e+01
8.251215672348484986e+01
8.242953361742424079e+01
8.251511600378788103e+01
8.250641571969697452e+01
8.253908617424242777e+01
8.252723721590909634e+01
8.256476089015151842e+01
8.235439157196969973e+01
8.226722301136364024e+01
8.234017518939394620e+01
8.200052083333333997e+01
8.182053740530302832e+01
8.160091145833332860e+01
8.120748106060605664e+01
8.122304687499999432e+01
8.121600378787879038e+01
8.123256392045455243e+01
8.120187026515151274e+01
8.120188210227273373e+01
8.117394649621212466e+01
8.142613636363635976e+01
8.154573863636363740e+01
8.172321259469697452e+01
8.191624053030302832e+01
8.190053267045455243e+01
8.190454545454545610e+01
8.180887784090909065e+01
8.147079782196969688e+01
8.132817234848485555e+01
8.115205965909090935e+01
8.092813683712121531e+01
8.056975615530302548e+01
8.038347537878787818e+01
8.018214962121211897e+01
7.971031013257575637e+01
7.931196732954545325e+01
7.897827888257575069e+01
7.882013494318181301e+01
7.856980350378788103e+01
7.858971354166666856e+01
7.865493607954545041e+01
7.853146306818182154e+01
7.855201231060605949e+01
7.855857007575757223e+01
7.860749289772726911e+01
7.871426373106061192e+01
7.875958806818181301e+01
7.889709990530303685e+01
7.888489583333333144e+01
7.896316287878788387e+01
7.908056344696969120e+01
7.911017992424243062e+01
7.913293087121212466e+01
7.915422585227273089e+01
7.922370975378787250e+01
7.932839725378788387e+01
7.929159564393938808e+01
7.928559422348484986e+01
7.914030539772727479e+01
7.928841145833332860e+01
7.910324337121211613e+01
7.910942234848485555e+01
7.922507102272727764e+01
7.932598248106060623e+01
7.940460464015151842e+01
7.955014204545454959e+01
7.966697443181817562e+01
7.968668323863636260e+01
7.978784327651514729e+01
7.981599195075757791e+01
7.985339725378787534e+01
7.991880918560606517e+01
7.987350852272727764e+01
7.999635416666666288e+01
8.008430397727272521e+01
8.003132102272726911e+01
7.997544981060606517e+01
7.991924715909091503e+01
7.992949810606060623e+01
7.992206439393939377e+01
7.980640388257575069e+01
7.988765388257576205e+01
7.992682291666666572e+01
7.996317471590909065e+01
7.996949573863636829e+01
7.993334517045454390e+01
7.991463068181818130e+01
7.985303030303030880e+01
7.984894649621212182e+01
7.993535748106060623e+01
7.990381155303030880e+01
7.982180397727272236e+01
7.974000946969697168e+01
7.982604166666666856e+01
7.987315340909090366e+01
7.988416193181818414e+01
8.001748342803030312e+01
8.006355350378787250e+01
8.004139441287878753e+01
7.992833806818181586e+01
7.997495265151515298e+01
7.981690340909091219e+01
7.970162168560605664e+01
7.954913589015151842e+01
7.952966382575758075e+01
7.960558712121212466e+01
7.950059185606060908e+01
7.962740293560605664e+01
7.969687500000000568e+01
8.000815577651515298e+01
8.003953598484848442e+01
8.008623342803029743e+01
8.008484848484847873e+01
8.009434185606060908e+01
8.011770833333333997e+01
7.996860795454544757e+01
7.977966382575758075e+01
7.965802556818181301e+01
7.947136600378787818e+01
7.927772253787878753e+01
7.937649147727272236e+01
7.926719933712121247e+01
7.913703835227272521e+01
7.894419981060606517e+01
7.882986505681817846e+01
7.879025804924242493e+01
7.877257339015152127e+01
7.882750946969696315e+01
7.887657433712121247e+01
7.900333806818181870e+01
7.899552556818181870e+01
7.903650568181818414e+01
7.898381865530302548e+01
7.908533380681818414e+01
7.896722301136364308e+01
7.889288589015151842e+01
7.878049242424242493e+01
7.854557291666667140e+01
7.840320785984847873e+01
7.821055871212121247e+01
7.827426609848484418e+01
7.827823153409090651e+01
7.815973011363635692e+01
7.825843986742424363e+01
7.809665009469696884e+01
7.828345170454545610e+01
7.833063446969697452e+01
7.826714015151515014e+01
7.833297821969696884e+01
7.853514441287879322e+01
7.872991240530302548e+01
7.881838304924242777e+01
7.884231770833333997e+01
7.893793797348484986e+01
7.910194128787878753e+01
7.916326941287879038e+01
7.912401751893939661e+01
7.920040246212121815e+01
7.921671401515150990e+01
7.921859611742424079e+01
7.926608664772727764e+01
7.923919270833333428e+01
7.911866714015151558e+01
7.912154356060605664e+01
7.916723484848485271e+01
7.913184185606060339e+01
7.905294744318182154e+01
7.912498816287879322e+01
7.917772253787879322e+01
7.936053503787879038e+01
7.943565340909090366e+01
7.956322206439394051e+01
7.956929450757576205e+01
7.966180160984848158e+01
7.958129734848485271e+01
7.932475142045454675e+01
7.955774147727272805e+01
7.934494554924242493e+01
7.932909564393939661e+01
7.930365767045454106e+01
7.924285037878787818e+01
7.924044744318182154e+01
7.916821732954545610e+01
7.886367187499999432e+01
7.934573863636363455e+01
7.930723248106060908e+01
7.965260416666666288e+01
7.998270596590909065e+01
8.013951231060606517e+01
8.034875710227272805e+01
8.056304450757575353e+01
8.082827888257575921e+01
8.086985085227273373e+01
8.086811079545454106e+01
8.085458096590909349e+01
8.097979403409091503e+01
8.092307054924242493e+01
8.092291666666666572e+01
8.105314867424242209e+01
8.104530066287878753e+01
8.079254261363635692e+01
8.062148437499999432e+01
8.055217803030302548e+01
8.022943892045454106e+01
8.001306818181818414e+01
7.994443655303030027e+01
7.988531013257575353e+01
7.991126893939393483e+01
8.009403409090909065e+01
8.011092566287878469e+01
8.022548532196969973e+01
8.029830729166666003e+01
8.031762547348485271e+01
8.053244554924242493e+01
8.069556107954545610e+01
8.077750946969696599e+01
8.088636363636364024e+01
8.087161458333333997e+01
8.089405776515151558e+01
8.088965435606060339e+01
8.081628787878787534e+01
8.075474668560606517e+01
8.083647017045454675e+01
8.068303740530302548e+01
8.075755208333333712e+01
8.076109138257575637e+01
8.073808001893939945e+01
8.044300426136364024e+01
8.025178740530303401e+01
8.016338778409091503e+01
7.990639204545455243e+01
7.967774621212120678e+01
7.958552320075757791e+01
7.948951231060605949e+01
7.959975142045455243e+01
7.930590672348485271e+01
7.925791903409090366e+01
7.914815340909090935e+01
7.900860558712120962e+01
7.887250236742424647e+01
7.869764441287878753e+01
7.869643702651515582e+01
7.838972537878787250e+01
7.826873816287879038e+01
7.798570075757575637e+01
7.784485085227272805e+01
7.775655776515151274e+01
7.763660037878787534e+01
7.752531960227273089e+01
7.748575994318181870e+01
7.755069839015150990e+01
7.760865293560605949e+01
7.753691998106060623e+01
7.772243134469697168e+01
7.792425426136364308e+01
7.804693418560606233e+01
7.820036695075756938e+01
7.836248816287879038e+01
7.856620501893939945e+01
7.878845880681818414e+01
7.901409801136364308e+01
7.915007102272727479e+01
7.916695075757576205e+01
7.907767518939394336e+01
7.885860558712121815e+01
7.841730587121212182e+01
7.832163825757575637e+01
7.979496922348485555e+01
7.990576467803030880e+01
7.987013494318182438e+01
7.967143702651515014e+01
7.965838068181818699e+01
7.958375946969697168e+01
7.977214725378787818e+01
8.001131628787878469e+01
8.016186079545454390e+01
8.028879024621211613e+01
8.037449100378788103e+01
8.036214488636363740e+01
8.093729876893939945e+01
8.100204782196969688e+01
8.133172348484848158e+01
8.223271780303029743e+01
8.308939393939394336e+01
8.346541193181818130e+01
8.362476325757575069e+01
8.337765151515151274e+01
8.339430634469697168e+01
8.258032670454545610e+01
8.202900094696970257e+01
8.163239820075757791e+01
8.140449810606060055e+01
8.121877367424242777e+01
8.097128314393938808e+01
8.085585937499999432e+01
8.074211647727273089e+01
8.081027462121211613e+01
8.066419270833333144e+01
8.057252604166666288e+01
8.067534327651515014e+01
8.061589725378787818e+01
8.063966619318182438e+01
8.058910984848485271e+01
8.072530776515151274e+01
8.088850615530303401e+01
8.099480350378787818e+01
8.099269649621211897e+01
8.101315104166666003e+01
8.102432528409090651e+01
8.085169270833333144e+01
8.069817708333333428e+01
8.066109138257576205e+01
8.080671164772726911e+01
8.076609848484848442e+01
8.045868844696970257e+01
8.042664535984847873e+01
8.048544034090909349e+01
8.059266098484847873e+01
8.060254498106060339e+01
8.092093986742423795e+01
8.087700047348485555e+01
8.082619554924242777e+01
8.098860085227272521e+01
8.107852746212121531e+01
8.106548295454545894e+01
8.101644176136363740e+01
8.077692945075757791e+01
8.082875236742424363e+01
8.063937026515151274e+01
8.059457859848484418e+01
8.050413115530302832e+01
8.039550189393939661e+01
8.025823863636364308e+01
8.010282907196969404e+01
8.003987926136363740e+01
7.996676136363636545e+01
7.988781960227272805e+01
7.982742660984848726e+01
7.975262784090908497e+01
7.960073390151515582e+01
7.956403882575757791e+01
7.941934185606061192e+01
7.904721827651515298e+01
7.859997632575758075e+01
7.822198153409091503e+01
7.787226562499999716e+01
7.742659801136363740e+01
7.710891335227272236e+01
7.675239109848484986e+01
7.634630681818181586e+01
7.613480113636363455e+01
7.579127604166666288e+01
7.553262310606061192e+01
7.535937500000000000e+01
7.536260653409091503e+01
7.535529119318181301e+01
7.542600615530302832e+01
7.562427793560605949e+01
7.576698626893939092e+01
7.593287168560605949e+01
7.610616714015151274e+01
7.608000710227273089e+01
7.643858901515152127e+01
7.656215672348484702e+01
7.672469223484849010e+01
7.697091619318182154e+01
7.698110795454545041e+01
7.723541666666666572e+01
7.715847537878788387e+01
7.717025331439394620e+01
7.714464962121212466e+01
7.698048058712120678e+01
7.692531960227272236e+01
7.674899384469696884e+01
7.650295928030303116e+01
7.647237215909090935e+01
7.609571496212120678e+01
7.594167850378788387e+01
7.706081912878788387e+01
7.691651278409091219e+01
7.705928030303030596e+01
7.723558238636363171e+01
7.733243371212121531e+01
7.735384706439394620e+01
7.743129734848484702e+01
7.754981060606060339e+01
7.762026515151515582e+01
7.750163352272727479e+01
7.732252604166666288e+01
7.724614109848485555e+01
7.729352509469697452e+01
7.711592092803030596e+01
7.724554924242424647e+01
7.736877367424241925e+01
7.729099195075757223e+01
7.745196496212120962e+01
7.770616714015152127e+01
7.835907907196970257e+01
7.856832386363636545e+01
7.859112215909091503e+01
7.868715672348484702e+01
7.876692708333332860e+01
7.860580018939394620e+01
7.821504498106060055e+01
7.784017518939394620e+01
7.754386837121212750e+01
7.765926846590909349e+01
7.761651278409091503e+01
7.778494318181817846e+01
7.773154592803030027e+01
7.771406249999999716e+01
7.770327888257575921e+01
7.760600142045454675e+01
7.766943655303030880e+01
7.774048295454545610e+01
7.769182054924242209e+01
7.779575047348484418e+01
7.776254734848484418e+01
7.782291666666667140e+01
7.788019649621212182e+01
7.789111032196969120e+01
7.782386363636364024e+01
7.804704071969696599e+01
7.788738162878787818e+01
7.787611268939393483e+01
7.800546875000000568e+01
7.812394649621212750e+01
7.832952178030302548e+01
7.846032196969696315e+01
7.861343513257575921e+01
7.860548058712120678e+01
7.875482954545454106e+01
7.868579545454545610e+01
7.877608901515151274e+01
7.878303740530303401e+01
7.872586410984848726e+01
7.881093749999999432e+01
7.892924952651515014e+01
7.890136126893939661e+01
7.896554214015151274e+01
7.905408380681818414e+01
7.901280776515152127e+01
7.890896070075757507e+01
7.884936079545454390e+01
7.870950520833333997e+01
7.853515625000000000e+01
7.840848721590909065e+01
7.832832623106060055e+01
7.834675662878787250e+01
7.851882102272726627e+01
7.861183712121211897e+01
7.865580018939394336e+01
7.872579308712121815e+01
7.875136126893939092e+01
7.877755681818182154e+01
7.883786695075757223e+01
7.888359375000000284e+01
7.883464725378787818e+01
7.873656486742424931e+01
7.850886600378787250e+01
7.842207623106060055e+01
7.834494554924242493e+01
7.814515861742424363e+01
7.796950757575757507e+01
7.783194839015150990e+01
7.731986268939394336e+01
7.701313920454545325e+01
7.669199810606060908e+01
7.631219223484848158e+01
7.634862689393939661e+01
7.628716856060606233e+01
7.656957859848485271e+01
7.675930397727272236e+01
7.721331676136364308e+01
7.755906723484848442e+01
7.775665246212120962e+01
7.803678977272727479e+01
7.819552556818182154e+01
7.839466145833333144e+01
7.851944839015150990e+01
7.840290009469697452e+01
7.827063210227272805e+01
7.823979640151515014e+01
7.806057054924242777e+01
7.787727272727272521e+01
7.776048768939394051e+01
7.767838541666667140e+01
7.748528645833333428e+01
7.718410274621211897e+01
7.702114109848484702e+01
7.683146306818181870e+01
7.654148910984848442e+01
7.635477035984848726e+01
7.610877130681818414e+01
7.594209280303030596e+01
7.592856297348484418e+01
7.604000946969696884e+01
7.637238399621212182e+01
7.662875236742424079e+01
7.700016571969696599e+01
7.716627604166666288e+01
7.743036221590908497e+01
7.726468986742423795e+01
7.728999763257576205e+01
7.729528882575758075e+01
7.752334280303030312e+01
7.747431344696970257e+01
7.719743134469696599e+01
7.703250473484848726e+01
7.699691051136363740e+01
7.686566051136364308e+01
7.696278409090909634e+01
7.688330965909091219e+01
7.703863636363635692e+01
7.717567471590909634e+01
7.735121922348484702e+01
7.755626183712121247e+01
7.743312026515151558e+01
7.753152225378788387e+01
7.770485321969697168e+01
7.834624763257575353e+01
7.896032196969696315e+01
7.936805160984847873e+01
7.960511363636364024e+01
7.938950047348484418e+01
7.875370501893939945e+01
7.807517755681817562e+01
7.752523674242424079e+01
7.722953361742423795e+01
7.693700284090908781e+01
7.671698626893939377e+01
7.657929687499999716e+01
7.652392282196969120e+01
7.631690340909091219e+01
7.644534801136363455e+01
7.646178977272727195e+01
7.660609611742424363e+01
7.673325047348484418e+01
7.676566051136363455e+01
7.689424715909090935e+01
7.708633996212121531e+01
7.697453835227273089e+01
7.736029829545454106e+01
7.731143465909090651e+01
7.739532433712120962e+01
7.754870975378787534e+01
7.760880681818181870e+01
7.757123579545454106e+01
7.771052320075757791e+01
7.777439630681817562e+01
7.757012310606060623e+01
7.741120975378787250e+01
7.748420928030303401e+01
7.729437736742424647e+01
7.740772964015151558e+01
7.733107244318182438e+01
7.729842566287878469e+01
7.725796638257575921e+01
7.723013731060605380e+01
7.701631155303030596e+01
7.690906723484847873e+01
7.660544507575757223e+01
7.646505681818182154e+01
7.630698390151515298e+01
7.622463304924242777e+01
7.618934659090909634e+01
7.621226325757575637e+01
7.634122869318181870e+01
7.642668087121212750e+01
7.646866714015150990e+01
7.652380445075758075e+01
7.653580729166667140e+01
7.635896070075757791e+01
7.623003077651515014e+01
7.621748342803030596e+01
7.604131155303029743e+01
7.591484375000000284e+01
7.584404592803029743e+01
7.562180397727273373e+01
7.544674479166666003e+01
7.536227509469696884e+01
7.540306581439394051e+01
7.542275094696969973e+01
7.541180160984848158e+01
7.562949810606060908e+01
7.598256392045455243e+01
7.618173532196969688e+01
7.648800899621211613e+01
7.671897490530302832e+01
7.681938920454545894e+01
7.690897253787878185e+01
7.696168323863636829e+01
7.690746922348485271e+01
7.671736505681818130e+01
7.643965435606060055e+01
