1.081153392672779745e+02
5.807693153563726440e+01
5.780760945928609118e+01
5.744168463751825016e+01
5.737173332681699378e+01
5.716684973517175905e+01
5.695942476984073721e+01
5.705532863749381534e+01
5.697904955067780008e+01
5.667531751898393821e+01
5.669758508409136510e+01
5.688102827889132840e+01
5.667126842648649188e+01
5.651302515104679003e+01
5.634594204934907680e+01
5.604524989156398362e+01
5.578271254986529470e+01
5.553232126384468614e+01
5.550179301244418184e+01
5.555713997715207597e+01
5.568823453946765767e+01
5.567824742960822704e+01
5.605016891582310734e+01
5.594880964744549345e+01
5.564950302704485807e+01
5.531436059404610006e+01
5.560077096480564052e+01
5.572282410150832987e+01
5.582135364803196609e+01
5.626136684362609941e+01
5.608471571436425762e+01
5.580231778167400591e+01
5.549520743351803276e+01
5.518048518244741274e+01
5.469863828799384464e+01
5.458499367711114303e+01
5.478145285935084985e+01
5.503364021235132242e+01
5.510827962441429406e+01
5.542103719813550811e+01
5.551723430121387537e+01
5.560578651239224968e+01
5.551344423334209210e+01
5.540492268970194090e+01
5.505479592647121478e+01
5.560809085410926400e+01
5.591084665619979432e+01
5.610659474253318990e+01
5.631892651398060679e+01
5.636828047968428024e+01
5.618746907282623937e+01
5.623216303889645928e+01
5.634931303492555799e+01
5.651603570141303123e+01
5.639138743119658415e+01
5.604035408177603017e+01
5.596923105118791142e+01
5.619512740468321255e+01
5.618603832831371392e+01
5.622154791650121552e+01
5.624497498335278323e+01
5.662189124631164816e+01
5.679871831682866201e+01
5.673949820087848650e+01
5.655894826227465444e+01
5.634168158298257367e+01
5.594574655906555449e+01
5.572123329932617253e+01
5.581918737132768626e+01
5.598485439028413424e+01
5.564510938292270481e+01
5.545946692243312270e+01
5.580650005192710950e+01
5.614090206547702877e+01
5.603068708725586333e+01
5.585905517102344930e+01
5.610612678766700867e+01
5.618218472609978420e+01
5.620570220720748011e+01
5.625387956576720683e+01
5.584383747426553413e+01
5.574498048151700402e+01
5.612499160002688114e+01
5.632978844285879916e+01
5.657313352597271461e+01
5.690020465389056170e+01
5.725144082448026950e+01
5.756263691956186079e+01
5.757913019041975389e+01
5.736474699280962142e+01
5.714922384248370690e+01
5.682008051756052680e+01
5.708301128345480180e+01
5.723508317500656517e+01
5.717278775253373624e+01
5.688959930600949377e+01
5.684398653560672443e+01
5.663790312234637270e+01
5.710328606948457519e+01
5.715006200707430395e+01
5.735650585554489567e+01
5.774482775473300222e+01
5.781654947431440661e+01
5.805773683342395231e+01
5.822160900721481624e+01
5.819788137405232931e+01
5.810194818285672369e+01
5.803926422344539304e+01
5.765348614157161933e+01
5.737983028999762070e+01
5.734655417829935686e+01
5.762309228974103803e+01
5.783960633144155850e+01
5.781978483850669903e+01
5.769591975123861260e+01
5.760160790758197180e+01
5.755256550451765918e+01
5.722235675754928508e+01
5.670428795718763126e+01
5.647922732465438145e+01
5.657677086706049607e+01
5.684191800404420292e+01
5.683195410865594255e+01
5.666468651300316139e+01
5.637779963467752964e+01
5.609435338534189697e+01
5.575006811614566260e+01
5.571869436926892405e+01
5.587121344484425123e+01
5.578551416999101775e+01
5.564619924125333483e+01
5.605118302166887645e+01
5.651116677153905954e+01
5.667821077518006234e+01
5.703231087842337388e+01
5.698632423285336301e+01
5.663746204739417323e+01
5.637350984476849902e+01
5.643578083095588482e+01
5.690668026953223091e+01
5.671614444288323398e+01
5.613488585200163783e+01
5.583572584931364702e+01
5.616246464374950165e+01
5.600748605604461972e+01
5.543658356293259715e+01
5.511922219303443882e+01
5.508332773335125410e+01
5.478876541776884324e+01
5.485070529228851655e+01
5.512349609935793637e+01
5.510432216798724170e+01
5.551117776786750824e+01
5.555180064878337731e+01
5.581055525349591306e+01
5.629540170198728077e+01
5.653586941249060516e+01
5.645410437959326089e+01
5.636048163918602683e+01
5.607231063406051419e+01
5.595402923801552930e+01
5.596997269245102302e+01
5.621071531116555065e+01
5.653761538508531004e+01
5.659523248071060664e+01
5.607760964255823666e+01
5.617255072056496346e+01
5.601732777000567864e+01
5.582940540408452534e+01
5.577723637829813441e+01
5.608104660610540293e+01
5.569840247783934473e+01
5.527368150967371463e+01
5.523417536700246444e+01
5.505880714272623067e+01
5.513398904032597869e+01
5.497706776792859529e+01
5.460487381713105748e+01
5.459549883622190691e+01
5.467241815371645686e+01
5.482831798938243395e+01
5.529260863456146069e+01
5.549987720766566213e+01
5.558358125981269637e+01
5.556916262958867492e+01
5.552457251773157765e+01
5.557020972441979012e+01
5.531318154327360759e+01
5.488859864012071199e+01
5.471342101887092468e+01
5.473662815915352553e+01
5.466351357130202615e+01
5.465137118106676439e+01
5.442182282471241450e+01
5.425521134332370110e+01
5.397715329492763914e+01
5.398658325747903319e+01
5.403241595445076229e+01
5.411599782517059509e+01
5.438215051530016808e+01
5.439891869436927152e+01
5.437088416589794093e+01
5.496014564026122429e+01
5.481261156691571301e+01
5.487854066503350481e+01
5.490034760616038767e+01
5.496656627426065000e+01
5.478406143282159491e+01
5.471122541862411737e+01
5.488029396851384689e+01
5.460816782840840489e+01
5.426158310475224766e+01
5.431152965037784952e+01
5.395268768594485920e+01
5.377636155927937267e+01
5.387340171420542134e+01
5.407115846320201058e+01
5.382807851378512254e+01
5.346005094965514104e+01
5.322849270882333172e+01
5.346246403284236948e+01
5.381018870921431585e+01
5.384667452700514900e+01
5.389533205857377851e+01
5.393660861012517671e+01
5.400768643358522780e+01
5.386821633443500446e+01
5.398084317402911836e+01
5.380121448338638146e+01
5.357554660915994305e+01
5.311255963980915595e+01
5.297975453751275410e+01
5.303468241992534615e+01
5.268248345968929414e+01
5.281460801143618511e+01
5.303683036941554718e+01
5.331587075648630503e+01
5.322984281359390479e+01
5.303918602733198639e+01
5.315197048096718646e+01
5.293804790733760512e+01
5.277940021137386850e+01
5.277231735403901070e+01
5.289969882278195001e+01
5.299884905095576215e+01
5.290658985527610270e+01
5.270302460123036781e+01
5.356974421318215462e+01
5.378602611017099377e+01
5.395910954175855778e+01
5.402820436065513832e+01
5.404789634127715914e+01
5.402610528373581644e+01
5.422306785345559632e+01
5.442816892804124507e+01
5.426142671252542726e+01
5.398272476800801201e+01
5.392758551172636317e+01
5.386962019903354815e+01
5.372280821792279681e+01
5.369554587607137819e+01
5.403065043282770574e+01
5.397513607956454251e+01
5.374562315582408445e+01
5.344465975527059953e+01
5.358426303217648012e+01
5.355031247900006974e+01
5.382296033379965650e+01
5.397850584332675794e+01
5.407250856797258365e+01
5.401840418837932134e+01
5.366383124301275132e+01
5.344830198361547247e+01
5.405361443207018368e+01
5.423952569169960469e+01
5.440368254821584770e+01
5.449183766975581733e+01
5.479454582108973426e+01
5.460449749833527733e+01
5.434140911839990906e+01
5.444755056783818503e+01
5.471592573812854710e+01
5.473172257485139625e+01
5.469764861843351156e+01
5.493327061353403451e+01
5.501826856699513257e+01
5.508484889211990776e+01
5.530596672999737251e+01
5.531386209382311847e+01
5.560183394322228878e+01
5.566578614584796725e+01
5.563883781026446229e+01
5.568351344912059631e+01
5.568053955318251980e+01
5.585879003732642900e+01
5.577848629429840344e+01
5.575536101557202073e+01
5.601666921211306516e+01
5.589768405104739912e+01
5.581165732996927176e+01
5.594526882968519743e+01
5.541232321874751676e+01
5.516564746992809631e+01
5.508276936422894465e+01
5.469626919012041100e+01
5.442412472280089020e+01
5.440159813306779313e+01
5.439279862668075793e+01
5.420727346036129290e+01
5.422444972539724262e+01
5.407078947529186053e+01
5.408206926465108211e+01
5.428607559364900936e+01
5.437992070425374891e+01
5.415224294554984397e+01
5.428460330745123485e+01
5.439131900959735333e+01
5.461005675327293574e+01
5.455484907539204897e+01
5.462134142988924168e+01
5.472962227611780861e+01
5.461842984647903876e+01
5.449049000861379000e+01
5.487773671124252672e+01
5.453008778735544126e+01
5.373726228076070299e+01
5.314633302991612140e+01
5.222535264614425898e+01
5.173511310945622910e+01
5.131895217208032278e+01
5.122301531544189857e+01
5.121716282507895812e+01
5.184613815053973696e+01
5.176696825115614331e+01
5.182287358498634688e+01
5.194861660079051546e+01
5.194618641220348110e+01
5.210930961384559623e+01
5.229832916898302386e+01
5.234008589354332486e+01
5.284876382941028794e+01
5.316779541941829734e+01
5.323046838250117929e+01
5.310950510412911996e+01
5.305672761483526756e+01
5.313035047742392436e+01
5.313184719990714200e+01
5.308935005589800227e+01
5.297686128131662997e+01
5.297619050528129492e+01
5.239736699024381039e+01
5.160941407896585531e+01
5.156827925787001021e+01
5.156164114093017048e+01
5.162696177554050081e+01
5.171982454747053737e+01
5.174306834218130291e+01
5.178384883713826525e+01
5.182181427201251012e+01
5.191871758374009715e+01
5.232748532295605770e+01
5.229122065354845716e+01
5.222908040148816866e+01
5.202365921156324902e+01
5.181105864097598612e+01
5.163310994495726902e+01
5.157866345736784552e+01
5.178597357215729602e+01
5.214980664789145237e+01
5.188837138266612214e+01
5.152465193565925716e+01
5.149982589146623724e+01
5.162473440812262027e+01
5.160437531690807589e+01
5.156986517279508320e+01
5.147072471913544689e+01
5.115635923783225536e+01
5.122420658435711260e+01
5.153179221826490419e+01
5.139769932372580286e+01
5.135719740242285525e+01
5.155292227428508767e+01
5.132403980670898136e+01
5.079128968605482441e+01
5.058984794521384742e+01
5.072949276380497707e+01
5.097771410767849432e+01
5.126940027246457987e+01
5.148212424629332418e+01
5.155082564099431153e+01
5.158582084537329138e+01
5.157439810374425093e+01
5.140767177181396619e+01
5.144361876951084867e+01
5.176423871807246258e+01
5.179063968086211389e+01
5.153917686372494700e+01
5.135859515795004171e+01
5.121046117379697193e+01
5.129517077908987233e+01
5.166896408476947755e+01
5.130791918920404981e+01
5.117952239280106852e+01
5.127700606630786240e+01
5.133603680104587141e+01
5.113875167235828201e+01
5.108968605482280623e+01
5.108265084824456181e+01
5.113863193455962630e+01
5.127759253715842647e+01
5.134014331881410698e+01
5.126332052464704958e+01
5.120658313529760619e+01
5.116444520468443358e+01
5.103071274535557933e+01
5.108364662687624502e+01
5.097205710759907049e+01
5.049306070584210460e+01
5.031552864849014384e+01
5.087174615586684467e+01
5.121634909677379710e+01
5.103679249317310962e+01
5.124679059936099179e+01
5.129862973529393599e+01
5.147756321361589471e+01
5.174253807478724809e+01
5.159754415331325816e+01
5.135330225852368358e+01
5.110736082008173753e+01
5.063842972429760891e+01
5.025563042561900318e+01
4.990991929916733483e+01
4.992646755166747141e+01
5.040612495494559653e+01
5.038774886829452981e+01
5.029754842966320894e+01
5.077510797783629215e+01
5.121195789628018957e+01
5.162192301348272139e+01
5.185870573214165802e+01
5.180512795449963903e+01
5.177561747438771533e+01
5.156908565528954114e+01
5.162092845666530394e+01
5.182791112522985344e+01
5.148376392104636068e+01
5.145019213029427618e+01
5.149104104685046934e+01
5.251537103444905341e+01
5.271191696550207695e+01
5.254103646504695035e+01
5.211600882149904379e+01
5.170483288635294628e+01
5.181343751336359560e+01
5.237035756394670472e+01
5.228175159294035979e+01
5.216864946759442745e+01
5.216974910043924041e+01
5.199936710020709540e+01
5.163854579665345312e+01
5.168757109431795271e+01
5.187108881978850405e+01
5.166927076015174691e+01
5.148153166637139577e+01
5.196640866021955674e+01
5.226286356610931705e+01
5.257605488389710047e+01
5.275306278292637074e+01
5.242824712415465882e+01
5.232700148450434341e+01
5.223751580722214527e+01
5.273656584662565194e+01
5.286652778711108169e+01
5.282313016598347133e+01
5.261738275164792356e+01
5.261087292520664249e+01
5.256834279221215667e+01
5.254372934370246639e+01
5.255638733956051567e+01
5.261389447190132529e+01
5.228169172404103193e+01
5.209860774263704286e+01
5.225583080315961126e+01
5.235535735012920355e+01
5.221282660622758698e+01
5.214236335534635458e+01
5.225596764635808000e+01
5.216672633193028474e+01
5.219233555907166533e+01
5.244780470520676374e+01
5.264220268676958625e+01
5.274886462908773410e+01
5.295429314989828384e+01
5.308632240013195513e+01
5.298439987537494744e+01
5.288526064352957690e+01
5.276910520431788854e+01
5.262874440256336328e+01
5.224659877452028667e+01
5.180356158860291771e+01
5.197214385641238721e+01
5.186330097561869934e+01
5.173561405330775642e+01
5.187837205466396995e+01
5.209680801021436736e+01
5.201793623351314722e+01
5.174605812170491959e+01
5.176401146061787273e+01
5.187714413132059832e+01
5.212058573776200632e+01
5.220120348705793134e+01
5.243739851305203103e+01
5.240978673231882112e+01
5.256053417719972032e+01
5.281791546267051984e+01
5.312366593154174410e+01
5.326488566872949804e+01
5.333904735141211262e+01
5.386278536999590472e+01
5.404802829721853641e+01
5.413718530646156779e+01
5.349270637970322184e+01
5.305093621518592784e+01
5.277795358327580288e+01
5.253660127923954093e+01
5.264114703923856808e+01
5.263882559212174073e+01
5.246168451533682031e+01
5.188734261504908574e+01
5.180982827400406876e+01
5.184330354142866781e+01
5.200095668057498699e+01
5.213063027289221907e+01
5.208291231649877062e+01
5.204807106071805833e+01
5.257806965563164425e+01
5.267118167767317516e+01
5.251649754720784813e+01
5.288685633296882571e+01
5.286357954927271408e+01
5.269767427653322756e+01
5.264941750004582133e+01
5.231434593227483276e+01
5.215126671594651242e+01
5.221238919671820611e+01
5.244599764189845814e+01
5.243102430799493874e+01
5.212446133263282633e+01
5.195652173913043725e+01
5.198320982827400627e+01
5.203323212638446904e+01
5.194045732508201496e+01
5.177943564398776033e+01
5.201209596129292123e+01
5.213773267925542854e+01
5.229670293418697469e+01
5.207885833674423282e+01
5.188038560458424797e+01
5.263317836655649984e+01
5.266440427390632095e+01
5.243456879119805336e+01
5.223972606924021278e+01
5.202468920099455829e+01
5.196288372604480088e+01
5.219420371309357165e+01
5.203077017062636145e+01
5.180566799640786257e+01
5.159523492433915237e+01
5.202606252023630162e+01
5.214421073852563637e+01
5.221352792761972239e+01
5.229796140288714668e+01
5.215152085331508403e+01
5.209120965722000562e+01
5.173986963241717518e+01
5.132613643999975750e+01
5.125740572175623555e+01
5.151687508781790115e+01
5.164632508812335487e+01
5.148480857224893015e+01
5.139659969088098990e+01
5.121588725097898021e+01
5.145596398091526424e+01
5.146454600436187832e+01
5.124359066778259120e+01
5.111195972900159745e+01
5.180088337171866186e+01
5.193207567917600898e+01
5.239150105992388262e+01
5.242669419821493193e+01
5.229162629588676481e+01
5.192282165787978698e+01
5.159833833259006042e+01
5.153725617168934292e+01
5.181461656413608807e+01
5.180131833759950410e+01
5.180808474503790961e+01
5.230878423370863572e+01
5.239889059264100979e+01
5.235971067438038773e+01
5.209168494297181695e+01
5.215630059074720037e+01
5.239910074469580081e+01
5.229631684087701871e+01
5.210968959808419498e+01
5.207040216016763168e+01
5.221073363837962944e+01
5.257146452767715061e+01
5.263164865508794321e+01
5.270844090389820025e+01
5.260148206071195176e+01
5.277332657262769544e+01
5.287678247429608547e+01
5.281422436175476776e+01
5.256846375182508524e+01
5.259501988502727698e+01
5.237961402887147244e+01
5.203517236744842478e+01
5.173693116909298340e+01
5.186513736246953243e+01
5.199607431074402086e+01
5.164537207299118649e+01
5.144185202607351926e+01
5.165291921974940692e+01
5.185524066686623001e+01
5.184471840235566020e+01
5.170872680843785218e+01
5.184835940888625316e+01
5.247549834749619890e+01
5.277611597461069692e+01
5.303399820393301667e+01
5.328790587142848523e+01
5.327689610302338252e+01
5.303799964567386382e+01
5.296191360551282656e+01
5.302684936862747378e+01
5.333408067639638261e+01
5.334341655924882986e+01
5.311329395018663035e+01
5.267191720986492953e+01
5.273101636620217647e+01
5.307943869852343965e+01
5.304303596410309751e+01
5.318948384456079026e+01
5.322424446059954306e+01
5.313450342413450045e+01
5.303243183803630245e+01
5.302721957835189670e+01
5.291647799817949505e+01
5.299644207683989805e+01
5.327666640194023984e+01
5.315088306626509507e+01
5.286111270625752212e+01
5.279554526516424318e+01
5.249872381499288565e+01
5.240347361797532955e+01
5.279992424751513624e+01
5.325109627285556257e+01
5.387012480832788697e+01
5.377271444367741537e+01
5.349242414060638851e+01
5.347698651727950647e+01
5.343321746461320743e+01
5.329094207989443532e+01
5.312346555400113601e+01
5.264411482610528026e+01
5.248107592964793611e+01
5.243340318038254821e+01
5.254467136250618609e+01
5.251835470490130575e+01
5.237733045799708265e+01
5.228276692060040176e+01
5.224926355144754098e+01
5.253637768722776258e+01
5.234882064377394073e+01
5.201880249983199889e+01
5.209987476403711781e+01
5.227758520627279637e+01
5.254379165623033288e+01
5.254588095863547892e+01
5.244337807209925728e+01
5.266240782938585596e+01
5.294968691009279382e+01
5.280802731976712039e+01
5.267299607186711796e+01
5.237839710185654951e+01
5.213193639234899734e+01
5.218621060412606738e+01
5.211876279086816055e+01
5.160636320872863791e+01
5.185745703795566186e+01
5.216012364760432973e+01
5.255042488591309535e+01
5.250190053210011598e+01
5.238822904130343261e+01
5.249229340647928410e+01
5.248825897575309796e+01
5.242887758031901768e+01
5.241654214342877793e+01
5.254669346512636707e+01
5.241648471815799581e+01
5.225253434825372523e+01
5.262151859295868661e+01
5.256087017612452428e+01
5.246881624524255727e+01
5.210975557605488717e+01
5.218327091898760273e+01
5.230162562388890990e+01
5.230403748526186547e+01
5.196767445980536593e+01
5.180787581479739146e+01
5.196457349518299651e+01
5.182723790556597265e+01
5.225460287981623964e+01
5.245615580575596937e+01
5.237283540329034537e+01
5.250647622654880564e+01
5.270215466946869753e+01
5.252572224496154263e+01
5.248448967872393922e+01
5.307701706263630825e+01
5.334141522747127340e+01
5.359145096553872634e+01
5.359571387553378230e+01
5.356250618543474928e+01
5.368860719282061922e+01
5.365144448992308668e+01
5.385675205112070785e+01
5.371816288006060347e+01
5.375075599758081069e+01
5.401646272550109984e+01
5.461363911271847371e+01
5.471026140716350028e+01
5.458248773603924775e+01
5.477290260307530900e+01
5.451939935610387522e+01
5.415409277235767149e+01
5.394444532686586058e+01
5.413540756669578968e+01
5.431019420737853665e+01
5.428044180804076291e+01
5.422314604956900297e+01
5.384794032659095819e+01
5.380043496588083940e+01
5.350107214202368766e+01
5.352791173613699272e+01
5.329719410352432618e+01
5.306748324587179155e+01
5.291109712812555443e+01
5.287780268921321181e+01
5.266803184047992659e+01
5.225447336750340810e+01
5.222384126188978115e+01
5.253115443121490813e+01
5.282087591865160903e+01
5.266760176185618292e+01
5.266276215552473872e+01
5.235677954194182604e+01
5.231899371376557184e+01
5.204936374021784928e+01
5.176799579695890685e+01
5.152374657128370217e+01
5.132255041511140092e+01
5.114579543163643649e+01
5.102423224245682576e+01
5.101093279410596892e+01
5.100409185599696826e+01
5.101596178164957252e+01
5.134090939636266171e+01
5.127116457227337065e+01
5.096366690899316154e+01
5.108295630181255831e+01
5.115957383118192325e+01
5.114696470789475313e+01
5.109495940522081270e+01
5.127447324532197825e+01
5.126702506551978900e+01
5.101385903928743915e+01
5.033744677471577234e+01
4.987630107947290981e+01
4.961309418355315870e+01
4.950330561851293254e+01
4.941963088990842579e+01
4.934319418905132437e+01
4.940218949117544867e+01
4.983393711321942021e+01
5.006346836417396418e+01
4.991948610491719052e+01
4.956927259287315479e+01
4.947546780213939854e+01
4.976703911638391986e+01
5.004027832929116215e+01
5.001041230122608994e+01
5.000792468736827345e+01
4.999373820185593331e+01
5.027039727291054305e+01
5.015930991929916871e+01
5.002584015003879614e+01
5.008939648484034279e+01
5.019974708444568989e+01
5.026022322546749876e+01
5.057937577508842963e+01
5.083777238821926403e+01
5.041842740285049018e+01
4.997727669816911344e+01
4.974667880335510262e+01
5.005322345150313623e+01
4.972412044645093232e+01
4.966393631904013972e+01
4.958572187841726020e+01
4.949333561405330784e+01
4.925856400168610350e+01
4.912305624622000977e+01
4.936659315417463745e+01
4.926090621964554828e+01
4.911808712757573403e+01
4.907013091739924704e+01
4.899142408562474316e+01
4.907339438331979409e+01
4.920221759290370045e+01
4.894986407316223875e+01
4.880907808004105419e+01
4.851448399728757011e+01
4.845378182062544425e+01
4.836217385195276819e+01
4.834875833124606714e+01
4.848483789579145764e+01
4.820541874629637391e+01
4.794419974219719194e+01
4.792371846955544612e+01
4.767610192374657174e+01
4.772228161597155349e+01
5.162154425105839550e+01
5.164716447452822479e+01
5.200341497089027598e+01
5.175352951597827911e+01
5.148599984116414419e+01
5.163113182765087572e+01
5.185208960785870858e+01
5.206251534904178868e+01
5.232061261767598381e+01
5.223518092014833059e+01
5.211733571179844660e+01
5.221007385867274309e+01
5.238412007990665131e+01
5.234670812689763153e+01
5.229229951555063849e+01
5.208754421440396953e+01
5.200477485017502488e+01
5.206845458821804584e+01
5.201832232682309609e+01
5.145559621481938706e+01
5.114532625495598239e+01
5.157086706049813074e+01
5.172510889419699254e+01
5.156174499514328602e+01
5.162547116212864751e+01
5.193396949129763129e+01
5.204151236170589812e+01
5.236195636901234707e+01
5.233765081769919902e+01
5.244548570171848212e+01
5.279357814418630568e+01
5.280106053478810679e+01
5.263810349988698079e+01
5.239393124851091699e+01
5.248056032402514148e+01
5.288956265158133618e+01
5.298899756248052739e+01
