5.999477933486718229e+01
6.004403262915707984e+01
5.985057937669943584e+01
5.977370842919891203e+01
5.949061284250156945e+01
5.928660112947082439e+01
5.928836645053335985e+01
5.942386530014641011e+01
5.951629784563898795e+01
5.931042878058983803e+01
5.914724952938716029e+01
5.918932440911942905e+01
5.920694833716795813e+01
5.935983267098933425e+01
5.936082409537753790e+01
5.932187826814473652e+01
5.897869901694205907e+01
5.909160008366450256e+01
5.898062330056473712e+01
5.928192428362267208e+01
5.917176322944990829e+01
5.930107090566826855e+01
5.915150805270863543e+01
5.911326919054591400e+01
5.903749424806525781e+01
5.896066931604266870e+01
5.901565781217318829e+01
5.898636268563062401e+01
5.910330056473541305e+01
5.907545701736038524e+01
5.917563271282158865e+01
5.928993097678309709e+01
5.917811754862999152e+01
5.929165446559296981e+01
5.929837272537125870e+01
5.929374189500104819e+01
5.936697761974482290e+01
5.935917590462246096e+01
5.928633758627901784e+01
5.937552394896464847e+01
5.921149550303283604e+01
5.923938924911106341e+01
5.910447605103534841e+01
5.920584396569755370e+01
5.928187826814473738e+01
5.942297427316461267e+01
5.941394687303911581e+01
5.951486299937251800e+01
5.941278811964023987e+01
5.952011713030746876e+01
5.945443631039531596e+01
5.944202468102907488e+01
5.963472076971344649e+01
5.977315624346370981e+01
5.977113156243463976e+01
5.994355574147667909e+01
5.985725162099979002e+01
5.984523321480861568e+01
5.972989332775569693e+01
5.986412047688767757e+01
6.000132189918426917e+01
5.973929303492992915e+01
5.966975528132189766e+01
5.974316251830160951e+01
5.973367496339677984e+01
5.991102279857770441e+01
5.991486718259778144e+01
5.993267935578330707e+01
5.991115247856097170e+01
6.009241162936623937e+01
6.014473122777661729e+01
6.015180924492783987e+01
6.010933277556996757e+01
5.994957121941016709e+01
5.984811964024262920e+01
5.986652583141601980e+01
5.978367705500941298e+01
5.988738757582095928e+01
5.988280694415394123e+01
5.977633967789165581e+01
5.987783727253712840e+01
5.972361848985568145e+01
5.966453461618907994e+01
5.965531897092658653e+01
5.968475214390294781e+01
5.957020288642543449e+01
5.951598828696925381e+01
5.956957540263542938e+01
5.973992888517046396e+01
5.946329219828487567e+01
5.937119431081363530e+01
5.935513909224011542e+01
5.935297636477724126e+01
5.930995189290943159e+01
5.918355574147668108e+01
5.926161054172766995e+01
5.874986822840409673e+01
5.843376699435264499e+01
5.834547584187408376e+01
5.821663668688558602e+01
5.785676636686885388e+01
5.772417904204141337e+01
5.771332775569964468e+01
5.786396988077807890e+01
5.826438820330474755e+01
5.835400543819284991e+01
5.827277138673917278e+01
5.847600083664505632e+01
5.852020079481280135e+01
5.872565572056055316e+01
5.888192846684793835e+01
5.871673290106672027e+01
5.875069232378163520e+01
5.871271282158544125e+01
5.885139510562643750e+01
5.890543819284668814e+01
5.893817611378372590e+01
5.881528968834971494e+01
5.884271491319807268e+01
5.903620581468312167e+01
5.919312696088684334e+01
5.896245973645680749e+01
5.907490483162518302e+01
5.911872829951892783e+01
5.909029491738129991e+01
5.900575611796695341e+01
5.919508471031164731e+01
5.928787701317715886e+01
5.920184898556787090e+01
5.927281321899184263e+01
5.921183016105417352e+01
5.924958376908596591e+01
5.914942480652582901e+01
5.912937460782263344e+01
5.882111692114620638e+01
5.871354528341350942e+01
5.857771595900439365e+01
5.839665341978665225e+01
5.847344906923238028e+01
5.849851495503033050e+01
5.840741685839782349e+01
5.807984522066513478e+01
5.801062120895210228e+01
5.815805480025099428e+01
5.828430035557414612e+01
5.820089939343233709e+01
5.822138883078854121e+01
5.818181970299100669e+01
5.810918217946036179e+01
5.787482953357038440e+01
5.776881405563689498e+01
5.776943317297636327e+01
5.777441957749424972e+01
5.753865718468939860e+01
5.750106253921773458e+01
5.745743149968625829e+01
5.743241581259150763e+01
5.752597782890608613e+01
5.754079481280066943e+01
5.761058774314997066e+01
5.755546956703618378e+01
5.759604266889772362e+01
5.763143693787910138e+01
5.759686676427525498e+01
5.763527713867392066e+01
5.758416230914034628e+01
5.771035348253503372e+01
5.771195984103744081e+01
5.770134281531060338e+01
5.768903994980129823e+01
5.768775151641916210e+01
5.763688768040159260e+01
5.777817611378372931e+01
5.763804643380046144e+01
5.758571428571428896e+01
5.746896883497176134e+01
5.750573101861535008e+01
5.749021125287596590e+01
5.749927630202886775e+01
5.768431708847521122e+01
5.757393014013804589e+01
5.731794185316879009e+01
5.731429826396151128e+01
5.742212926166074283e+01
5.745285505124451220e+01
5.750910688140556459e+01
5.762201631457853779e+01
5.769910897301819830e+01
5.771974900648400109e+01
5.767999999999999972e+01
5.773047479606776733e+01
5.768691068814055711e+01
5.754945408910269578e+01
5.769289688349717693e+01
5.757324409119431152e+01
5.772060656766366549e+01
5.781649027400125362e+01
5.784994352645890103e+01
5.789507216063584849e+01
5.793982430453880283e+01
5.801689186362685291e+01
5.816187408491947508e+01
5.791583350763438887e+01
5.791376281112737701e+01
5.791607613469985694e+01
5.790479397615561652e+01
5.787085128634176812e+01
5.792483162518301754e+01
5.772102907341560041e+01
5.770279857770341181e+01
5.775969880778080068e+01
5.770396988077808231e+01
5.771249111064631165e+01
5.789818029700899160e+01
5.775453252457644737e+01
5.791164609914243755e+01
5.800965906714076681e+01
5.799213135327337199e+01
5.781810918217946238e+01
5.790335912988914657e+01
5.787810499895419269e+01
5.784049362058146926e+01
5.811197239071324105e+01
5.798783936414975670e+01
5.795176741267517428e+01
5.798614515791675217e+01
5.787904622463919679e+01
5.792295335703827419e+01
5.806308722024680691e+01
5.800029700899393248e+01
5.807444049362057825e+01
5.784080317925120340e+01
5.765191800878477579e+01
5.763612215017779050e+01
5.753700481070905681e+01
5.752748379000209411e+01
5.770256431708847344e+01
5.752404099560761352e+01
5.737843129052499336e+01
5.753017778707383201e+01
5.731134909014850365e+01
5.712277766157707504e+01
5.712646308303702369e+01
5.730344279439447774e+01
5.737031583350763242e+01
5.746225475841873731e+01
5.748445513490901249e+01
5.757549466638778313e+01
5.749798786864672451e+01
5.749379209370424348e+01
5.755475841874084608e+01
5.751584187408491999e+01
5.748935369169629439e+01
5.732355992470194650e+01
5.731161681656557505e+01
5.714139719723907263e+01
5.728131353273374060e+01
5.725443212717004826e+01
5.708231332357247112e+01
5.696555532315414894e+01
5.699387157498431122e+01
5.691020288642543079e+01
5.682530851286341544e+01
5.681387994143484832e+01
5.684288224220874497e+01
5.675493829742731577e+01
5.679234888098724099e+01
5.679094331729763923e+01
5.676807780798996106e+01
5.679125705919263822e+01
5.665557833089312112e+01
5.677137837272537269e+01
5.689171721397197246e+01
5.706087429408073319e+01
5.707428153106044988e+01
5.706852122986823161e+01
5.725488391549885137e+01
5.724222547584187737e+01
5.723901275883706319e+01
5.731866973436519430e+01
5.738181133654047272e+01
5.723356619953984392e+01
5.713025308512863631e+01
5.719025308512863148e+01
5.703234888098724298e+01
5.711124869274210170e+01
5.700082409537753847e+01
5.709405145367077949e+01
5.719590462246392093e+01
5.703455762392805184e+01
5.723423551558251177e+01
5.740272327964861176e+01
5.736000836645053624e+01
5.729629784563898909e+01
5.761577494248065534e+01
5.759795021961932804e+01
5.748544655929721614e+01
5.759736456808199279e+01
5.774673499267935739e+01
5.776571846893955353e+01
5.776043087220246974e+01
5.781025308512863603e+01
5.798799832670989218e+01
5.805450742522484830e+01
5.798079481280066716e+01
5.805116084501150198e+01
5.787968625810499645e+01
5.799874503241999690e+01
5.798624555532315128e+01
5.799914662204560045e+01
5.797005647354109925e+01
5.790536289479188525e+01
5.790673499267935398e+01
5.795070069023216774e+01
5.789421878268144894e+01
5.785920518719932915e+01
5.789877849822212852e+01
5.804029282576866677e+01
5.791229449905877402e+01
5.787994143484626619e+01
5.778619117339468403e+01
5.774129679983266783e+01
5.778781844802342960e+01
5.778061075088893261e+01
5.771241999581677362e+01
5.775450742522485115e+01
5.767816774733319107e+01
5.774989751098096491e+01
5.775157080108763807e+01
5.771339468730391076e+01
5.770518301610541556e+01
5.773066722443003584e+01
5.782174858816146923e+01
5.748492783936414696e+01
5.772990169420623374e+01
5.766149759464547486e+01
5.750778916544656028e+01
5.751236979711357122e+01
5.740940807362476761e+01
5.763487554904831711e+01
5.756093704245973441e+01
5.756315833507634494e+01
5.741462455553231337e+01
5.747646099142438914e+01
5.752840828278602459e+01
5.737186362685630314e+01
5.744088684375653742e+01
5.748140138046434089e+01
5.754400334658021166e+01
5.749406400334657974e+01
5.734589416440075382e+01
5.747070069023217087e+01
5.748577285086801680e+01
5.757838945827232635e+01
5.756302865509307765e+01
5.746916126333402985e+01
5.730661786237188693e+01
5.725213971972390681e+01
5.724695252039322213e+01
5.721243672871784014e+01
5.706652583141602264e+01
5.692744614097469480e+01
5.695326919054591031e+01
5.698757163773269241e+01
5.710365613888308189e+01
5.696274419577494541e+01
5.699716377326919314e+01
5.687984522066513193e+01
5.697014850449696866e+01
5.706154779334867300e+01
5.708632085337795559e+01
5.688191591717213669e+01
5.694637105208115457e+01
5.695229031583350832e+01
5.697052499477096887e+01
5.704892281949383204e+01
5.697978665551139699e+01
5.681023635222756951e+01
5.669746078226312136e+01
5.668913616398243249e+01
5.677951056264380014e+01
5.669103953147877206e+01
5.668512863417694803e+01
5.674641288433382158e+01
5.699278393641497331e+01
5.706948755490483194e+01
5.707961096005019641e+01
5.722663877849822001e+01
5.717001045806316739e+01
5.733709684166492337e+01
5.728977619744823357e+01
5.743623928048525329e+01
5.726935787492156749e+01
5.718479397615561766e+01
5.715750261451579206e+01
5.702375235306421075e+01
5.718059401798787178e+01
5.696800669316042587e+01
5.718900648399916520e+01
5.707175486299937006e+01
5.697555323154151807e+01
5.704172348880987187e+01
5.718234260614934072e+01
5.725224011713030592e+01
5.729025308512863290e+01
5.728435055427734568e+01
5.734444258523321736e+01
5.736683539008575394e+01
5.751603848567245336e+01
5.752897720142229332e+01
5.749376699435264726e+01
5.751494666387785060e+01
5.730463083037021477e+01
5.733800460154779444e+01
5.733083873666596730e+01
5.721420623300564756e+01
5.707174231332357550e+01
5.734514118385275339e+01
5.707993725162099707e+01
5.719703409328592159e+01
5.711443212717004769e+01
5.722133863208533455e+01
5.715570382765111646e+01
5.706225475841873873e+01
5.718939970717423193e+01
5.738783518092449043e+01
5.748366868855887901e+01
5.750039322317506674e+01
5.765045806316670252e+01
5.757299728090357860e+01
5.767129889144530352e+01
5.779331520602384131e+01
5.793250784354737704e+01
5.787329428989750824e+01
5.796483162518301668e+01
5.782832461828069626e+01
5.812388203304747947e+01
5.815137000627483843e+01
5.826425434009621540e+01
5.824911106463083144e+01
5.818396569755281433e+01
5.812673499267935284e+01
5.837203095586697543e+01
5.826744195774942625e+01
5.829793348671825726e+01
5.821930558460572769e+01
5.814324199958167583e+01
5.810826605312696103e+01
5.809684166492365875e+01
5.803685003137418619e+01
5.786131353273373890e+01
5.804805270863835887e+01
5.795556159799205176e+01
5.791142438820330796e+01
5.805176322944990375e+01
5.802602384438402083e+01
5.791142857142857281e+01
5.799175486299937177e+01
5.795341142020497927e+01
5.783607195147458668e+01
5.786975109809663564e+01
5.789791675381719216e+01
5.787090985149550448e+01
5.797355783308930910e+01
5.764366450533361075e+01
5.752134281531060367e+01
5.740389876594854712e+01
5.738537544446768379e+01
5.748052708638360286e+01
5.753242836226731072e+01
5.733391759046224934e+01
5.744117130307466823e+01
5.736852959631875848e+01
5.728549675800041996e+01
5.732231750679773796e+01
5.737284250156871224e+01
5.718007948128006745e+01
5.710500732064421925e+01
5.717923028655093276e+01
5.714522903158334799e+01
5.731682911524785595e+01
5.715878686467266334e+01
5.733203513909224114e+01
5.729580004183225128e+01
5.703996235097260126e+01
5.722814055636896313e+01
5.703345325245764741e+01
5.701168793139510882e+01
5.708096632503660572e+01
5.710967580004183475e+01
5.699854005438192672e+01
5.700868855887889453e+01
5.684533779544028675e+01
5.698300773896674087e+01
5.694856724534616177e+01
5.688715331520602092e+01
5.665639824304538763e+01
5.682071951474586768e+01
5.649257477515164538e+01
5.653606358502405271e+01
5.666367705500941554e+01
5.657919263752353345e+01
5.667345743568291283e+01
5.663971554068186265e+01
5.669739803388412724e+01
5.673538171930558605e+01
5.666290315833507663e+01
5.680857561179669801e+01
5.672528341351181780e+01
5.678860071114829822e+01
5.670960050198703328e+01
5.673683329847312251e+01
5.662572683539008267e+01
5.658781426479816190e+01
5.655456180715331271e+01
5.659690859652792483e+01
5.670801924283622952e+01
5.670542145994561878e+01
5.675762811127378882e+01
5.670618280694415603e+01
5.657900857561179464e+01
5.672655511399288741e+01
5.684460154779334573e+01
5.710288642543400783e+01
5.716405772850868061e+01
5.699370842919891089e+01
5.698163145785400729e+01
5.694350554277347953e+01
5.700564735411001749e+01
5.715332357247437756e+01
5.724665551139928965e+01
5.730161054172766910e+01
5.724204559715540341e+01
5.724533361221502048e+01
5.714020497803807075e+01
5.722893118594436146e+01
5.703243672871784042e+01
5.696357247437774873e+01
5.707451997490064599e+01
5.695868228404099654e+01
5.685739803388412383e+01
5.665927630202886434e+01
5.668973436519556230e+01
5.679638151014432168e+01
5.685607195147458981e+01
5.689331520602384273e+01
5.703255385902530605e+01
5.694738757582095445e+01
5.698007948128006461e+01
5.704244718678101123e+01
5.713265425643170659e+01
5.711956912779753281e+01
5.719280485254130753e+01
5.709792930349298956e+01
5.716714076553022039e+01
5.715239071323991027e+01
5.690002509935160191e+01
5.673411420204978128e+01
5.705961932650073010e+01
5.701288015059611070e+01
5.694849613051663084e+01
5.676769295126542403e+01
5.670623718887262044e+01
5.671213553649864281e+01
5.677113156243463976e+01
5.667704664296172012e+01
5.686311231959840740e+01
5.684025517674126604e+01
5.666934950847102925e+01
5.674637105208115173e+01
5.683020288642543250e+01
5.621310604476050798e+01
5.677111064630830128e+01
5.675251202677264217e+01
5.644394059820121612e+01
5.688291989123614201e+01
5.719236143066304123e+01
5.697453252457644624e+01
5.711879104789792905e+01
5.722225057519347757e+01
5.724040577285087039e+01
5.725659485463292242e+01
5.755712194101652557e+01
5.743959422714912932e+01
5.737797531897092540e+01
5.740744614097469167e+01
5.763709684166492053e+01
5.761642752562225667e+01
5.762717841455762624e+01
5.768339259569128075e+01
5.786015477933487006e+01
5.798482325873248300e+01
5.803689604685212089e+01
5.777401380464338132e+01
5.789431499686258320e+01
5.807247019451997261e+01
5.809184689395524259e+01
5.796768458481489006e+01
5.810724534616188919e+01
5.809712612424178957e+01
5.800818657184689187e+01
5.787673290106672397e+01
5.791036184898556627e+01
5.807416440075297714e+01
5.810158544237607003e+01
5.798925747751516724e+01
5.805784563898765782e+01
5.811044133026563685e+01
5.811199749006483728e+01
5.823326919054591144e+01
5.823200167329010668e+01
5.843779544028446082e+01
5.822662204559715349e+01
5.804688140556368836e+01
5.794501987032001722e+01
5.792719096423342506e+01
5.771121522693997008e+01
5.756429617234888241e+01
5.746862999372515901e+01
5.744692742104162164e+01
5.738942480652583100e+01
5.744871365823049558e+01
5.730886007111482883e+01
5.744332148086174783e+01
5.733475423551558237e+01
5.741524367287178165e+01
5.747857770340932859e+01
5.746022589416440240e+01
5.727511817611378575e+01
5.724644216691068976e+01
5.730524994770968306e+01
5.751629366241372310e+01
5.754139719723907120e+01
5.762476469357874720e+01
5.755433591298891116e+01
5.769247856097050686e+01
5.768857979502196542e+01
5.773935160008366552e+01
5.771183852750470322e+01
5.783031165028236842e+01
5.793844384020079730e+01
5.795769504287805773e+01
5.799871993306839357e+01
5.779226103325664354e+01
5.778797322735829312e+01
5.785354528341350999e+01
5.783921773687512768e+01
5.785126542564317020e+01
5.772523321480861824e+01
5.785303492993097763e+01
5.777936414975946633e+01
5.795865718468939320e+01
5.777062539217737225e+01
5.764294917381300820e+01
5.759587533988705133e+01
5.762323363313114299e+01
5.744050198703200039e+01
5.741206023844384276e+01
5.740311650282367850e+01
5.716092867600920613e+01
5.730706965070069003e+01
5.716973854842083114e+01
5.719727253712612480e+01
5.719247856097050686e+01
5.701818448023426100e+01
5.693765739385065672e+01
5.694938297427316343e+01
5.687861953566199702e+01
5.682142647981594052e+01
5.680504496967161998e+01
5.672336331311441171e+01
5.659425643170884968e+01
5.652217109391340699e+01
5.684792721188036069e+01
5.676160217527714025e+01
5.654869692532943048e+01
5.654402844593181499e+01
5.629651119012758897e+01
5.635783727253712527e+01
5.624416230914034998e+01
5.611319807571637597e+01
5.614692323781635963e+01
5.596882242208742753e+01
5.607612633340305308e+01
5.594536707801714925e+01
5.580208742940807554e+01
5.584667642752562244e+01
5.584815310604476224e+01
5.579714704036812378e+01
5.587436937879104448e+01
5.582030537544446958e+01
5.580588998117548982e+01
5.585563271282158837e+01
5.573934741685840066e+01
5.591905877431499761e+01
5.582947500522902828e+01
5.593085965279230010e+01
5.594828278602803096e+01
5.599667851913825700e+01
5.586291989123614599e+01
5.572540054381928343e+01
5.565713867391759351e+01
5.568950847103116786e+01
5.584934532524576412e+01
5.579701317715959163e+01
5.580612005856515623e+01
5.567622254758418876e+01
5.575178414557623796e+01
5.569185944363103857e+01
5.561612215017778738e+01
5.548778916544655715e+01
5.538708220037648999e+01
5.541616398243045438e+01
5.543924283622673244e+01
5.537956912779753083e+01
5.550043505542773659e+01
5.552195774942480710e+01
5.548287805898347358e+01
5.550391968207487992e+01
5.540533361221501707e+01
5.557290943317297405e+01
5.541677891654465782e+01
5.548105417276720175e+01
5.541035766576030142e+01
5.565057101024890329e+01
5.583994561807153190e+01
5.590779334867182371e+01
5.589583350763438574e+01
5.583476260196611918e+01
5.577544028445932156e+01
5.570380673499268198e+01
5.587675381719305534e+01
5.594891026981802895e+01
5.587176322944990403e+01
5.590788956285295797e+01
5.583298473122777494e+01
5.581201003974064179e+01
5.580077807989960093e+01
5.565528968834971835e+01
5.564388621627274745e+01
5.541343233633131149e+01
5.540621627274628480e+01
5.541627692951265516e+01
5.536719933068395960e+01
5.547946873039113314e+01
5.532045178832880339e+01
5.552422087429408037e+01
5.549165446559297266e+01
5.532304538799414217e+01
5.538504496967161828e+01
5.553488809872411736e+01
5.566358502405354614e+01
5.552837063375862670e+01
5.545577494248065165e+01
5.538891863626856349e+01
5.540312905249948017e+01
5.532349299309768043e+01
5.530353482535034715e+01
5.534111692114620240e+01
5.544078644635013831e+01
5.548161890817820563e+01
5.544486090775988174e+01
5.529157498431290207e+01
5.518057310186153330e+01
5.517881614724952755e+01
5.520106672244300228e+01
5.520872620790629526e+01
5.510030537544447071e+01
5.499879523112319646e+01
5.510827441957749073e+01
5.513783308931186156e+01
5.493147877013176839e+01
5.497103534825350124e+01
5.500160217527713513e+01
5.507098096632503825e+01
5.501371679564944372e+01
5.501328174022171424e+01
5.498042250575193179e+01
5.494619535661995258e+01
5.498986822840409872e+01
5.504835390085756330e+01
5.484752562225475714e+01
5.484726626228822255e+01
5.493647772432545651e+01
5.499844384020079247e+01
5.496521229868228176e+01
5.507024471867810433e+01
5.516244300355574381e+01
5.506788956285296166e+01
5.484958795231123219e+01
5.488352227567454378e+01
5.492036394059820026e+01
5.496186990169420739e+01
5.489456599037858098e+01
5.464276511190127650e+01
5.465487973227358509e+01
5.466291989123614314e+01
5.468640451788328960e+01
5.450765530223802813e+01
5.448803597573729007e+01
5.452106253921773771e+01
5.448511608450115062e+01
5.445360384856724778e+01
5.437523112319598084e+01
5.421224430035557162e+01
5.414527086383601784e+01
5.375761137837272230e+01
5.353040368123823356e+01
5.367726417067559197e+01
5.365339887052918044e+01
5.354087429408073717e+01
5.387924283622673016e+01
5.384857561179669716e+01
5.386368123823467613e+01
5.405597573729345129e+01
5.408607404308722266e+01
5.384333403053754097e+01
5.381009830579376541e+01
5.388119640242626929e+01
5.383749006483999011e+01
5.385741058355992550e+01
5.392091194310813762e+01
5.389039113156243133e+01
5.375656557205605424e+01
5.353327755699644541e+01
5.352820748797322636e+01
5.371228613260824147e+01
5.342811964024262750e+01
5.346117548629993621e+01
5.356805270863836199e+01
5.357067977410583381e+01
5.346682702363522566e+01
5.341948964651746223e+01
5.333650700690232327e+01
5.341453252457645107e+01
5.345007320644216975e+01
5.337482953357038440e+01
5.331271282158544267e+01
5.333029910060656675e+01
5.332451370006274516e+01
5.328486509098515000e+01
5.320418322526668220e+01
5.306477306002928174e+01
5.304295335703827874e+01
5.358603639405981767e+01
5.344214599456180537e+01
5.324405354528341405e+01
5.308822003764903030e+01
5.305713867391759209e+01
5.311611796695252252e+01
5.315280485254130838e+01
5.295226521648190499e+01
5.304957540263543336e+01
5.278161472495293793e+01
5.282951683748169813e+01
5.265720142229658762e+01
5.257721815519765585e+01
5.246552604057728786e+01
5.232914453043296277e+01
5.223402217109391188e+01
5.233071742313323682e+01
5.214875549048316117e+01
5.225738548420832785e+01
5.223157080108764205e+01
5.222821167119849406e+01
5.243422714913197780e+01
5.224226312486927526e+01
5.228334239698807551e+01
5.240192846684794148e+01
5.258170675590880450e+01
5.255347835180924676e+01
5.260476469357875118e+01
5.269879941434846415e+01
5.258445095168374905e+01
5.272314996862581182e+01
5.283980757163773490e+01
5.279730600292825926e+01
5.270721606358502243e+01
5.290963815101443402e+01
5.286559297218155251e+01
5.298622463919681991e+01
5.312187826814474079e+01
5.301137418950010272e+01
5.308179460363940905e+01
5.312865509307675893e+01
5.315218991842710494e+01
5.324769713449069286e+01
5.349024471867809893e+01
5.338074879732273814e+01
5.359357874921564502e+01
5.365298891445304008e+01
5.365689186362685348e+01
5.352211671198494258e+01
