4.052253272910372317e+01
4.005508753582771675e+01
3.943990626694554180e+01
3.931547757378572783e+01
3.888212681075219024e+01
3.988306607793012404e+01
3.978779339995352160e+01
3.953050197536602184e+01
3.949096560539158673e+01
3.965814547989774752e+01
3.959126384692849854e+01
3.960699899295065762e+01
3.969725579053373821e+01
3.966752846851034064e+01
3.947460105352854498e+01
3.951584166085676486e+01
3.919874699821829722e+01
3.933321713533194242e+01
3.923141800294368409e+01
3.919633588968936522e+01
3.920013169106825046e+01
3.931608761329304969e+01
3.905476799132388521e+01
3.910732822062126957e+01
3.899774382213959001e+01
3.897915214191649369e+01
3.902214540243241458e+01
3.918262452552482955e+01
3.903654427143852956e+01
3.920463436362227583e+01
3.917976799132388521e+01
3.918082345650321230e+01
3.927471144162986860e+01
3.933950151057401712e+01
3.929497830970640848e+01
3.938835308699356830e+01
3.946005693702068129e+01
3.941582423115655587e+01
3.939944999612673371e+01
3.927816833217135439e+01
3.919346967232163337e+01
3.913637772096986822e+01
3.915590866837090545e+01
3.889006700751414058e+01
3.896268107521883906e+01
3.895987295685181095e+01
3.870279456193353695e+01
3.866623092416143948e+01
3.859352002478890853e+01
3.834810984584398597e+01
3.845094507707801057e+01
3.819468975133627708e+01
3.820966961034936560e+01
3.826496049267952770e+01
3.822809667673715950e+01
3.810299984506933413e+01
3.847978154775737636e+01
3.827320086761174167e+01
3.849306685258346761e+01
3.826894995739406369e+01
3.850964443411573512e+01
3.843399953520799528e+01
3.827444031295995330e+01
3.837806956387017010e+01
3.821217755054613008e+01
3.816933922069873830e+01
3.833424355101092118e+01
3.815969478658300318e+01
3.821506313424742274e+01
3.819019676194902502e+01
3.813077116740258532e+01
3.806281470292044133e+01
3.802838136184057305e+01
3.806594236579130808e+01
3.796500503524672610e+01
3.769816600821132369e+01
3.773645324967077386e+01
3.773868037803082842e+01
3.776041908745835940e+01
3.761413548686962827e+01
3.749547796111239961e+01
3.754688589356263151e+01
3.752177744209465970e+01
3.763170075141374582e+01
3.782212990936555741e+01
3.778126694554187281e+01
3.782559648307382361e+01
3.805500038732667178e+01
3.800635215740955886e+01
3.800779494926020874e+01
3.800609071190642396e+01
3.816256100395073503e+01
3.810198311255712866e+01
3.802231001626771700e+01
3.811063018049422624e+01
3.802923348051746899e+01
3.807982802695793367e+01
3.788764621581842107e+01
3.767066581454798779e+01
3.780486482299171058e+01
3.752664807498644706e+01
3.746907196529553374e+01
3.733244248198931103e+01
3.712212409946548775e+01
3.703874235029824291e+01
3.682593539391122306e+01
3.677108025408629288e+01
3.667577852660934212e+01
3.686654659539856027e+01
3.660534317143078198e+01
3.659589240065071181e+01
3.632494771089937302e+01
3.623324812146564255e+01
3.604136648849640068e+01
3.591731543884112199e+01
3.586556859555349064e+01
3.566446858780695806e+01
3.559068285692152500e+01
3.556622317762801089e+01
3.558799093655589019e+01
3.560445232008676442e+01
3.569793361220853711e+01
3.568222751568673345e+01
3.573543651715856839e+01
3.563156518707878462e+01
3.584166085676659463e+01
3.583033155163064265e+01
3.602591215431094440e+01
3.609694786583003889e+01
3.590250987683011630e+01
3.636627546672863787e+01
3.633618986753428004e+01
3.630411921914942752e+01
3.671120923386784085e+01
3.655542644666511620e+01
3.633798125338910978e+01
3.657494771089937302e+01
3.649478077310403279e+01
3.655890270354016280e+01
3.676572546285537157e+01
3.664731969943450451e+01
3.669571616701526295e+01
3.689153884886513168e+01
3.662195948563017822e+01
3.661544271438530984e+01
3.696176117437446607e+01
3.677524401580292590e+01
3.695099349291191970e+01
3.680971608954992291e+01
3.689687427376249218e+01
3.694578394918274000e+01
3.704430048803160247e+01
3.710932295297854466e+01
3.700098768301185004e+01
3.710680532961499978e+01
3.707978929429080495e+01
3.714621581842125408e+01
3.711339956619412561e+01
3.716840963668758491e+01
3.702737431249515510e+01
3.708376907583856052e+01
3.706748198930978333e+01
3.715539546053140896e+01
3.719456387016809629e+01
3.731566155395460527e+01
3.725714617708575105e+01
3.742682430862188880e+01
3.744965721589588981e+01
3.745854636300255436e+01
3.754496862653962097e+01
3.761241188318227557e+01
3.765165775815322746e+01
3.782529630490355288e+01
3.794291773181501526e+01
3.809028584708342891e+01
3.822924897358431906e+01
3.850231427686110663e+01
3.845323998760554929e+01
3.875308893020373091e+01
3.893131729800914087e+01
3.900208188085831296e+01
3.915255829266403254e+01
3.929052405298628514e+01
3.933277170965993008e+01
3.954136648849640068e+01
3.947753505306375388e+01
3.975228522736075831e+01
4.004478464637075064e+01
4.020374351227825827e+01
4.039733906576806532e+01
4.055902858470834360e+01
4.078841312262762386e+01
4.105374157564489934e+01
4.121862653962352141e+01
4.136474552637694302e+01
4.215932682624525540e+01
4.212135912928964387e+01
4.220783949182740713e+01
4.205280230846695844e+01
4.229964559609575048e+01
4.212108800061972147e+01
4.196422069873731431e+01
4.223623053683476769e+01
4.223253156712371492e+01
4.215122201564799553e+01
4.244908590905569667e+01
4.234046982725230635e+01
4.248809938802386199e+01
4.259676388566116856e+01
4.248217328995274755e+01
4.253675730110775532e+01
4.280778913936013907e+01
4.259179642110155584e+01
4.266057595476024744e+01
4.282800759160275561e+01
4.265781625222712847e+01
4.257601285924548762e+01
4.281578743512278606e+01
4.294302424664962103e+01
4.268730149508095195e+01
4.258987915407855240e+01
4.265046672863893207e+01
4.255289914013479091e+01
4.259030521341699682e+01
4.244233674180804172e+01
4.244022581144937334e+01
4.238451855294755433e+01
4.233916259973661766e+01
4.222613099388023983e+01
4.256746262297621541e+01
4.233675149120768566e+01
4.229853203191571964e+01
4.238350182043535597e+01
4.233381749167247676e+01
4.241744132000929568e+01
4.229987799209853705e+01
4.236562669455418728e+01
4.216003369742040263e+01
4.233123208614145483e+01
4.213136184057633926e+01
4.211104655666589025e+01
4.220980517468432680e+01
4.203896506313424908e+01
4.191635680532961317e+01
4.183515376868851376e+01
4.176333372066000749e+01
4.197916182508327410e+01
4.187545510883879274e+01
4.182273026570609886e+01
4.208713881787900135e+01
4.199838291114726019e+01
4.192413238825625399e+01
4.187107831745294106e+01
4.210499457742660212e+01
4.196132543186924124e+01
4.204699240839724439e+01
4.207487024556510846e+01
4.190321674800527063e+01
4.215376868851188874e+01
4.218190797118289481e+01
4.211779572391354520e+01
4.199369625842435738e+01
4.205686923851576609e+01
4.196878147029204342e+01
4.205646254551088248e+01
4.220972770935006935e+01
4.196594430242466700e+01
4.211526841738321991e+01
4.217343520024788717e+01
4.195713262065225990e+01
4.209807111317685013e+01
4.216209621194515478e+01
4.213664884963978352e+01
4.218118173367417967e+01
4.223504919048725981e+01
4.221257456038422617e+01
4.222277093500658651e+01
4.213725888914710538e+01
4.211843481292121538e+01
4.217542993260516226e+01
4.234065380742117668e+01
4.219173638546750027e+01
4.220385971027965155e+01
4.227708381749167188e+01
4.227807150050352192e+01
4.225078433650941179e+01
4.223461344798202788e+01
4.237034239677744551e+01
4.233952087690758503e+01
4.237267603997211296e+01
4.215327484700596727e+01
4.228866488496397835e+01
4.221769695561236091e+01
4.219003214811372260e+01
4.224140134789681866e+01
4.217158571539236078e+01
4.211310907119064240e+01
4.200072623750871514e+01
4.222601479587884654e+01
4.213344372143465932e+01
4.217696955612363752e+01
4.236241188318227557e+01
4.220888527383995381e+01
4.207874351227825827e+01
4.204615965605391636e+01
4.205934812921217514e+01
4.183466961034936560e+01
4.193822139592532494e+01
4.181293090092183462e+01
4.176008985978774746e+01
4.180000387326671074e+01
4.168980943527771643e+01
4.172313889534433429e+01
4.153868425129754627e+01
4.155432256565187288e+01
4.158690642187620767e+01
4.163654233480517775e+01
4.156407351460221378e+01
4.164844294678131575e+01
4.177542799597180334e+01
4.135340653807421063e+01
4.160056937020683421e+01
4.173793477418855247e+01
4.149615578278720562e+01
4.173462313114880828e+01
4.152126423425517032e+01
4.140834882640018577e+01
4.145266868076535616e+01
4.161897707026106019e+01
4.156295995042218294e+01
4.163249477108993801e+01
4.166310326129057273e+01
4.154292547834843674e+01
4.168256642652413291e+01
4.162284065380742248e+01
4.161327368502595192e+01
4.163131342474243013e+01
4.167019133937562714e+01
4.165560849020063472e+01
4.152149663025795689e+01
4.154587884421721355e+01
4.166958129986831239e+01
4.151863041289023215e+01
4.159993028119916403e+01
4.160809319079712054e+01
4.157076458284917209e+01
4.174273762491284856e+01
4.168695290107676499e+01
4.166976528003718272e+01
4.185663103261290274e+01
4.167087884421721355e+01
4.160433612208536402e+01
4.182078394918274000e+01
4.163111007823998477e+01
4.166296769695561153e+01
4.167563327910760052e+01
4.172150244015802656e+01
4.183814586722441931e+01
4.171242931288248457e+01
4.178392013324037180e+01
4.186227631884731437e+01
4.156618444496088216e+01
4.167820900147184204e+01
4.167343520024788717e+01
4.169572585018204336e+01
4.168432876287861433e+01
4.160094701371136239e+01
4.179171508250058054e+01
4.189305910605004613e+01
4.186555891238671023e+01
4.179084359749012378e+01
4.168187892168254649e+01
4.181157525757223681e+01
4.167894492214733759e+01
4.157540281973816576e+01
4.181788868231466694e+01
4.170749089782322727e+01
4.187005190177395519e+01
4.187220156479975230e+01
4.161648849639786363e+01
4.184196103493686536e+01
4.171028933302347497e+01
4.169024517778294125e+01
4.198124370594159416e+01
4.174069447672166433e+01
4.171482105507785576e+01
4.188775273065303395e+01
4.177082849174993839e+01
4.172344875668138542e+01
4.190269385699899374e+01
4.188262065225811170e+01
4.176081609729646260e+01
4.186266364551863006e+01
4.171246804554961329e+01
4.155470020915640106e+01
4.158060268030056505e+01
4.129456193353474447e+01
4.130158222945232183e+01
4.140085405531024776e+01
4.129013672631497656e+01
4.133284917499418754e+01
4.123570764582849080e+01
4.120501200712681111e+01
4.106622317762801089e+01
4.120852699666899355e+01
4.117872220931133143e+01
4.097662483538616129e+01
4.116160237043922621e+01
4.116577581532263963e+01
4.109166085676659463e+01
4.126142613680377735e+01
4.131343442559454360e+01
4.121906228212874623e+01
4.142900302114803424e+01
4.142151793322488373e+01
4.150172360368735269e+01
4.166109884576651723e+01
4.161789255558137768e+01
4.156451894027422611e+01
4.177584437214346735e+01
4.179255751801068897e+01
4.180041056627159435e+01
4.173102099310558799e+01
4.158238438298861439e+01
4.145481834379115327e+01
4.146198388721047223e+01
4.131550662328607615e+01
4.126935665039894729e+01
4.127005383840731412e+01
4.121952707413432648e+01
4.132276899837322759e+01
4.135606940893949712e+01
4.120146796808428036e+01
4.117970020915640106e+01
4.129088233015725251e+01
4.106845998915485296e+01
4.110825780463243007e+01
4.129908397242233775e+01
4.114292354171508492e+01
4.108551204585948113e+01
4.132682624525524773e+01
4.107161670152606803e+01
4.112552289100627689e+01
4.129838678441397803e+01
4.108294600666202001e+01
4.125636184057633926e+01
4.120501200712681111e+01
4.115433999535208187e+01
4.130118521961422573e+01
4.121840382678751524e+01
4.136752459524362990e+01
4.137478697033077424e+01
4.138920520567046424e+01
4.120509915562785608e+01
4.127829421333952808e+01
4.136583972422341304e+01
4.105160159578588264e+01
4.129787357657448155e+01
4.110613719110698128e+01
4.107686497792237645e+01
4.130910605004260816e+01
4.139256526454411755e+01
4.113347277093500765e+01
4.128061817336741512e+01
4.135266093423193468e+01
4.134831319234642422e+01
4.139393059106050288e+01
4.123766364551863006e+01
4.144315981098458224e+01
4.151727476954062723e+01
4.147143465799054951e+01
4.143179177318150153e+01
4.143320551553179598e+01
4.141220272677976766e+01
4.140178363932140115e+01
4.153484003408474479e+01
4.151910488806259281e+01
4.141241575644898631e+01
4.159300681694941204e+01
4.170788790766132337e+01
4.150596483073824317e+01
4.161580099155627721e+01
4.155616236734061175e+01
4.145981485785111431e+01
4.157100666201874617e+01
4.162086528778371530e+01
4.158800061972267059e+01
4.153785149895421824e+01
4.156484816794484516e+01
4.156793709814857607e+01
4.155747927802308794e+01
4.150421217755054926e+01
4.144536757301107599e+01
4.148076923076923350e+01
4.151854326438918719e+01
4.143787280192113798e+01
4.150796924626229867e+01
4.146248741188318121e+01
4.149318305058486089e+01
4.164253621504376923e+01
4.135883879463939650e+01
4.154322565651870747e+01
4.141658920133240684e+01
4.148224107212022460e+01
4.137177550546130789e+01
4.136036873499109134e+01
4.119099078162522432e+01
4.124054922921992272e+01
4.119149430629793329e+01
4.131556472228677990e+01
4.127612518398017016e+01
4.127064451158106806e+01
4.127242621426911739e+01
4.122451390502750002e+01
4.136867689209078947e+01
4.126898869006119952e+01
4.124855720814935012e+01
4.125903439460841327e+01
4.121683515376869167e+01
4.109671546982725232e+01
4.119261755364474453e+01
4.115329421333952808e+01
4.110325160740568862e+01
4.100252730653032529e+01
4.101320783949182669e+01
4.093653652490510808e+01
4.111744712990936534e+01
4.103039546053140896e+01
4.112132039662250804e+01
4.110919707181036387e+01
4.111526841738321991e+01
4.120095476024479098e+01
4.105246339762955898e+01
4.124828607947943482e+01
4.107627430474862251e+01
4.107327252304593657e+01
4.119179448446820402e+01
4.112322798047873817e+01
4.108657719420559573e+01
4.104725385390037928e+01
4.108454372918119191e+01
4.096212913471221384e+01
4.115579247036951216e+01
4.107600317607870721e+01
4.084667673716012359e+01
4.110637927027654825e+01
4.105203733829111457e+01
4.092605933844604493e+01
4.088916647300332841e+01
4.076197807731040257e+01
4.091205747927802605e+01
4.077403361995506970e+01
4.088154582074521670e+01
4.106715276163916428e+01
4.102373344178479897e+01
4.104875474475172581e+01
4.106867301882407872e+01
4.116146680610426500e+01
4.120719071965295655e+01
4.103475288558369982e+01
4.119378921682547201e+01
4.141421682547060357e+01
4.117510070493454322e+01
4.135420055775040993e+01
4.130537803083119996e+01
4.124244712990936534e+01
4.129676001239445071e+01
4.113670694864048016e+01
4.130982260438453579e+01
4.122502711286698940e+01
4.132533503757068871e+01
4.129839646758075844e+01
4.121583778759005412e+01
4.133305252149663289e+01
4.131783058331397029e+01
4.131263072275157100e+01
4.139971144162986860e+01
4.146028933302347497e+01
4.163053877139979875e+01
4.162942520721976791e+01
4.167284452707413323e+01
4.166906809202881590e+01
4.157375668138507763e+01
4.154263498334495353e+01
4.158642226353706661e+01
4.156040359439150933e+01
4.148994887287938838e+01
4.159528236114338995e+01
4.177419823379037922e+01
4.178198349988380045e+01
4.166204779611123854e+01
4.170721008598652446e+01
4.166790611201487593e+01
4.158765202571849073e+01
4.141531102331706649e+01
4.143693353474320418e+01
4.140561817336741512e+01
4.145795568982880042e+01
4.154084359749012378e+01
4.152334611511348328e+01
4.137137849562321179e+01
4.141132155860252340e+01
4.144139747463010082e+01
4.135322255790534030e+01
4.138565148346115308e+01
4.146215818421256216e+01
4.143133666434270879e+01
4.145282361143388528e+01
4.147979123092416387e+01
4.140970446974978358e+01
4.162347005964830515e+01
4.148464249748237620e+01
4.147434929119219049e+01
4.146405608490200478e+01
4.147288713300797980e+01
4.139721318459989163e+01
4.164324308621891646e+01
4.158642226353706661e+01
4.153342629173445033e+01
4.163151677124486838e+01
4.147423309319079721e+01
4.152984352002479085e+01
4.158368192733751556e+01
4.143006816949414883e+01
4.136278952668681086e+01
4.153091835153768585e+01
4.149001665504686542e+01
4.144934735455883157e+01
4.155872840653807287e+01
4.153480130141761606e+01
4.155399333798125383e+01
4.162392516848710500e+01
4.146921721279727535e+01
4.161767952591215192e+01
4.161770857541250024e+01
4.160446200325354482e+01
4.155951274304748466e+01
4.157531567123712080e+01
4.153420094507707461e+01
4.166522387481602152e+01
4.157599349291191970e+01
4.152131265008908656e+01
4.153525641025640880e+01
4.155398365481447343e+01
4.160180881555503873e+01
4.161203423967774739e+01
4.153498528158649350e+01
4.152820706483848312e+01
4.156307614842358333e+01
4.137206600046479110e+01
4.143129793167557295e+01
4.141460415214191926e+01
4.141858393368967484e+01
4.133699357037725264e+01
4.144138779146332041e+01
4.146950770780075857e+01
4.145920481834379245e+01
4.169049694011929574e+01
4.171424974823766263e+01
4.161605275389263170e+01
4.170484739329150159e+01
4.170513788829498480e+01
4.164204237353784066e+01
4.165506623286079702e+01
4.190051514447284831e+01
4.190340072817414097e+01
4.185805445812998471e+01
4.199235998140832038e+01
4.189616740258734495e+01
4.188437330544581272e+01
4.190932682624525540e+01
4.196065729336122274e+01
4.199465489193585910e+01
4.193974165311023228e+01
4.193130761484236046e+01
4.197306143001006973e+01
4.197764156789836676e+01
4.202695793632349819e+01
4.186756332791075863e+01
4.208428228367805701e+01
4.201457316600821201e+01
4.220817840266480658e+01
4.225458982105507744e+01
4.224045239755209735e+01
4.230784723836083572e+01
4.244970563172979894e+01
4.241478813231078959e+01
4.239859787744983777e+01
4.234380083662561134e+01
4.232835618560694257e+01
4.243440622821287178e+01
4.231273723758617678e+01
4.225458982105507744e+01
4.231918622666356811e+01
4.238117786040746893e+01
4.228820009295839810e+01
4.221477263924393952e+01
4.228637965760322004e+01
4.241106979626616891e+01
4.228530482609032504e+01
4.219588078085057248e+01
4.230568789216825820e+01
4.219683941436207419e+01
4.239731001626771700e+01
4.247292586567510853e+01
4.251845611588814222e+01
4.251394376016732224e+01
4.241971686420326648e+01
4.263307576109691155e+01
4.263968936400960530e+01
4.255022658610271691e+01
4.263548686962584355e+01
4.238111007823998477e+01
4.243683670307537170e+01
4.254145363699744564e+01
4.210241885506236059e+01
4.213477031528390881e+01
4.188371485010458173e+01
4.190061197614067368e+01
4.198503950732047230e+01
4.178125726237508530e+01
4.205040088310481394e+01
4.197848400340847519e+01
4.197593733054458198e+01
4.202611550081338265e+01
4.185872259663800321e+01
4.182258501820435015e+01
4.198199899295065762e+01
4.178030831203036399e+01
4.183390464017352173e+01
4.171758075761096762e+01
4.184283251994732211e+01
4.170653226431171845e+01
4.160368734991091344e+01
4.163726857231389289e+01
4.151545433418544917e+01
4.157271089937253095e+01
4.168604268339917951e+01
4.153368773723758522e+01
4.151060306762723684e+01
4.157780424510031736e+01
4.133499883801998465e+01
4.183058331396699714e+01
4.154788325974126906e+01
4.155391587264698927e+01
4.188758811681772443e+01
4.161117243783407105e+01
4.163380199860562669e+01
4.195554458129986841e+01
4.175779494926020874e+01
4.190454334185452012e+01
4.200950886978077392e+01
4.195589317530404827e+01
4.204283832984739178e+01
4.221068634286157106e+01
4.231761755364474453e+01
4.215851344023549530e+01
4.236048493299248463e+01
4.261875435742505402e+01
4.246538267875126138e+01
4.284399449996126918e+01
4.274060732822061937e+01
4.251651948253156377e+01
4.277812959950421856e+01
4.263749128514989195e+01
4.250706871175149359e+01
4.255914478270973689e+01
4.257052250367960511e+01
4.240950112324734533e+01
4.254982957626462081e+01
4.246909133162909455e+01
4.235629212177550329e+01
4.231542915795181869e+01
4.228949763730730638e+01
4.212554225733983770e+01
4.213971841350995362e+01
4.233893020373383109e+01
4.200861801843674925e+01
4.222407816252226809e+01
4.217951622898753072e+01
4.190932682624525540e+01
4.251810752188395526e+01
4.238586451313037173e+01
4.208424355101092118e+01
4.251405027500193512e+01
4.234761600433805739e+01
4.229722480440003096e+01
4.240978193508404814e+01
4.257642923541715163e+01
4.248133085444263912e+01
4.254598535905182644e+01
4.266440080563947390e+01
4.235902277480827394e+01
4.270672592764737630e+01
4.255903826787512401e+01
4.229688589356263151e+01
4.271902354946161751e+01
4.245068363157486857e+01
4.252268765977225229e+01
4.255685955534897857e+01
4.254616933922069677e+01
4.251739096754202762e+01
4.259260012394453554e+01
4.261044620032535590e+01
4.259008250058099065e+01
4.255868967387094415e+01
4.247817414207142406e+01
4.243549074289255429e+01
4.254379696335889349e+01
4.230630761484236046e+01
4.240743860872259319e+01
4.249663994112634668e+01
4.249599116895189610e+01
4.246621543109458230e+01
4.253470446974978358e+01
4.258693547137655599e+01
4.266757688434425688e+01
4.264755209543729109e+01
4.272133782632271704e+01
4.254555929971337491e+01
4.261231505151445020e+01
4.273784762568750750e+01
4.252954334185452012e+01
4.260589511193740719e+01
4.266727670617398616e+01
4.251607405685955854e+01
4.265154156015183418e+01
4.262775970253311897e+01
4.255012975443489154e+01
4.261385467503292546e+01
4.247731234022774771e+01
4.249078162522270929e+01
4.249400611976140851e+01
4.247379735068556528e+01
4.249414168409636972e+01
4.256389921760012385e+01
4.249303780308311929e+01
4.234958168719497706e+01
4.239922728329072754e+01
4.232629367108219043e+01
4.229077581532263963e+01
4.217461654659539505e+01
4.222862925091021680e+01
4.208954024324115295e+01
4.196836509412037941e+01
4.197397164768766231e+01
4.198008172592764708e+01
4.211460027887520141e+01
4.209269695561236091e+01
4.203019211402897071e+01
4.194264660314509285e+01
4.208017662096212064e+01
4.191563056782089802e+01
4.190820357889844416e+01
4.204233480517468280e+01
4.194937640405918700e+01
4.198271554729258526e+01
4.203288403439460552e+01
4.192328995274614556e+01
4.181404446510186546e+01
4.185533348826400157e+01
4.194954101789448941e+01
4.180877682237198911e+01
4.182398907738787130e+01
4.176324657215895542e+01
4.197803857773646286e+01
4.176568673018824285e+01
4.181379270276551097e+01
4.194186226663568107e+01
4.203545007359206664e+01
4.206109109923309575e+01
4.186115307150050313e+01
4.214961460996204323e+01
4.193062979316755445e+01
4.200459950422185784e+01
4.196891703462700463e+01
4.189408552172902489e+01
4.201076768146254636e+01
4.206639747463010082e+01
4.202217445193276291e+01
4.205099155627856788e+01
4.214202300720427274e+01
4.215198698582384651e+01
4.219611317685335905e+01
4.223994887287938838e+01
4.206684290030211315e+01
4.218928654427143954e+01
4.216448795414051887e+01
4.225839530560074309e+01
4.235506235959407917e+01
4.214872375861801856e+01
4.225544193973197338e+01
4.223802192268959743e+01
