2.530175134857750265e+02
2.524087445247448045e+02
2.523746229175702922e+02
2.522761349127319193e+02
2.521406882479794263e+02
2.520139580062434845e+02
2.518630297328503218e+02
2.518562902053258767e+02
2.518082460245218215e+02
2.516591859051505651e+02
2.517191012334214975e+02
2.518173289918199487e+02
2.517094489006726121e+02
2.517011723307940088e+02
2.516691143679249194e+02
2.516067175348675278e+02
2.515411134393460770e+02
2.515134821095845155e+02
2.515422912683042966e+02
2.516300395256917000e+02
2.517057260325857726e+02
2.517768930484876932e+02
2.518732844200353043e+02
2.518063986413425255e+02
2.516304647170583735e+02
2.515869656853461720e+02
2.517427726631274822e+02
2.517719263734719561e+02
2.518114972722996470e+02
2.519614627560464442e+02
2.517822311550421261e+02
2.516487491676390391e+02
2.515948708236860796e+02
2.515256330525196802e+02
2.514462407829385882e+02
2.514228369305581907e+02
2.516266050057730865e+02
2.517924381914705236e+02
2.518737511530872268e+02
2.518989962795755275e+02
2.519136275054828786e+02
2.518876651740168882e+02
2.517977616362536821e+02
2.517182386325454786e+02
2.515654104379593150e+02
2.518480612862038868e+02
2.519308392031327344e+02
2.518860206120067744e+02
2.519318618616784136e+02
2.518947969039226393e+02
2.517894032048188251e+02
2.518359127868972678e+02
2.519000617016207286e+02
2.518819165378670846e+02
2.518390259696623446e+02
2.516361119426236144e+02
2.516956448430274236e+02
2.518062288091587106e+02
2.517946081336176007e+02
2.517635483930087901e+02
2.517535710576635211e+02
2.518022017093181546e+02
2.518761043673751203e+02
2.518313590851054755e+02
2.517392355108100048e+02
2.515675608310780547e+02
2.514659144363465373e+02
2.513911369592708240e+02
2.515703172440757385e+02
2.516802389868716148e+02
2.514955813086852743e+02
2.514517890415477837e+02
2.517552131760451175e+02
2.519568137527414535e+02
2.517875313853541002e+02
2.517036049630095818e+02
2.518500418471388116e+02
2.518476165458088758e+02
2.518665595542821620e+02
2.518299539986926447e+02
2.516056325637939892e+02
2.517121197866712237e+02
2.518647586000452065e+02
2.518693404035652463e+02
2.519317054694516003e+02
2.519782822513149654e+02
2.520041859356959151e+02
2.519986670006292400e+02
2.518709116567190733e+02
2.517367075770812050e+02
2.516259708841658949e+02
2.516172850065061652e+02
2.517752753663915541e+02
2.517922964610149563e+02
2.517656230336426688e+02
2.516372164627254904e+02
2.516252695627737523e+02
2.515491639735843705e+02
2.518299454459927631e+02
2.518827644769718574e+02
2.519521806330219817e+02
2.519834175367002445e+02
2.519589922475884407e+02
2.520185703551203176e+02
2.520320433010977865e+02
2.519724163209950518e+02
2.518729667483245862e+02
2.517635740511084919e+02
2.516007672993628148e+02
2.515463318081018542e+02
2.516187682890323742e+02
2.517554587607137933e+02
2.518627792609245546e+02
2.518291268304305106e+02
2.518588560152971070e+02
2.517513730137881680e+02
2.517171634359860946e+02
2.515447361186625983e+02
2.513350898949850603e+02
2.512919781783971018e+02
2.517687765362787218e+02
2.517845428276447706e+02
2.517374993127294829e+02
2.516881538997257053e+02
2.516164028566017805e+02
2.514387425087512327e+02
2.513732728127997404e+02
2.514138150539736500e+02
2.515204721090346993e+02
2.514694906867207180e+02
2.514434269446701364e+02
2.516846008638226806e+02
2.519106340605164576e+02
2.519408984000342002e+02
2.519578877274865363e+02
2.518810979223048321e+02
2.517113634836368590e+02
2.515980194390650695e+02
2.516745514414353977e+02
2.519292300737365053e+02
2.518571735770445628e+02
2.515993267803361277e+02
2.514483423034864416e+02
2.516533664037729636e+02
2.516281921425124040e+02
2.514642698743363951e+02
2.514282141351693269e+02
2.514528874525783237e+02
2.514322449004526732e+02
2.515506729142103097e+02
2.516660525013592746e+02
2.516797771410767837e+02
2.518840669309858242e+02
2.519190596917362654e+02
2.519553329138437618e+02
2.520462346738672181e+02
2.520626118723692741e+02
2.519397743309039583e+02
2.518339578840620447e+02
2.517756211398305481e+02
2.516661575773866559e+02
2.517066460587326162e+02
2.518701736808987732e+02
2.519947547513302482e+02
2.518731585731652842e+02
2.515655228448723619e+02
2.516006475615641591e+02
2.516589916366813213e+02
2.516065916879975077e+02
2.516828756620706145e+02
2.517999560146862166e+02
2.516150539736454732e+02
2.515162091990396505e+02
2.515272800581583681e+02
2.515389935915841306e+02
2.515777764202063622e+02
2.515510113567636665e+02
2.514255701290846901e+02
2.513956014686207538e+02
2.515389276136134526e+02
2.517573037002645151e+02
2.518045292655063463e+02
2.518789011002437519e+02
2.518794692438802372e+02
2.518698877763591213e+02
2.519196131736014763e+02
2.519068354399447855e+02
2.517691333060461432e+02
2.515164022456946213e+02
2.514589207714535348e+02
2.514621756846741789e+02
2.515458259769932283e+02
2.515627517701034321e+02
2.514651336970267153e+02
2.514583892822452071e+02
2.514124111893750921e+02
2.515175910709812968e+02
2.515732996927137037e+02
2.516859350850077419e+02
2.517695878209553371e+02
2.516781338008809144e+02
2.517618439620993342e+02
2.520451912444789286e+02
2.519900336609831868e+02
2.518749864073162144e+02
2.518585285690722060e+02
2.518182355780097907e+02
2.517207531263172768e+02
2.518035237123604873e+02
2.518088899206431677e+02
2.516498426914124877e+02
2.515409277235767433e+02
2.515992546932940854e+02
2.515447556676909642e+02
2.514475212442956433e+02
2.516332687808126423e+02
2.517489159452871661e+02
2.515677844230898472e+02
2.514986883823789867e+02
2.515166588266917529e+02
2.516866327409570374e+02
2.517869791253031622e+02
2.517667214446732089e+02
2.518301959179185303e+02
2.518581559157192373e+02
2.518412252353519705e+02
2.518568473526339346e+02
2.517716074799469652e+02
2.516945109993829703e+02
2.515832684753590627e+02
2.514516864091489481e+02
2.514936007477503210e+02
2.514786115302612757e+02
2.513791595139622927e+02
2.514904166997574748e+02
2.516972906268518102e+02
2.518571137081452207e+02
2.517449010635893103e+02
2.516715384474406108e+02
2.516986859387504580e+02
2.517406564808083544e+02
2.516393302014160724e+02
2.516051096272855432e+02
2.517649620321215025e+02
2.517941646150368626e+02
2.517637793159061914e+02
2.516607266129475704e+02
2.520546395342443873e+02
2.520772748654476914e+02
2.520984171396106035e+02
2.520697252750609323e+02
2.520220476385384529e+02
2.520150955153307279e+02
2.520656321972496983e+02
2.519887935194971078e+02
2.518218692536547394e+02
2.516529546523632916e+02
2.516602415526815832e+02
2.516471168237716256e+02
2.515954377455082920e+02
2.516630297328503048e+02
2.518762338796879590e+02
2.517859234777721440e+02
2.516167254155695900e+02
2.515361773096871616e+02
2.516355364681014919e+02
2.516304317280730061e+02
2.518143428777391648e+02
2.519803739973486643e+02
2.518624567019567451e+02
2.517525264064609587e+02
2.516495751140869004e+02
2.515384633241900758e+02
2.518351577056771475e+02
2.519896658948873096e+02
2.519311507657720881e+02
2.518928737682584824e+02
2.519230782388769114e+02
2.517719288171005019e+02
2.516265084824455869e+02
2.516979760646584054e+02
2.519042085392599404e+02
2.518462774373667514e+02
2.517649278213218906e+02
2.519445687301073349e+02
2.518891227984433954e+02
2.518049214678876524e+02
2.519178537610497699e+02
2.519777788638349136e+02
2.520126005705872672e+02
2.519624744182636675e+02
2.518929201972008229e+02
2.518340397456182700e+02
2.518533945055012282e+02
2.519236573788418525e+02
2.518348168194952734e+02
2.518568693452908178e+02
2.519194824394743648e+02
2.518085526999040837e+02
2.518532161206175033e+02
2.517669487021277916e+02
2.515391841946105842e+02
2.514232095839111594e+02
2.513966387889377074e+02
2.512404420524036084e+02
2.512302460123036667e+02
2.513227813380088094e+02
2.514062190346445504e+02
2.514462420047528610e+02
2.514751550176857506e+02
2.514323524201086286e+02
2.515005944126433235e+02
2.516547788210714032e+02
2.516110109902193699e+02
2.515502611628006377e+02
2.516540713906079247e+02
2.517260643529577067e+02
2.518021064078049562e+02
2.517552278378163635e+02
2.517776236934223562e+02
2.518715958727113957e+02
2.518473758483972915e+02
2.517391646455822354e+02
2.518685523333598155e+02
2.516950669248767554e+02
2.513259323970163166e+02
2.512898497779352454e+02
2.512885619856925530e+02
2.512734725794331894e+02
2.514001930466549766e+02
2.514489043380515625e+02
2.515585450635648783e+02
2.518190541935720432e+02
2.518158713673934415e+02
2.517790690997061631e+02
2.517789579146073891e+02
2.518200316449896548e+02
2.518910777012786184e+02
2.519450171359451645e+02
2.519810423297554678e+02
2.520382855502135158e+02
2.520148144980481391e+02
2.519082735153429269e+02
2.518716300835110076e+02
2.517658246329975498e+02
2.517929391353220296e+02
2.518239072398604605e+02
2.517576445864464176e+02
2.517289160674685888e+02
2.517816923349481613e+02
2.515076919317494628e+02
2.513371144412337799e+02
2.513933814320885176e+02
2.514987433640212373e+02
2.515453177022560851e+02
2.517090872436480993e+02
2.517989028107837441e+02
2.517483135908510405e+02
2.517212210811834439e+02
2.518511634726405362e+02
2.517004355767879815e+02
2.516768179069099745e+02
2.516355535735012836e+02
2.515451649754720904e+02
2.514329779890158818e+02
2.513281072264205136e+02
2.514658044730620361e+02
2.516002883481681920e+02
2.518071622752625274e+02
2.516455822250459846e+02
2.514924754568058063e+02
2.514296900868098987e+02
2.515199467288977360e+02
2.515833979876719013e+02
2.516117159770543310e+02
2.515122786225265941e+02
2.513672627083956854e+02
2.514487430585676577e+02
2.516859301977506504e+02
2.516589256587106149e+02
2.516365102540762848e+02
2.517459701510773300e+02
2.516430249677746360e+02
2.514979552938157781e+02
2.514193266581546879e+02
2.515973633248009946e+02
2.517934070901882251e+02
2.518555485640627865e+02
2.518922640829367481e+02
2.519239713851097520e+02
2.519770250044290663e+02
2.518256642087836212e+02
2.517316358260380866e+02
2.518291146122877819e+02
2.518873536113775344e+02
2.519242511805780396e+02
2.517447239005198867e+02
2.516558063668741738e+02
2.515955855850352236e+02
2.517605305117569117e+02
2.518336169978801422e+02
2.517070749155420799e+02
2.515305630731072597e+02
2.515758630590563882e+02
2.516838164590600684e+02
2.515915975832513709e+02
2.515853822140496447e+02
2.516884202552369914e+02
2.517159330690141701e+02
2.517515941621714148e+02
2.517216829269782750e+02
2.516980090536437444e+02
2.516906598407975935e+02
2.516928420010874277e+02
2.516070437592781559e+02
2.517192955018907696e+02
2.516487479458247662e+02
2.514423102064255318e+02
2.514253269880445600e+02
2.516988997562480392e+02
2.517142225290333499e+02
2.516435711187542381e+02
2.517333231515477223e+02
2.518161768209614593e+02
2.519440861134698935e+02
2.520719172098649210e+02
2.518971379000678041e+02
2.517340024802829817e+02
2.515543163643694413e+02
2.513663915548197565e+02
2.512951952153753155e+02
2.512376514286063411e+02
2.514140337587283227e+02
2.516968532173424364e+02
2.516842172141412846e+02
2.515863816581241394e+02
2.518480735043466154e+02
2.520167449645979332e+02
2.519983529943613405e+02
2.519464967530285833e+02
2.518677960303254224e+02
2.517320817882473705e+02
2.517106853767158725e+02
2.518076228992430856e+02
2.518064023067853441e+02
2.516116707699262633e+02
2.516789133183864635e+02
2.516869931761672774e+02
2.519715366147191844e+02
2.520303034375744460e+02
2.517859259214006897e+02
2.515884550769437453e+02
2.514952660806030735e+02
2.517079973853174693e+02
2.519074023617669980e+02
2.517709660274541648e+02
2.517137325815102713e+02
2.517618451839136071e+02
2.516713246299430011e+02
2.515087524665375724e+02
2.514960773652797172e+02
2.517034595671111958e+02
2.516051340635710005e+02
2.515446701406919203e+02
2.517714779676341266e+02
2.519396448185911197e+02
2.519196339444441151e+02
2.518960663689512671e+02
2.517504199986560138e+02
2.516577148407670563e+02
2.517213640334532840e+02
2.518787569261596673e+02
2.519306742582060110e+02
2.518488664618091377e+02
2.516755117874531891e+02
2.516582121191757722e+02
2.516574998014551738e+02
2.517505922744683460e+02
2.516927393686885637e+02
2.517084262421269329e+02
2.517073547110103675e+02
2.516202625678870675e+02
2.516609831939447020e+02
2.517905028376636380e+02
2.516744109327941032e+02
2.517688302961066995e+02
2.517838451716954467e+02
2.517296662614315892e+02
2.517400235810154356e+02
2.519438405288012177e+02
2.519132988374437332e+02
2.519924675150130327e+02
2.520439706520211871e+02
2.519395189717210997e+02
2.518397150729117584e+02
2.518229896573421911e+02
2.517378780751537874e+02
2.516791112522985259e+02
2.515598230812934162e+02
2.513746607938127227e+02
2.515351485420701181e+02
2.514979565156300509e+02
2.514975801968342921e+02
2.515697539876963162e+02
2.517735245065397578e+02
2.517056490582866388e+02
2.515323982381438270e+02
2.516234062960089375e+02
2.517047681301965270e+02
2.517816874476910698e+02
2.517692970291585937e+02
2.518384492733259492e+02
2.518669493130349224e+02
2.518352114655051253e+02
2.519559316028370404e+02
2.519887214324550655e+02
2.519602739307597972e+02
2.520565235718518409e+02
2.520442980982460881e+02
2.519621677428814053e+02
2.519156288372604422e+02
2.515875216108399286e+02
2.514419864256434494e+02
2.514730082900098296e+02
2.514757488194219661e+02
2.515833967658576285e+02
2.516134033025639667e+02
2.515307939960046610e+02
2.513456097158670843e+02
2.513960596489727664e+02
2.514591211489941429e+02
2.515723026922677548e+02
2.516637640432277863e+02
2.516506087689610354e+02
2.517090823563910078e+02
2.518819544141095150e+02
2.518782755313364703e+02
2.517893592195050303e+02
2.518836539577618794e+02
2.519479568210836362e+02
2.517348760774874563e+02
2.516860792590918265e+02
2.515340782327678255e+02
2.513949551288708619e+02
2.515229071848788180e+02
2.517415178598701289e+02
2.516892938524414944e+02
2.515710039036966066e+02
2.514828707748135344e+02
2.515366611481388759e+02
2.515815689317066983e+02
2.514743327366807080e+02
2.514791063650414458e+02
2.515729942391457143e+02
2.517013824828487714e+02
2.517397511164327852e+02
2.515937113219419530e+02
2.515570788864384610e+02
2.518903580526724113e+02
2.519254216786506220e+02
2.517184060211007193e+02
2.515930173314354477e+02
2.515351082221991419e+02
2.515829593563482547e+02
2.516502373374223396e+02
2.516463092045378289e+02
2.515269355065336470e+02
2.515391341002254251e+02
2.517909304726588573e+02
2.518452486697497079e+02
2.517814968446646446e+02
2.518173729771337435e+02
2.516918767678125164e+02
2.516256752051120600e+02
2.515413480276863254e+02
2.513821126390577376e+02
2.514153435436279267e+02
2.515656291427140161e+02
2.516544061677184345e+02
2.515685957077664625e+02
2.515358804088190539e+02
2.515749711346378206e+02
2.516552150087665041e+02
2.517336664813581706e+02
2.516230971769981295e+02
2.515970859729612528e+02
2.518527750456653109e+02
2.519267009181934327e+02
2.520033196693770492e+02
2.518790440525135637e+02
2.517100915749796854e+02
2.515751776212497930e+02
2.515076748263496427e+02
2.514696873988185075e+02
2.516423346427109493e+02
2.516930301604853071e+02
2.517273631415288548e+02
2.518842196577698189e+02
2.519509661496356046e+02
2.518184603918358277e+02
2.517591474180009925e+02
2.517503674606423090e+02
2.518199021326768161e+02
2.517483649070504725e+02
2.515874495237978863e+02
2.516055836912231030e+02
2.517766951145756309e+02
2.519195190939025224e+02
2.519606514713698289e+02
2.519243855801479697e+02
2.518480588425753410e+02
2.518915371034449038e+02
2.519322345150313822e+02
2.518109413468058619e+02
2.516858727724798541e+02
2.517311385476293708e+02
2.516022921235743013e+02
2.515305178659791920e+02
2.514507040704742451e+02
2.516086504450458392e+02
2.516620608341326033e+02
2.514913098459903154e+02
2.514334532747677144e+02
2.516160375341344491e+02
2.516979638465157052e+02
2.517074927760231162e+02
2.516566323133220635e+02
2.518781472408379329e+02
2.521051627762063845e+02
2.520007721866199120e+02
2.519772815854261978e+02
2.519834798492281323e+02
2.519307060253770771e+02
2.517492446133263400e+02
2.517543273606979142e+02
2.517874483019836021e+02
2.518660940430445123e+02
2.519040778051328289e+02
2.516881245761831849e+02
2.514851714510877230e+02
2.515407273460361353e+02
2.517660641085948612e+02
2.517521146550512867e+02
2.517990274358394913e+02
2.518296045598108606e+02
2.517162947260386829e+02
2.516914931181311204e+02
2.517404463287535634e+02
2.516603148615378984e+02
2.517671735159538287e+02
2.518791870047834038e+02
2.517466054944987945e+02
2.515820491047155940e+02
2.516206596575254650e+02
2.515244478926758234e+02
2.515176362781093644e+02
2.517013543811205238e+02
2.519932372580043989e+02
2.520323414237801671e+02
2.518761593490173425e+02
2.517274230104281969e+02
2.516594962459756459e+02
2.516303388701883534e+02
2.515281768698340272e+02
2.514350404115070603e+02
2.513495195215375304e+02
2.513329443891234121e+02
2.513686360276374501e+02
2.514323108784233796e+02
2.514790342779994035e+02
2.514612568803416082e+02
2.514267992742423132e+02
2.514739295379709461e+02
2.515494364381670209e+02
2.515066191788186245e+02
2.514263007740193530e+02
2.515401017771288537e+02
2.517120037143153866e+02
2.518536535301268771e+02
2.517737419894801860e+02
2.517192955018907696e+02
2.517758288482567650e+02
2.519049990530939453e+02
2.517847871904991734e+02
2.517165794087640620e+02
2.515124313493105888e+02
2.514590026330097601e+02
2.515898845996420050e+02
2.515813819941230634e+02
2.513978422759956288e+02
2.516332309045701834e+02
2.518845776493515132e+02
2.519127172538502464e+02
2.518413388640792618e+02
2.517597790959796100e+02
2.517931725018480051e+02
2.517548551844634233e+02
2.517266153911943718e+02
2.518050558674575825e+02
2.518014173045555424e+02
2.517099315173100536e+02
2.516183956356794340e+02
2.518259574442089104e+02
2.518487357276820262e+02
2.516891399038432269e+02
2.515055562004019691e+02
2.515165940705353478e+02
2.517365133086119613e+02
2.517256147253056042e+02
2.515667605427298952e+02
2.515353367014679975e+02
2.516137160870176217e+02
2.515529662595988896e+02
2.516903226200585380e+02
2.518333689695829207e+02
2.517776334679365391e+02
2.517893763249048504e+02
2.518691510223530940e+02
2.517353073779254942e+02
2.517367405660665440e+02
2.517339389459408210e+02
2.517432870469359898e+02
2.518380314128449413e+02
2.518084525111337939e+02
2.518228711413578083e+02
2.519277810020098798e+02
2.518987678003066719e+02
2.519025737517639811e+02
2.518366703117459053e+02
2.518613289673836562e+02
2.519976736656260812e+02
2.522041957102100866e+02
2.520375830070071004e+02
2.518351931382910607e+02
2.518641977872943585e+02
2.517335418563024234e+02
2.516048823698309604e+02
2.515628470716166305e+02
2.517474424372751116e+02
2.518029018088960242e+02
2.517761819525813962e+02
2.517340611273680224e+02
2.515532888185666991e+02
2.515347233507034730e+02
2.515123568186400007e+02
2.515199479507120088e+02
2.515315075355395322e+02
2.515165757433212548e+02
2.514803367320133702e+02
2.515573709000494773e+02
2.514694882430921723e+02
2.514415367979913469e+02
2.515140588059209108e+02
2.516739832977989124e+02
2.517848226231130582e+02
2.516664385946692164e+02
2.516910569304359910e+02
2.515513559083883592e+02
2.515780207830607651e+02
2.515238736399680022e+02
2.514315545753889864e+02
2.514023629888020821e+02
2.514629283222657250e+02
2.514910593740645481e+02
2.514563696232535790e+02
2.514742508751244827e+02
2.515116420572908851e+02
2.516243336530413899e+02
2.517342114105234998e+02
2.516864910105014985e+02
2.516296204433963908e+02
2.516764464753712787e+02
2.517103860322192475e+02
2.516907319278396358e+02
2.517544312149110226e+02
2.517981342896066508e+02
2.517954817308221038e+02
2.516489202216370984e+02
2.513721536309265616e+02
2.512819776285806768e+02
2.517074671179234144e+02
2.516254137368578654e+02
2.516265927876303579e+02
2.516002932354252835e+02
2.516626265341405428e+02
2.518903372818298010e+02
2.520855734279832063e+02
2.519183986902150991e+02
2.516382867720277829e+02
2.516156294481675957e+02
2.518280736265280382e+02
2.519859625758288360e+02
2.519067902328167179e+02
2.518338185972350232e+02
2.518589769749100356e+02
2.518912854097048637e+02
2.517785828176259031e+02
2.516932109889975493e+02
2.516985784190945026e+02
2.518031376190505171e+02
2.518062495800013494e+02
2.519180663567331067e+02
2.519221288891875474e+02
2.517066619423181351e+02
2.514144565064664505e+02
2.513987928474992657e+02
2.515813209034094768e+02
2.514958745441105634e+02
2.515411965227165751e+02
2.516105185990677455e+02
2.515875790361107249e+02
2.514721774563048768e+02
2.514674197115296579e+02
2.516206095631403059e+02
2.516092589085533007e+02
2.515463024845593338e+02
2.515849350300260880e+02
2.516286967518067570e+02
2.516344148425997673e+02
2.516624884691277941e+02
2.516218888026831166e+02
2.515401433188141027e+02
2.514768252377955946e+02
2.515437818817161713e+02
2.515442803819391315e+02
2.516410871703392331e+02
2.516400376318795793e+02
2.514900770353898452e+02
2.514721615727193296e+02
2.514824321434898593e+02
2.515116823771618613e+02
2.515164498964512347e+02
2.517791411867482054e+02
2.518199192380766078e+02
2.518389819843485498e+02
2.516690056264547195e+02
2.515526815768735105e+02
2.516796439633211264e+02
2.518526968495519043e+02
2.518796293015498691e+02
2.518352016909909423e+02
2.517950993029549522e+02
2.517805438295324620e+02
2.517897905199430681e+02
2.518975093316064999e+02
2.518488652399948649e+02
2.517486043826477840e+02
2.516857395947241969e+02
2.515969393552486224e+02
2.516267222999431965e+02
2.516497816006988728e+02
2.514698462346738665e+02
2.514141119548417578e+02
2.515935341588725009e+02
2.517446554789206630e+02
2.516483117581296369e+02
2.517262573996126775e+02
2.518522667709281393e+02
2.518827534806434016e+02
2.519215851818365195e+02
2.519067792364882621e+02
2.518543010916910418e+02
2.519342456213231003e+02
2.518865838683861682e+02
2.517426969106426213e+02
2.516378542497755006e+02
2.516456310976168425e+02
2.518415245798486239e+02
2.518737743675583829e+02
