1.973156321542776936e+02
1.111539351979721033e+02
1.110529132679052537e+02
1.114978659154099745e+02
1.114684711557936936e+02
1.115870543249430682e+02
1.124917318799216872e+02
1.131820864558974336e+02
1.130564252702130403e+02
1.125541745689787518e+02
1.121387750342177725e+02
1.117594493239303546e+02
1.120667894210290427e+02
1.126099111872188132e+02
1.128832102720850372e+02
1.127149336819557277e+02
1.126309500573876647e+02
1.121194608628404126e+02
1.119894517176404207e+02
1.124296758671061269e+02
1.128531059922541999e+02
1.128513395569795108e+02
1.128796221620725788e+02
1.129109036562386876e+02
1.130357951720709337e+02
1.141685957514715142e+02
1.149253088806643461e+02
1.154984981003762385e+02
1.158447525578940258e+02
1.161776034665831929e+02
1.159083159942796470e+02
1.151671190164920517e+02
1.148498787800671437e+02
1.144756203698588877e+02
1.145659147961970632e+02
1.145474046658933105e+02
1.143604338139166572e+02
1.142711459733500305e+02
1.139809215169984071e+02
1.141633553677413744e+02
1.148231539278327062e+02
1.151659147961970717e+02
1.151201225088536546e+02
1.148064237357835111e+02
1.152961129831151368e+02
1.155703400909609826e+02
1.150455062696790520e+02
1.146132230999159134e+02
1.145131009593253424e+02
1.141699214985852535e+02
1.144456511198266639e+02
1.146297728430524074e+02
1.148653838835797671e+02
1.148698386393906503e+02
1.148517323709391320e+02
1.150621198450839984e+02
1.149450576024845532e+02
1.149073400970986967e+02
1.154030860446703173e+02
1.159047254291799334e+02
1.156971846286987358e+02
1.151916097393311134e+02
1.156760095011876501e+02
1.160260889846372976e+02
1.161776550234153973e+02
1.163477581984569724e+02
1.163230587932018665e+02
1.162797498266094607e+02
1.162059044848306257e+02
1.161056399491796896e+02
1.167361566836681419e+02
1.171364218330908926e+02
1.165906915367004899e+02
1.162825154823939613e+02
1.170404831611703429e+02
1.164268230557243413e+02
1.156360959202587679e+02
1.156785333308782526e+02
1.159704689830414850e+02
1.161934093182836421e+02
1.160374241224597540e+02
1.159882094434931048e+02
1.166263295831875695e+02
1.169593670785075545e+02
1.170140295960767673e+02
1.172313195480184334e+02
1.172977112449133728e+02
1.172760340520601261e+02
1.171266530409324389e+02
1.164935854707936613e+02
1.167202919098737510e+02
1.169993727252082181e+02
1.173659884488145053e+02
1.173456627814911002e+02
1.175455216139743584e+02
1.179455449373032110e+02
1.178022169437846429e+02
1.177532698693279798e+02
1.178780509062340798e+02
1.182431076494380875e+02
1.184870549387148913e+02
1.182574011673939793e+02
1.185275687884758185e+02
1.182006874244293471e+02
1.175544274429652489e+02
1.166255022187851011e+02
1.164509111442547891e+02
1.169682029375118901e+02
1.172988798664432579e+02
1.173169173924518276e+02
1.168898439178282302e+02
1.165898543519490289e+02
1.166101063666550033e+02
1.166528592559858026e+02
1.168846870070645139e+02
1.168734157015104955e+02
1.165398037157745534e+02
1.164572673651389891e+02
1.163450576024845446e+02
1.162705935787192999e+02
1.164954869358669782e+02
1.165160372436735514e+02
1.162333805937628455e+02
1.160860839517084315e+02
1.164373983440436575e+02
1.166824135962731788e+02
1.167787831360056998e+02
1.170866068852921842e+02
1.166762341416708040e+02
1.158176925862502884e+02
1.157532404082810160e+02
1.163213365494976301e+02
1.172543715897303684e+02
1.172241482381680129e+02
1.167028067784958978e+02
1.164686393292701609e+02
1.164669858280088590e+02
1.163629404579965296e+02
1.164454277068871306e+02
1.162541543145089520e+02
1.165925168940691208e+02
1.173363260846882383e+02
1.171706727552830358e+02
1.172553352114750709e+02
1.174709741172426902e+02
1.174359940341379911e+02
1.169950984183100360e+02
1.172999515120268654e+02
1.177262405862748409e+02
1.178971097485376873e+02
1.178991388781478804e+02
1.178955851393568963e+02
1.174650377162778483e+02
1.171714006886519712e+02
1.167886255807815701e+02
1.167946835085651855e+02
1.171481927488998167e+02
1.166449391445248551e+02
1.164622622401443550e+02
1.170698484597396316e+02
1.174100646301717887e+02
1.171231913679132361e+02
1.167102726988160413e+02
1.168034764035426889e+02
1.170621677192853269e+02
1.170205012060616099e+02
1.172301595192939203e+02
1.171345952481786270e+02
1.170398166049826045e+02
1.178111780122386136e+02
1.172683766349346683e+02
1.179346296194000985e+02
1.176030222124018678e+02
1.172696446874980865e+02
1.173271980703014208e+02
1.174447685159611297e+02
1.171330350402327412e+02
1.170843211990646182e+02
1.167556856751796772e+02
1.172669305885457902e+02
1.170514672215163898e+02
1.163291326790525773e+02
1.165410656306198547e+02
1.172935498720285779e+02
1.174518661731941336e+02
1.172854824553327546e+02
1.172664567567069867e+02
1.171902938125663667e+02
1.170330737078568859e+02
1.169119041042921054e+02
1.168963781325378903e+02
1.171707058989608896e+02
1.170074524173402750e+02
1.170715915716854738e+02
1.179336083031050748e+02
1.182618019112854171e+02
1.178875717345805185e+02
1.177411613790225005e+02
1.179216385252290848e+02
1.175271772020598178e+02
1.168954108281623121e+02
1.168183186334984356e+02
1.171813351991996370e+02
1.170263737747580137e+02
1.165496940347517665e+02
1.162403788199623165e+02
1.160640311305062937e+02
1.158000368263087125e+02
1.157262000773352497e+02
1.161860894756547395e+02
1.166784179417776102e+02
1.164130978904662754e+02
1.168943919669545295e+02
1.173789672675492710e+02
1.173697250916054458e+02
1.168313109552130697e+02
1.166742197425840999e+02
1.165725594898328694e+02
1.164200396496590457e+02
1.168119636401578560e+02
1.178398288804188354e+02
1.179686755418070732e+02
1.177797369374014096e+02
1.178752987534294476e+02
1.179440436514512669e+02
1.177590835159304419e+02
1.174555929956360814e+02
1.177697520975651742e+02
1.177366292879633249e+02
1.177401719788616958e+02
1.175507791833152282e+02
1.173582671994205953e+02
1.172899593069288642e+02
1.172078869677831108e+02
1.171786186451600997e+02
1.174402511554254289e+02
1.179044848306296700e+02
1.179035690830862961e+02
1.175694280260484703e+02
1.175176796970422402e+02
1.176207012956722906e+02
1.180146286373652060e+02
1.184941390929680125e+02
1.186825424883536755e+02
1.185920197389014703e+02
1.184568303596089009e+02
1.181093262626820604e+02
1.177775740055362235e+02
1.175502034653556507e+02
1.174805379096159612e+02
1.174788119832808491e+02
1.171458640986454043e+02
1.169717161673632972e+02
1.165914243802439074e+02
1.161336181234540561e+02
1.161410337144856300e+02
1.162257501825971104e+02
1.161598728264805658e+02
1.160316301165552630e+02
1.160867038612384619e+02
1.164839492533465943e+02
1.162008396398387049e+02
1.159346418948363322e+02
1.159852154645945745e+02
1.163273441479926618e+02
1.162419316626464649e+02
1.156818108723538785e+02
1.160781086007844038e+02
1.166972312753564438e+02
1.167823896591725088e+02
1.163521650800665270e+02
1.167327146513469245e+02
1.169657711735930832e+02
1.166935903809681605e+02
1.165214715792962465e+02
1.168095331037826696e+02
1.168243421900605767e+02
1.166838129960043489e+02
1.166455737845783744e+02
1.167754245766508916e+02
1.166431579787266628e+02
1.165242040914028934e+02
1.166026588594892246e+02
1.165654569224253834e+02
1.165409490139755775e+02
1.173615471959834764e+02
1.181994819765907465e+02
1.181112891049365601e+02
1.187708286533232638e+02
1.198020905067913873e+02
1.203057823442400576e+02
1.205699362291087482e+02
1.201490864006579642e+02
1.198838117684607170e+02
1.201247086118322898e+02
1.204045099952739548e+02
1.204133912733923779e+02
1.199118169486948204e+02
1.198984661842420252e+02
1.198455983354508447e+02
1.209765109527579767e+02
1.219169677217404058e+02
1.222454498026723684e+02
1.215346909965812898e+02
1.211035924064151459e+02
1.206056724790857260e+02
1.201127216483455840e+02
1.197856045959233313e+02
1.195099928188698044e+02
1.195754368520871367e+02
1.196470026453565083e+02
1.194470750704303157e+02
1.196943723262565413e+02
1.202026109852878903e+02
1.205611298311513764e+02
1.215829653771320835e+02
1.222545569488175659e+02
1.218116469339029067e+02
1.212150963314858814e+02
1.212445635161759583e+02
1.210268476065968173e+02
1.213767208627176615e+02
1.222552726067502675e+02
1.226765582131875050e+02
1.230682096890018187e+02
1.231081465932595620e+02
1.231846925310108247e+02
1.238170309402370322e+02
1.243019082165632483e+02
1.244159175581702215e+02
1.248675038514181210e+02
1.252034027509252638e+02
1.193732162256716265e+02
1.188974301374235125e+02
1.181947105145249139e+02
1.182372694519631438e+02
1.189370221019229490e+02
1.190386602588889531e+02
1.193602987841180436e+02
1.198905239769958371e+02
1.202111645092587509e+02
1.204336936173869219e+02
1.199122416787886607e+02
1.193642306063451741e+02
1.190413117531164318e+02
1.195848570218564078e+02
1.196822147342061129e+02
1.195966512609941930e+02
1.193209363702762573e+02
1.185941691677868022e+02
1.183392991953451485e+02
1.182938984944177463e+02
1.181459168830212292e+02
1.177582230078501482e+02
1.177767233178049082e+02
1.183928409655858189e+02
1.190498480914765480e+02
1.192063905921056630e+02
1.188633768497548004e+02
1.181286956735225004e+02
1.176578123945079710e+02
1.181401167393986213e+02
1.182013981721875382e+02
1.181141001798351340e+02
1.178246539861410298e+02
1.177738471830942757e+02
1.177810860078440101e+02
1.174730719892958177e+02
1.173855370810240117e+02
1.171427203594247715e+02
1.167496793042282803e+02
1.158421734887403574e+02
1.150178423465723938e+02
1.142640679568150119e+02
1.145382226395870475e+02
1.143655759941568988e+02
1.143199690659006791e+02
1.142800088383140888e+02
1.139276191177643938e+02
1.137505901415971579e+02
1.134096239420108390e+02
1.128738146531882336e+02
1.127577786370583084e+02
1.122757210284360525e+02
1.121367348567149662e+02
1.120614189176747857e+02
1.123269218729860626e+02
1.125261325624359330e+02
1.122101726540106910e+02
1.110938899016123855e+02
1.107528709176502417e+02
1.103935627612366233e+02
1.093586145942661432e+02
1.087181964929078646e+02
1.084559060192601549e+02
1.087627366857549731e+02
1.083821404678168818e+02
1.077587275282795360e+02
1.073039189330190766e+02
1.069747862539664993e+02
1.066497118341343082e+02
1.067794042730793507e+02
1.069657822214856964e+02
1.069162336506533535e+02
1.070754301005972025e+02
1.069207203225984699e+02
1.069181056546797066e+02
1.072042681691800681e+02
1.078281893117776633e+02
1.079647118034457094e+02
1.075770412516034753e+02
1.071303135760187075e+02
1.065836061549037339e+02
1.067655575810025397e+02
1.062607351758763059e+02
1.057471088278799698e+02
1.061800389131328757e+02
1.064474163275577467e+02
1.071572900746960357e+02
1.071422317970624931e+02
1.063225800511885666e+02
1.058706107643300385e+02
1.062486819250339067e+02
1.068405445383515371e+02
1.069610807294064188e+02
1.073045732137705812e+02
1.074937585544446250e+02
1.078865761967015970e+02
1.083184555046125013e+02
1.081483412816782987e+02
1.075775175385295199e+02
1.071947154246994103e+02
1.076177551909751031e+02
1.084528420703750697e+02
1.085097976394336143e+02
1.082939475961626954e+02
1.080376941820569954e+02
1.075495675977585108e+02
1.078116506165337825e+02
1.063048899200255306e+02
1.058293309273478258e+02
1.052070669686423940e+02
1.051471149655980923e+02
1.057461488887661289e+02
1.057146096104390267e+02
1.051171322125860002e+02
1.050869726932920827e+02
1.049088573410177503e+02
1.047928434206730657e+02
1.052464355202022972e+02
1.052918902330491591e+02
1.050203232122361499e+02
1.045817464263136287e+02
1.042756130045971474e+02
1.042816144653740622e+02
1.037273650162342591e+02
1.032812142861526894e+02
1.034475808184033383e+02
1.032983446574232573e+02
1.029436483824043904e+02
1.027705389530280371e+02
1.030561539830721784e+02
1.030483308475574944e+02
1.027316147722599737e+02
1.090486156376782247e+02
1.094182756694715977e+02
1.093739061051882118e+02
1.088284335929588167e+02
1.092669244508276734e+02
1.103642956661572327e+02
1.111905945607542066e+02
1.116396017848484234e+02
1.116370853204195726e+02
1.115379574901643025e+02
1.119264394483418954e+02
1.114363770277486196e+02
1.113534269949118283e+02
1.118058787064145321e+02
1.119243194805035415e+02
1.124634014006272764e+02
1.129034917478379896e+02
1.127518238229391017e+02
1.126778520441670253e+02
1.127589607615680620e+02
1.127400762304590387e+02
1.128451748329006250e+02
1.128806447059112372e+02
1.127526843310194096e+02
1.126658515777004368e+02
1.125638795288687533e+02
1.128341981378163297e+02
1.123125952113523169e+02
1.131521601698920421e+02
1.139347621941114710e+02
1.142539272189385429e+02
1.137462912838264941e+02
1.136595739196081638e+02
1.134212500076721426e+02
1.131691223676861426e+02
1.130418825609015130e+02
1.131434961669950354e+02
1.132140922008015878e+02
1.134445340551289831e+02
1.138082036740380687e+02
1.143259913949191997e+02
1.146009501187648425e+02
1.146564817372197354e+02
1.143534871445494048e+02
1.146027767036771081e+02
1.149198315810148046e+02
1.152514451257311521e+02
1.154993340575840648e+02
1.153184493668943702e+02
1.150471794116383393e+02
1.145755362831206554e+02
1.140282764673749654e+02
1.132874391598691375e+02
1.135220841235645395e+02
1.140148373197812504e+02
1.137733745787990927e+02
1.131310218686896576e+02
1.130996127099866868e+02
1.134730228875508686e+02
1.134666163373780847e+02
1.132297409269181969e+02
1.133906927642441076e+02
1.130342656527156322e+02
1.127023010305228752e+02
1.127271195075094994e+02
1.132765815365163604e+02
1.136377678346744204e+02
1.131935357552768977e+02
1.130394642999625603e+02
1.136668851694317084e+02
1.138487973141345577e+02
1.138802788979113387e+02
1.139267095079391368e+02
1.137038072265493156e+02
1.148320106550786619e+02
1.155769479582880734e+02
1.158612961633124030e+02
1.161478674498394952e+02
1.160803316822871523e+02
1.163281580094152616e+02
1.164855904791716483e+02
1.166332823902729388e+02
1.166931067287803785e+02
1.165301576779784796e+02
1.162805514125958268e+02
1.165869450735605568e+02
1.171549135502402947e+02
1.169584280076353195e+02
1.169283409134152123e+02
1.171127879357012631e+02
1.168623088868020687e+02
1.162373578351040635e+02
1.163305873182468275e+02
1.162088358590043384e+02
1.164796430303141932e+02
1.170946129248068104e+02
1.179390512315331421e+02
1.182825596739644141e+02
1.183518950204692857e+02
1.184603141284133443e+02
1.180678414259146791e+02
1.178059155327232475e+02
1.173462728706721379e+02
1.173668526395256748e+02
1.169830157064206730e+02
1.169416008396398325e+02
1.172457247724441061e+02
1.170715473801150210e+02
1.172333290369306553e+02
1.172079016983065998e+02
1.169912893504452853e+02
1.172679899586931640e+02
1.174401001675597058e+02
1.176631730775132354e+02
1.175714731137257729e+02
1.174903840370227215e+02
1.171122416787886635e+02
1.170543752723612414e+02
1.174327594566891975e+02
1.174135128002111372e+02
1.172965303479472396e+02
1.174517029098921626e+02
1.175380642864595870e+02
1.172726988160341790e+02
1.168785812050795698e+02
1.161695606007598514e+02
1.162775230624758365e+02
1.167649511744523636e+02
1.167224180154302218e+02
1.163205472389474977e+02
1.163827125031455836e+02
1.164179393225186772e+02
1.159828438503133299e+02
1.157664954243311399e+02
1.158705984888938048e+02
1.159873231569966947e+02
1.163200488562362267e+02
1.162740012398190572e+02
1.163757940672816602e+02
1.162253831470535914e+02
1.158100818157825245e+02
1.155582193252192695e+02
1.157617976148827381e+02
1.163444450582162517e+02
1.165286428891466670e+02
1.166437815708875689e+02
1.169744437692954477e+02
1.169906412074119118e+02
1.171832133409441070e+02
1.169359553665138378e+02
1.172823964106624430e+02
1.173875195639765110e+02
1.172265210799928781e+02
1.168358393636413837e+02
1.164421759438276069e+02
1.160799192276295457e+02
1.153632166553118878e+02
1.150195633627330096e+02
1.146740994433089611e+02
1.147428038323911892e+02
1.150100081631650966e+02
1.152669354987202865e+02
1.155111430272453248e+02
1.154006972447783426e+02
1.150333805937628568e+02
1.146471929146182021e+02
1.146703394771891737e+02
1.149550571728442776e+02
1.147327158788905450e+02
1.144246687166645131e+02
1.144530225192877850e+02
1.143204293947596142e+02
1.141545035506699293e+02
1.141081699165884089e+02
1.140682391500487967e+02
1.143738484106378905e+02
1.141315153412264323e+02
1.134098940016080803e+02
1.130564326354747777e+02
1.129705475458334121e+02
1.134224775512959837e+02
1.132662996311231467e+02
1.129555346873139570e+02
1.123865387566210643e+02
1.122640323580499313e+02
1.127925794987939412e+02
1.126408673823246005e+02
1.120098706782792277e+02
1.114719352839001516e+02
1.122102794503059613e+02
1.127440105077734245e+02
1.133937468927802001e+02
1.136912470001902733e+02
1.136645147826940843e+02
1.140564940126559748e+02
1.136197683625181867e+02
1.131572372903202108e+02
1.127333468363131885e+02
1.131384227291977425e+02
1.134511038686037239e+02
1.135303074383005821e+02
1.136732463004904048e+02
1.138977456161348272e+02
1.143113750329902416e+02
1.145149950591369077e+02
1.144405248976535461e+02
1.136170432156732772e+02
1.139206245741957986e+02
1.140151086069221122e+02
1.137764053840063383e+02
1.140876846685939086e+02
1.142786204864755319e+02
1.142775942600060120e+02
1.137000816316509884e+02
1.136712294463164454e+02
1.137857654041380471e+02
1.138338986171721103e+02
1.138104193902790797e+02
1.150113498683459454e+02
1.151031468080796856e+02
1.145654569224253834e+02
1.143752760438724039e+02
1.143957355134508163e+02
1.135696084749611856e+02
1.137098823399436611e+02
1.141857040269568557e+02
1.142430904638273574e+02
1.140321149962866798e+02
1.137753656545569498e+02
1.139765612820465606e+02
1.141440240107532844e+02
1.138876920338556573e+02
1.136409594480963818e+02
1.138324808042865754e+02
1.141144782632712804e+02
1.141902594413448924e+02
1.141076162944140577e+02
1.143535485217305876e+02
1.148055300840253636e+02
1.151828303473334643e+02
1.153138338028687713e+02
1.155618393513659470e+02
1.158935817881627912e+02
1.156050046953543671e+02
1.157486653531949941e+02
1.156300183517771814e+02
1.148157616601299935e+02
1.143318786941390925e+02
1.144683692696729196e+02
1.147810577743406526e+02
1.150011943999459874e+02
1.147443112559612644e+02
1.147450919737060104e+02
1.151539560662137092e+02
1.152655336439018754e+02
1.151861324396815718e+02
1.147773346345295806e+02
1.144162342644251709e+02
1.135950112627127453e+02
1.137600913292456113e+02
1.143455854462427936e+02
1.143463968525781524e+02
1.141057381526696020e+02
1.136686233712030543e+02
1.134071197530182218e+02
1.134926709507939080e+02
1.133592406415143046e+02
1.132285759880191733e+02
1.134113633713258054e+02
1.136869825136410839e+02
1.130471057590209085e+02
1.127951180590080185e+02
1.125642097381035711e+02
1.124624549644933040e+02
1.126158254923984430e+02
1.119308856113474064e+02
1.116556752410588729e+02
1.116977014245643716e+02
1.122886924819090808e+02
1.121271931601269216e+02
1.114011084718923144e+02
1.107806625052937761e+02
1.113757093667716163e+02
1.121926936603509546e+02
1.117042663278646302e+02
1.112400154670496590e+02
1.111287828291197854e+02
1.116580198493803948e+02
1.116291701191331072e+02
1.109889275565130333e+02
1.110007463465232860e+02
1.115302792047972389e+02
1.110242771302485210e+02
1.102676241506932513e+02
1.101693420979948144e+02
1.104982660946313331e+02
1.105315767184076350e+02
1.099166497879418358e+02
1.100247386866510766e+02
1.101588834263197612e+02
1.100303092796160200e+02
1.101351513254402334e+02
1.107237143014969831e+02
1.104365820275338024e+02
1.112164920485861757e+02
1.120650107103181199e+02
1.126334530188366614e+02
1.124441265106458729e+02
1.122126252861711038e+02
1.120888962541506260e+02
1.121321524363672069e+02
1.115835975620983618e+02
1.113486236167117767e+02
1.110563847612734492e+02
1.110889490385264509e+02
1.108978266340140095e+02
1.105813806183137302e+02
1.108498468639329246e+02
1.107148121551369684e+02
1.106887047573453202e+02
1.105262847778452908e+02
1.101747089187181956e+02
1.099359799173863195e+02
1.101397644343785913e+02
1.103313569880989604e+02
1.102905411626065728e+02
1.104319320922867291e+02
1.107027859102542919e+02
1.110242501242887982e+02
1.106833980862594871e+02
1.102768921050531787e+02
1.104348352329570844e+02
1.101688142542365654e+02
1.094975835803764852e+02
1.094106587612857311e+02
1.099706973061555146e+02
1.101610119869634872e+02
1.092656220270427809e+02
1.091177570322905410e+02
1.096206521939273415e+02
1.096107287312722889e+02
1.100024072130463395e+02
1.091281224106501639e+02
1.088107004977689343e+02
1.089915483621499135e+02
1.092243213218189766e+02
1.092102941808294503e+02
1.094209026128266089e+02
1.093934768331829588e+02
1.092743645927317147e+02
1.092314472125553095e+02
1.092439914808472565e+02
1.096740184254297930e+02
1.097725165258060400e+02
1.099237928642889131e+02
1.102541371288982219e+02
1.104408072326870354e+02
1.103828217545280950e+02
1.100996495362954022e+02
1.105336414467829087e+02
1.107932006358675920e+02
1.102907449348481208e+02
1.100972975627121286e+02
1.103362536596144281e+02
1.104775942600060148e+02
1.103646135999558027e+02
1.100078341834072972e+02
1.102672472948007396e+02
1.108777366550663857e+02
1.107053784823878146e+02
1.101323304301926669e+02
1.105668882382907725e+02
1.108093956188968008e+02
1.111626974043590081e+02
1.113497210407114864e+02
1.114211076126117774e+02
1.115024360603215001e+02
1.117724846096718210e+02
1.119453362548871524e+02
1.122006788316239749e+02
1.128022869137711979e+02
1.130081705303602178e+02
1.128978266340140095e+02
1.128738392040607152e+02
1.128857132335340339e+02
1.126718174397122567e+02
1.119844187887827047e+02
1.116545950026699074e+02
1.115814837319781248e+02
1.117912279732640997e+02
1.115107673988964336e+02
1.113302313305959075e+02
1.111334143512125081e+02
1.111830414848367639e+02
1.110163987552707709e+02
1.109092059634069187e+02
1.109422858089819357e+02
1.114256605719125730e+02
1.116352648732254380e+02
1.116943981046726435e+02
1.115311249823540578e+02
1.116548270084148129e+02
1.117066244391660064e+02
1.117781079870125893e+02
1.118058897543071453e+02
1.118724127983698224e+02
1.119572986675013908e+02
1.122760401897782430e+02
1.126316092483136657e+02
1.128770283623954356e+02
1.120370190330638849e+02
1.115755264627716770e+02
1.113718499696182960e+02
1.111714080539137228e+02
1.109501973276375253e+02
1.111478797252757431e+02
1.111921596788745887e+02
1.115491342748592984e+02
1.115455596678266943e+02
1.113040159089653685e+02
1.113873084264732114e+02
1.116655520570562317e+02
1.117179546668139665e+02
1.114567161980518932e+02
1.112928833158408395e+02
1.108464588435311526e+02
1.100394495694390713e+02
1.104199598593234981e+02
1.106020499978517933e+02
