1.401328743077531556e+02
1.346779445213607573e+02
1.345860363924050773e+02
1.342169204905063395e+02
1.336158153678797476e+02
1.332689502571202524e+02
1.327140649723101262e+02
1.325693853837025245e+02
1.326077556368670969e+02
1.325093824169303787e+02
1.325856531843354560e+02
1.325313612539557084e+02
1.324911862143987378e+02
1.323366421083860871e+02
1.323302635482594951e+02
1.324586753362341653e+02
1.323221296479430293e+02
1.321744462025316409e+02
1.318372849090189902e+02
1.318079756724683591e+02
1.318270866297468444e+02
1.318002126186708836e+02
1.317048308939873493e+02
1.317672567246835342e+02
1.315635630933544178e+02
1.315324985166139129e+02
1.315326592167721458e+02
1.315565046479430293e+02
1.313180626977847965e+02
1.312851686115506311e+02
1.311480790150316409e+02
1.313063686708860871e+02
1.311375098892405049e+02
1.309307753164557084e+02
1.308911565466772231e+02
1.310880884098101262e+02
1.310793117088607573e+02
1.311120821795886116e+02
1.309992706685126507e+02
1.311502546479430293e+02
1.309219986155063395e+02
1.309144457080696213e+02
1.307075133504746702e+02
1.307831784018987378e+02
1.307513597705696213e+02
1.308454806170886116e+02
1.308606976859177280e+02
1.307635358979430293e+02
1.308466796875000000e+02
1.310722656250000000e+02
1.311012781843354560e+02
1.312879252373417671e+02
1.313164680577531556e+02
1.313458020174050773e+02
1.315250692246835342e+02
1.314864393789557084e+02
1.314896039359177280e+02
1.315315837618670969e+02
1.316263350474683591e+02
1.316261990704113884e+02
1.317961703916139129e+02
1.316064082278481067e+02
1.316830374802215147e+02
1.317020866297468444e+02
1.316221939280063395e+02
1.316605889042721458e+02
1.316740753560126507e+02
1.318016589200949227e+02
1.319939675632911360e+02
1.320561832476265920e+02
1.321700949367088640e+02
1.323512040150316409e+02
1.323284093156645440e+02
1.322484053599683591e+02
1.324941406250000000e+02
1.327190466772152035e+02
1.329271410205696213e+02
1.329055453916139129e+02
1.329196622824367182e+02
1.328919229628164658e+02
1.329396014636076018e+02
1.328499060522152035e+02
1.330250815862341653e+02
1.332140031645569707e+02
1.331163716376582329e+02
1.332071301424050773e+02
1.333374085245253298e+02
1.333052437697784853e+02
1.331768567049050773e+02
1.332432135087025245e+02
1.332417177610759609e+02
1.333137608781645440e+02
1.334342612737341653e+02
1.335818458267405049e+02
1.337548333662974755e+02
1.340026206487341653e+02
1.340878906250000000e+02
1.344085739715189902e+02
1.347605691257911360e+02
1.346866594145569707e+02
1.348785230419303787e+02
1.351566455696202524e+02
1.351809854628164658e+02
1.351632589992088640e+02
1.350983237737341653e+02
1.351565219541139129e+02
1.351570287776898738e+02
1.352524723101265920e+02
1.354377348694620196e+02
1.352238182357594951e+02
1.352571449762658347e+02
1.349469936708860871e+02
1.348765946400316409e+02
1.348546281645569707e+02
1.349467711629746702e+02
1.350804366099683591e+02
1.350165397547468444e+02
1.351534562895569707e+02
1.352775168117088640e+02
1.352948971518987378e+02
1.356017973694620196e+02
1.356745945411392427e+02
1.356130216574367182e+02
1.353849263251582329e+02
1.352967390229430293e+02
1.351935077136076018e+02
1.350896459651898738e+02
1.349338780656645440e+02
1.347515451938291164e+02
1.345682233979430293e+02
1.346279049643987378e+02
1.345312005537974755e+02
1.342915471716772231e+02
1.340800286787974755e+02
1.338441455696202524e+02
1.337071177808544178e+02
1.337491964992088640e+02
1.334136298457278542e+02
1.333821696993670969e+02
1.331436535799050773e+02
1.331281027492088640e+02
1.330809187104430293e+02
1.331917894580696213e+02
1.331884518393987378e+02
1.329952778876582329e+02
1.328264932753164658e+02
1.330146607990506311e+02
1.331700454905063395e+02
1.331925435126582329e+02
1.333481507120253298e+02
1.334111328125000000e+02
1.335413246637658347e+02
1.335152788765822720e+02
1.334137163765822720e+02
1.334901972903481067e+02
1.335732545490506311e+02
1.335606581289557084e+02
1.336081017602847965e+02
1.337181442840189902e+02
1.335256131329113884e+02
1.335449836827531556e+02
1.333635532041139129e+02
1.331726043314873493e+02
1.331718255537974755e+02
1.331510334256329031e+02
1.331633084454113884e+02
1.331971914556962133e+02
1.330334998022152035e+02
1.330456882911392427e+02
1.330266391416139129e+02
1.328899327531645440e+02
1.328875222507911360e+02
1.330511520965189902e+02
1.333283722310126507e+02
1.339348917128164658e+02
1.342663172468354560e+02
1.346449268196202524e+02
1.348876582278481067e+02
1.352910527096518933e+02
1.357047690862341653e+02
1.360673333662974755e+02
1.362474906052215147e+02
1.363718230814873493e+02
1.362346840387658347e+02
1.359402071795886116e+02
1.357117410007911360e+02
1.355959379944620196e+02
1.356023289161392427e+02
1.355440194818037867e+02
1.355711530854430293e+02
1.355270223496835342e+02
1.355796207476265920e+02
1.354083143789557084e+02
1.353154296875000000e+02
1.350220530063291164e+02
1.350039433346518933e+02
1.349683049841772231e+02
1.348762485166139129e+02
1.347746118473101262e+02
1.347696425039557084e+02
1.347553525514240391e+02
1.345419303797468444e+02
1.344673531447784853e+02
1.342884938686708836e+02
1.342602353639240391e+02
1.338550113726265920e+02
1.335808569026898738e+02
1.334370302610759609e+02
1.331155310522152035e+02
1.328347013449367182e+02
1.324531991693037867e+02
1.322231259889240391e+02
1.321720727848101262e+02
1.318399920886076018e+02
1.315358361352847965e+02
1.316782659216772231e+02
1.315573946795886116e+02
1.313951987737341653e+02
1.311472384295886116e+02
1.310449836827531556e+02
1.309400712025316409e+02
1.310800781250000000e+02
1.311215511273734080e+02
1.311628139833860871e+02
1.311117855023734080e+02
1.308892652294303787e+02
1.306728021162974755e+02
1.303975103837025245e+02
1.303789680577531556e+02
1.303887336827531556e+02
1.303404371044303787e+02
1.302986674248417671e+02
1.304066950158227769e+02
1.300349584651898738e+02
1.298728490901898738e+02
1.298322166732594951e+02
1.295662084651898738e+02
1.298334899129746702e+02
1.299032585047468444e+02
1.299173259493670969e+02
1.299385383702531556e+02
1.297009617286392427e+02
1.297479479825949227e+02
1.297807926226265920e+02
1.299199713212025245e+02
1.298413394976265920e+02
1.299134567840189902e+02
1.299472285403481067e+02
1.299612341772152035e+02
1.299944125791139129e+02
1.300811288568037867e+02
1.300471593156645440e+02
1.301231334058544178e+02
1.301208465189873493e+02
1.300021509098101262e+02
1.298859399723101262e+02
1.298311041337025245e+02
1.299788741099683591e+02
1.301311807753164658e+02
1.300012608781645440e+02
1.299238404865506311e+02
1.298648511669303787e+02
1.298716623813291164e+02
1.298999085245253298e+02
1.300004944620253298e+02
1.302343997231012622e+02
1.303657906447784853e+02
1.303980419303797476e+02
1.304214176226265920e+02
1.304349535205696213e+02
1.302371934335442916e+02
1.303821696993670969e+02
1.304047666139240391e+02
1.304018987341772231e+02
1.305719936708860871e+02
1.306091030458860871e+02
1.305982619659810098e+02
1.305159093156645440e+02
1.305643913172468444e+02
1.303856556566455822e+02
1.304608138844936605e+02
1.305371588212025245e+02
1.303840239319620196e+02
1.304018122033227769e+02
1.306259271162974755e+02
1.305034241495253298e+02
1.305899673655063395e+02
1.305934162381329031e+02
1.306170267998417671e+02
1.307027541534810098e+02
1.310899426424050773e+02
1.312881353837025245e+02
1.313966327136076018e+02
1.313493250593354560e+02
1.313947908425632818e+02
1.313002249802215147e+02
1.313086308346518933e+02
1.313469516416139129e+02
1.313345282832278542e+02
1.313595604232594951e+02
1.313128214003164658e+02
1.312545984968354560e+02
1.311677462420886116e+02
1.308732446598101262e+02
1.306995401503164658e+02
1.305588038963607573e+02
1.305893863726265920e+02
1.303730963212025245e+02
1.304964151503164658e+02
1.303514141613923982e+02
1.306557060917721458e+02
1.307018393987341653e+02
1.306682036194620196e+02
1.305287900514240391e+02
1.305178995253164658e+02
1.305472705696202524e+02
1.303298927017405049e+02
1.301285848496835342e+02
1.301351364715189902e+02
1.299588854825949227e+02
1.298540718947784853e+02
1.299172888647152035e+02
1.297980864319620196e+02
1.296190417325949227e+02
1.295634394778481067e+02
1.295208662974683591e+02
1.293807357594936605e+02
1.294484523338607573e+02
1.291595381724683591e+02
1.291170638844936605e+02
1.292399006131329031e+02
1.291011298457278542e+02
1.292708168512658347e+02
1.293624777492088640e+02
1.292250296677215147e+02
1.292838459256329031e+02
1.292689997033227769e+02
1.292745747626582329e+02
1.294468453322784853e+02
1.296042696795886116e+02
1.296164334454113884e+02
1.297229529272152035e+02
1.299051745450949227e+02
1.299998269382911360e+02
1.300557382318037867e+02
1.302820658623417671e+02
1.302845999802215147e+02
1.302558717365506311e+02
1.303179267207278542e+02
1.302602477254746702e+02
1.302333366297468444e+02
1.301935695213607573e+02
1.301847680973101262e+02
1.302544625197784853e+02
1.302139660799050773e+02
1.302249431368670969e+02
1.302710888053797476e+02
1.303714151503164658e+02
1.304178945806962133e+02
1.305627966772152035e+02
1.305492607792721458e+02
1.307741668314873493e+02
1.306212915348101262e+02
1.305528456289557084e+02
1.307141144185126507e+02
1.308664087223101262e+02
1.309566356803797476e+02
1.308730592365506311e+02
1.310025093947784853e+02
1.312460443037974755e+02
1.313350845530063395e+02
1.314595653678797476e+02
1.314145198773734080e+02
1.314487366495253298e+02
1.313352452531645440e+02
1.312716450751582329e+02
1.313730221518987378e+02
1.314584157436708836e+02
1.314711728639240391e+02
1.315576666337025245e+02
1.315157115308544178e+02
1.317004425435126507e+02
1.291161491297468444e+02
1.244674520371835484e+02
1.206844466969936747e+02
1.169748813291139271e+02
1.131243077531645582e+02
1.099677487143987378e+02
1.068247379351265778e+02
1.040292968750000000e+02
1.013999208860759467e+02
9.909062252768987378e+01
9.922218651107594667e+01
1.001744214794303787e+02
1.016737786787974613e+02
1.027733138844936747e+02
1.038454311708860729e+02
1.048162949960443058e+02
1.061074342365506311e+02
1.069620500395569564e+02
1.081157164754746844e+02
1.085790273931961991e+02
1.093792400118670827e+02
1.101217612737341796e+02
1.110373195213607573e+02
1.117534859572784853e+02
1.126757070806961991e+02
1.134119239517405049e+02
1.140636372626582329e+02
1.147133356408227911e+02
1.153999332476265778e+02
1.159454484770569564e+02
1.164718403876582329e+02
1.169905681368670827e+02
1.175048210047468302e+02
1.181063216969936747e+02
1.186843230814873351e+02
1.186888226859177280e+02
1.190202234968354418e+02
1.193062574169303787e+02
1.196665966178797476e+02
1.200915990901898738e+02
1.199361525909810098e+02
1.200101859177215147e+02
1.201666089794303787e+02
1.207031126384493689e+02
1.209466228243670827e+02
1.214678476068038009e+02
1.218510185917721458e+02
1.220761100672468302e+02
1.225256625791139271e+02
1.227782337816455680e+02
1.232146954113923982e+02
1.234782931170886116e+02
1.237475029667721458e+02
1.239747453520569564e+02
1.240865308544303787e+02
1.243174075356012622e+02
1.242965535996835484e+02
1.248257763053797476e+02
1.249238775712025387e+02
1.249987267602848107e+02
1.252972334849683591e+02
1.254219368077531698e+02
1.254286985759493689e+02
1.257538568037974613e+02
1.258439601463607573e+02
1.259598744066455680e+02
1.261079163370253156e+02
1.264921627768987378e+02
1.266230592365506311e+02
1.265902022349683591e+02
1.267170441060126649e+02
1.269921380537974613e+02
1.274057678995253156e+02
1.274669328520569564e+02
1.276418487935126649e+02
1.279731259889240533e+02
1.282721766218354560e+02
1.284846098694620196e+02
1.285874208860759609e+02
1.288322661194620196e+02
1.289965387658227769e+02
1.290941702927215147e+02
1.291237143987341653e+02
1.291521583267405049e+02
1.291004005142405049e+02
1.292298630340189902e+02
1.289781818631329031e+02
1.289195015822784853e+02
1.288945930577531556e+02
1.289222211234177280e+02
1.292051646558544178e+02
1.293244412579113884e+02
1.296322933148734080e+02
1.299203916139240391e+02
1.299369190071202524e+02
1.301246538765822720e+02
1.301938167523734080e+02
1.303151206487341653e+02
1.303427116297468444e+02
1.308184706289557084e+02
1.310681739517405049e+02
1.311554341376582329e+02
1.315468008306962133e+02
1.319554242484177280e+02
1.320048951740506311e+02
1.322956388449367182e+02
1.325353169501582329e+02
1.328125741693037867e+02
1.328283104232594951e+02
1.330977922270569707e+02
1.332487020371835342e+02
1.331902813488923982e+02
1.330983361352847965e+02
1.330529321598101262e+02
1.330282214200949227e+02
1.330308544303797476e+02
1.329726191653481067e+02
1.328549742879746702e+02
1.330328322784810098e+02
1.331398956685126507e+02
1.329137905458860871e+02
1.327312969738923982e+02
1.326616643591772231e+02
1.323586333069620196e+02
1.320679885284810098e+02
1.315396064082278542e+02
1.314600103837025245e+02
1.315749109968354560e+02
1.312599634098101262e+02
1.310638844936708836e+02
1.309780211629746702e+02
1.308768542325949227e+02
1.308454188093354560e+02
1.308033030063291164e+02
1.306933222903481067e+02
1.306199194026898738e+02
1.306425534018987378e+02
1.304679712223101262e+02
1.302481828520569707e+02
1.301434681566455822e+02
1.303720455893987378e+02
1.303897596914557084e+02
1.305729578718354560e+02
1.309174372033227769e+02
1.310897324960442916e+02
1.313604875395569707e+02
1.315629079311708836e+02
1.318367533623417671e+02
1.321360017800632818e+02
1.321106606012658347e+02
1.325284686511076018e+02
1.328645421281645440e+02
1.328401404272152035e+02
1.328084454113923982e+02
1.327794204905063395e+02
1.328812796677215147e+02
1.329779346321202524e+02
1.328257886669303787e+02
1.329171034414557084e+02
1.326159884295886116e+02
1.327572438686708836e+02
1.326680058346518933e+02
1.327506551621835342e+02
1.328650860363923982e+02
1.330652689873417671e+02
1.332458341574367182e+02
1.335022621637658347e+02
1.336362737341772231e+02
1.338980172072784853e+02
1.339176967958860871e+02
1.341252472310126507e+02
1.342539680577531556e+02
1.344259913963607573e+02
1.346031695015822720e+02
1.348432802610759609e+02
1.349318878560126507e+02
1.352782955893987378e+02
1.353864097112341653e+02
1.357688513647152035e+02
1.359176720727847965e+02
1.360355765427215147e+02
1.360143888449367182e+02
1.358577803599683591e+02
1.359271162974683591e+02
1.358535650712025245e+02
1.358115234375000000e+02
1.356019580696202524e+02
1.354377472310126507e+02
1.354214052610759609e+02
1.356814304786392427e+02
1.357648338607594951e+02
1.359560423259493689e+02
1.361023041930379804e+02
1.362675534018987378e+02
1.364698625395569707e+02
1.367185274920886116e+02
1.369142973694620196e+02
1.369814947587025245e+02
1.371704534216772231e+02
1.372751681170886116e+02
1.373732446598101262e+02
1.373183840981012622e+02
1.374726809731012622e+02
1.376545564675632818e+02
1.374812351661392427e+02
1.376398585838607573e+02
1.374296751384493689e+02
1.374133455300632818e+02
1.371488330696202524e+02
1.370829336431962133e+02
1.367236698971518933e+02
1.364690590387658347e+02
1.365742434731012622e+02
1.362274525316455822e+02
1.360641070015822720e+02
1.359288716376582329e+02
1.354618151700949227e+02
1.352715832674050773e+02
1.348651478441455822e+02
1.349811857199367182e+02
1.346974510482594951e+02
1.344118745055379804e+02
1.343251582278481067e+02
1.340942073773734080e+02
1.339293660996835342e+02
1.337819916930379804e+02
1.333688192246835342e+02
1.332722260680379804e+02
1.329982693829113884e+02
1.326830498417721458e+02
1.326992434731012622e+02
1.323254054588607573e+02
1.322299124802215147e+02
1.320740580498417671e+02
1.319523833069620196e+02
1.319181294501582329e+02
1.318852600870253298e+02
1.319291930379746702e+02
1.317354628164557084e+02
1.316203273338607573e+02
1.316783153678797476e+02
1.317378115110759609e+02
1.318756428006329031e+02
1.321402047072784853e+02
1.320838236748417671e+02
1.322042746242088640e+02
1.322484671677215147e+02
1.322535477650316409e+02
1.323522300237341653e+02
1.322083044897152035e+02
1.320750346123417671e+02
1.320746637658227769e+02
1.321246291534810098e+02
1.320221642602847965e+02
1.321666584256329031e+02
1.323168759889240391e+02
1.324832006526898738e+02
1.328371365704113884e+02
1.329987514833860871e+02
1.332615580498417671e+02
1.338534661787974755e+02
1.339775514240506311e+02
1.341403159612341653e+02
1.342993596716772231e+02
1.346850647745253298e+02
1.348516984770569707e+02
1.348537010482594951e+02
1.350170094936708836e+02
1.350823155656645440e+02
1.352117039161392427e+02
1.352241149129746702e+02
1.351323674841772231e+02
1.348637139042721458e+02
1.345553179390822720e+02
1.344130117681962133e+02
1.340419427412974755e+02
1.336749159414557084e+02
1.333622305181962133e+02
1.329614937697784853e+02
1.330472952927215147e+02
1.332401231210442916e+02
1.331198946795886116e+02
1.331711333069620196e+02
1.331422567246835342e+02
1.331671899723101262e+02
1.328444051621835342e+02
1.324780582476265920e+02
1.321740753560126507e+02
1.319061881922468444e+02
1.316747428797468444e+02
1.311553723299050773e+02
1.304239270174050773e+02
1.299473027096518933e+02
1.296876730617088640e+02
1.295643665941455822e+02
1.296053080498417671e+02
1.296732842167721458e+02
1.294543735166139129e+02
1.293284464003164658e+02
1.294013919106012622e+02
1.295224980221518933e+02
1.296736056170886116e+02
1.300751705893987378e+02
1.305597557357594951e+02
1.308960146360759609e+02
1.320004450158227769e+02
1.325906101661392427e+02
1.330619808148734080e+02
1.331773758900316409e+02
1.332089472903481067e+02
1.331465956289557084e+02
1.330796331091772231e+02
1.330690639833860871e+02
1.330686189675632818e+02
1.328914408623417671e+02
1.327166608979430293e+02
1.325517578125000000e+02
1.325093576938291164e+02
1.323983015229430293e+02
1.323077531645569707e+02
1.322150168117088640e+02
1.322544748813291164e+02
1.322987786787974755e+02
1.321312796677215147e+02
1.323233781645569707e+02
1.323567667128164658e+02
1.323392503955696213e+02
1.322012584058544178e+02
1.321618003362341653e+02
1.322060299643987378e+02
1.323309681566455822e+02
1.323405112737341653e+02
1.324286491297468444e+02
1.323564453125000000e+02
1.321427759098101262e+02
1.322444743868670969e+02
1.323093848892405049e+02
1.322840313488923982e+02
1.322587519778481067e+02
1.322905829707278542e+02
1.323512410996835342e+02
1.324744239517405049e+02
1.325029296875000000e+02
1.324950430181962133e+02
1.326372750197784853e+02
1.327235833662974755e+02
1.327564650909810098e+02
1.327690120648734080e+02
1.329264858583860871e+02
1.330276775118670969e+02
1.331021682159810098e+02
1.331311436906645440e+02
1.332300731803797476e+02
1.332956759295886116e+02
1.333377052017405049e+02
1.332520891020569707e+02
1.332177363528481067e+02
1.330407065862341653e+02
1.330121019580696213e+02
1.329542746242088640e+02
1.328359869462025245e+02
1.327521509098101262e+02
1.327829558939873493e+02
1.328500791139240391e+02
1.331219961431962133e+02
1.330641440862341653e+02
1.331982298259493689e+02
1.332083910205696213e+02
1.333066653481012622e+02
1.331951888844936605e+02
1.331015130537974755e+02
1.332603713409810098e+02
1.333054786392405049e+02
1.332201468552215147e+02
1.331725919699367182e+02
1.331456685126582329e+02
1.330349213805379804e+02
1.330054390822784853e+02
1.328734918908227769e+02
1.327640921677215147e+02
1.328417721518987378e+02
1.327776527887658347e+02
1.327631279667721458e+02
1.327518047863923982e+02
1.328333662974683591e+02
1.329191801819620196e+02
1.329719640031645440e+02
1.328909340387658347e+02
1.327797048061708836e+02
1.327020000988923982e+02
1.326487836234177280e+02
1.325040916732594951e+02
1.326907016416139129e+02
1.326108831091772231e+02
1.325433519580696213e+02
1.327706314280063395e+02
1.325645025712025245e+02
1.324737440664557084e+02
1.323872379351265920e+02
1.322521632713607573e+02
1.321584627175632818e+02
1.319296256922468444e+02
1.318439230617088640e+02
1.317304811115506311e+02
1.315623392998417671e+02
1.313909216772152035e+02
1.311525786194620196e+02
1.308574342365506311e+02
1.307055602254746702e+02
1.306181393393987378e+02
1.305607446598101262e+02
1.306492162776898738e+02
1.306886619857594951e+02
1.306906027492088640e+02
1.309418265427215147e+02
1.309789235561708836e+02
1.310197290348101262e+02
1.311603787579113884e+02
1.310925880142405049e+02
1.309232471321202524e+02
1.310365778283227769e+02
1.308882763053797476e+02
1.307175509295886116e+02
1.305860363924050773e+02
1.303267775909810098e+02
1.301222433742088640e+02
1.301480790150316409e+02
1.297834132713607573e+02
1.297385532041139129e+02
1.296378312895569707e+02
1.295267874802215147e+02
1.297128906250000000e+02
1.299729034810126507e+02
1.301031447784810098e+02
1.303613528481012622e+02
1.306769803204113884e+02
1.307085517207278542e+02
1.309083267405063395e+02
1.310617459454113884e+02
1.311859177215189902e+02
1.313771138251582329e+02
1.316751384493670969e+02
1.320699540150316409e+02
1.324395891020569707e+02
1.326017602848101262e+02
1.329077704707278542e+02
1.332240283821202524e+02
1.332892108386076018e+02
1.333940985957278542e+02
1.334893443433544178e+02
1.336405137460442916e+02
1.335618571993670969e+02
1.335623022151898738e+02
1.333415496439873493e+02
1.333118819224683591e+02
1.331883776700949227e+02
1.332052635482594951e+02
1.328734053599683591e+02
1.329854380933544178e+02
1.330825875197784853e+02
1.328997231012658347e+02
1.326275464794303787e+02
1.324432728441455822e+02
1.323185942444620196e+02
1.321866099683544178e+02
1.318985487539557084e+02
1.318360734770569707e+02
1.317947735363923982e+02
1.316087321993670969e+02
1.314738553204113884e+02
1.314371415150316409e+02
1.314012930181962133e+02
1.316031942246835342e+02
1.318686461629746702e+02
1.321736427017405049e+02
1.323485339200949227e+02
1.325983237737341653e+02
1.329562401107594951e+02
1.329903209058544178e+02
1.331946573378164658e+02
1.331877843156645440e+02
1.331107594936708836e+02
1.331536293512658347e+02
1.329287974683544178e+02
1.328093230814873493e+02
1.325756897745253298e+02
1.323316356803797476e+02
1.324944125791139129e+02
1.323130439082278542e+02
1.321424545094936605e+02
1.322879746835442916e+02
1.322640056368670969e+02
1.326092266613923982e+02
1.328226735561708836e+02
1.328661244066455822e+02
1.327203446400316409e+02
1.332715956289557084e+02
1.333051448773734080e+02
1.334181418117088640e+02
1.334551275712025245e+02
1.334501953125000000e+02
1.333868670886076018e+02
1.334933247626582329e+02
1.334128387064873493e+02
1.333558395965189902e+02
1.332222359572784853e+02
1.332948229825949227e+02
1.332942172666139129e+02
1.334690590387658347e+02
1.336418364319620196e+02
1.334560176028481067e+02
