1.327736017852116959e+02
1.277607856539745086e+02
1.276856680471231584e+02
1.274803184431667376e+02
1.271981826223312311e+02
1.270164448554541394e+02
1.269027582324795986e+02
1.267251115757307645e+02
1.267930018897511104e+02
1.267626854569578967e+02
1.266350568935708196e+02
1.266397611676249397e+02
1.267211109324112357e+02
1.268316714245506773e+02
1.266407965099915600e+02
1.264232941980619955e+02
1.264191327248602761e+02
1.263485384584455744e+02
1.264231233163121715e+02
1.264643862329620845e+02
1.265648144425234278e+02
1.264535905271199425e+02
1.265532447428732326e+02
1.266778577459692059e+02
1.266583973302239485e+02
1.267067870210285037e+02
1.266757770093683462e+02
1.266554923404768545e+02
1.266537533673756570e+02
1.266884524144586095e+02
1.266953278919223180e+02
1.265965079811829099e+02
1.265336436009810654e+02
1.265720115797515177e+02
1.266315688955007772e+02
1.266466366450886625e+02
1.264056632222266927e+02
1.262904889228418597e+02
1.262028064814442558e+02
1.261381528688030187e+02
1.259430461179687200e+02
1.259101865626633412e+02
1.257412749788910844e+02
1.257849101363033242e+02
1.258646314985324324e+02
1.257767379679144426e+02
1.258602890917132413e+02
1.255660508222427723e+02
1.255222045756101465e+02
1.253888766032728910e+02
1.253229363515741284e+02
1.253581078364360053e+02
1.252168187849302399e+02
1.252186281211048993e+02
1.254033613445378137e+02
1.253581781995094673e+02
1.253602187286397793e+02
1.252493064211330420e+02
1.254209219572996687e+02
1.255044630292308341e+02
1.255351212255236959e+02
1.255684431667403800e+02
1.255561597844879600e+02
1.254250834305013882e+02
1.250113284548269093e+02
1.247035503196493949e+02
1.246144505649149608e+02
1.244637831209038694e+02
1.244901290659804545e+02
1.244936773752563255e+02
1.246581862410035768e+02
1.243526094648385651e+02
1.242477182260464019e+02
1.242435265972417682e+02
1.241847834827710955e+02
1.240979252945197260e+02
1.242311929556511529e+02
1.244255659201479602e+02
1.244588778094970110e+02
1.245333923042901318e+02
1.244603051747014604e+02
1.245360962566844876e+02
1.244962607052390382e+02
1.246692332435366524e+02
1.246086506372884060e+02
1.246684693015962324e+02
1.245879337380885374e+02
1.247048872180451156e+02
1.245770174098347525e+02
1.244828515138112692e+02
1.245994029190623564e+02
1.245342768686421948e+02
1.246290961360620742e+02
1.246170037392947592e+02
1.246929053918217960e+02
1.246917996863817280e+02
1.248294399099352603e+02
1.249160166458928103e+02
1.247807989224397858e+02
1.247921173253990617e+02
1.247171203409593545e+02
1.249572896144103566e+02
1.249800269390052705e+02
1.249976679667082209e+02
1.250609243697478945e+02
1.250112178842828996e+02
1.251038558964255571e+02
1.250920650556873426e+02
1.253129648988782066e+02
1.254537513570021332e+02
1.256184813638374038e+02
1.257655401873668097e+02
1.258310381568895480e+02
1.259837059225604179e+02
1.259049394877568204e+02
1.260279542438985203e+02
1.260149471271762280e+02
1.260410317236942603e+02
1.258863133770254450e+02
1.262819850428209492e+02
1.263051948051948017e+02
1.263137891520244409e+02
1.263402155120421355e+02
1.263447891118169792e+02
1.263592839049495353e+02
1.263181114551083652e+02
1.264152326002171236e+02
1.264967130392826959e+02
1.266227232519802186e+02
1.266382935949499426e+02
1.266546580354629867e+02
1.270115194403120142e+02
1.270178018575851411e+02
1.270094185999758736e+02
1.269055124442121354e+02
1.267005649149612054e+02
1.266748723412810165e+02
1.264195850589039480e+02
1.262941779582646404e+02
1.263226951067508281e+02
1.262206183908970303e+02
1.261940010453942307e+02
1.262712697519199025e+02
1.263396928149250158e+02
1.262826183104820927e+02
1.260565417554581700e+02
1.260281854368541730e+02
1.260248482167986879e+02
1.261207631377910019e+02
1.259958184230629996e+02
1.258431908648626916e+02
1.257420791283020378e+02
1.257572775521691995e+02
1.257425716698162574e+02
1.257239656628201487e+02
1.255853303043705580e+02
1.255955228981544707e+02
1.257068071247637846e+02
1.256709621647702164e+02
1.255349402919062385e+02
1.254047987616099107e+02
1.255350508624502481e+02
1.254389952153110102e+02
1.255945478669936932e+02
1.256086104298178583e+02
1.256683285754493227e+02
1.257212516585581596e+02
1.256024385830887411e+02
1.256082686663181960e+02
1.255184049696433561e+02
1.254534397491053852e+02
1.254462526637449287e+02
1.255845462586948713e+02
1.256289152024446167e+02
1.256589602348116301e+02
1.256612520606328616e+02
1.256481243214989405e+02
1.257887298460053813e+02
1.257399682360982638e+02
1.257510956535724347e+02
1.258648928470909851e+02
1.256510996743194823e+02
1.261761288247356418e+02
1.263472417675204014e+02
1.263298118290378369e+02
1.263497245788267520e+02
1.263081500542800910e+02
1.264020747054802740e+02
1.264673816895179073e+02
1.265939347030678306e+02
1.266588396123999871e+02
1.265625527723050965e+02
1.265822644847412590e+02
1.266195669655421909e+02
1.266767922479996713e+02
1.266461239998391761e+02
1.266925334727192336e+02
1.267844276466567521e+02
1.267794720759116984e+02
1.269003457842467100e+02
1.269542740541192529e+02
1.268741003578464870e+02
1.270356137670379155e+02
1.268405874311447121e+02
1.268859615616581493e+02
1.268707028265851733e+02
1.269295866672027699e+02
1.268798098186643131e+02
1.268329982710787647e+02
1.267284487957862638e+02
1.266947850910699174e+02
1.266746713039282639e+02
1.266897893128543302e+02
1.266410176510795651e+02
1.266279904306220061e+02
1.267360379558521970e+02
1.266918097382493613e+02
1.266962325600096477e+02
1.266496220497768519e+02
1.266402336054038784e+02
1.264963612239154003e+02
1.265317538498653107e+02
1.266654939487756764e+02
1.267610168469301613e+02
1.268091351373085161e+02
1.268031442241968563e+02
1.269364621446664785e+02
1.268842527441598662e+02
1.269029190623617893e+02
1.268819006071328062e+02
1.266735354428852816e+02
1.267172108077680832e+02
1.267097422701137930e+02
1.266351373085119150e+02
1.265327389328937358e+02
1.265478267862168735e+02
1.265511740581400062e+02
1.264202484821679917e+02
1.264660648948574675e+02
1.263464275662418146e+02
1.262614390253709189e+02
1.262626452494873490e+02
1.262760845965180323e+02
1.261354187608057629e+02
1.260817216838888726e+02
1.261181094447348272e+02
1.261542861163604243e+02
1.261326444453379452e+02
1.261131739777250544e+02
1.260485706244220125e+02
1.259844397088979093e+02
1.260671163202122926e+02
1.261162599010896201e+02
1.260583611435004627e+02
1.259981906638253406e+02
1.258026516826826366e+02
1.256589300792087158e+02
1.254828012544730882e+02
1.254049394877568204e+02
1.253068232077520037e+02
1.252943287362791978e+02
1.253457741948454043e+02
1.251805013871577330e+02
1.253235595673676102e+02
1.252270314824494335e+02
1.253009026577138059e+02
1.253582485625829293e+02
1.251139881790036554e+02
1.251309758353101955e+02
1.252151602267701378e+02
1.251842909412568901e+02
1.250738510715290914e+02
1.252065759318081319e+02
1.252042237947810719e+02
1.251481444252342072e+02
1.251219995175103463e+02
1.251227735113183996e+02
1.251466466969562958e+02
1.251484761368662362e+02
1.249887620119818195e+02
1.251049012906598108e+02
1.250520887780949693e+02
1.250156105504402717e+02
1.249419404125286519e+02
1.248732861565678860e+02
1.244829319287523646e+02
1.245773692252020481e+02
1.244649792931526662e+02
1.245660709259780532e+02
1.245448614852639651e+02
1.245967190704032816e+02
1.245948695267580746e+02
1.244056029110208641e+02
1.243042700333722053e+02
1.240687748783723947e+02
1.239224397893128611e+02
1.237013791162397922e+02
1.236356801093643156e+02
1.232171404446946212e+02
1.232204475091472062e+02
1.231659261790840674e+02
1.231771742189698813e+02
1.230130171685899256e+02
1.227596296891962595e+02
1.227540609545253574e+02
1.226131940814603354e+02
1.223671645691769498e+02
1.222728679988741902e+02
1.221424952756222098e+02
1.220398858107836446e+02
1.220809275863455383e+02
1.221928752362188959e+02
1.222243978931285397e+02
1.221768927666760476e+02
1.223588918821116920e+02
1.226576635438864571e+02
1.228859615616581493e+02
1.230667946604479113e+02
1.230932813316714203e+02
1.233041695146958290e+02
1.233693860319247335e+02
1.233635157412247167e+02
1.233622492059024580e+02
1.234726890756302566e+02
1.234353262836234961e+02
1.234563849463230270e+02
1.235452535081018084e+02
1.237076213260423856e+02
1.237057918861324453e+02
1.239200776004181535e+02
1.237189899883398283e+02
1.234826605283261642e+02
1.236066905230991892e+02
1.236547283985364487e+02
1.235230991918298429e+02
1.233980740621607453e+02
1.232436472196534112e+02
1.230967793816090960e+02
1.231715552249607981e+02
1.232092597804672067e+02
1.233175183949177693e+02
1.232798640987495418e+02
1.230636182702746169e+02
1.229586767721442584e+02
1.230093482369024116e+02
1.230305375738812330e+02
1.230543504483133006e+02
1.231233163121708003e+02
1.230589944111615921e+02
1.229368843231072361e+02
1.228472015600498537e+02
1.227098025813196074e+02
1.226355695388203060e+02
1.226742491254875205e+02
1.225371114953158269e+02
1.227932431345744106e+02
1.228793072252824601e+02
1.228999638132765000e+02
1.230281452293836253e+02
1.232544831329661008e+02
1.233231675445297668e+02
1.233213180008845598e+02
1.232872220658598366e+02
1.231272767480197814e+02
1.231776064492782723e+02
1.230736701379116198e+02
1.229919585058903948e+02
1.229318181818181870e+02
1.228432712798037869e+02
1.228449901491697176e+02
1.224386132443408002e+02
1.223590728157291636e+02
1.222663141811748631e+02
1.221549193840215537e+02
1.221772948413815243e+02
1.219453077881870513e+02
1.219345422379478094e+02
1.219947730288287602e+02
1.219647682039322945e+02
1.219403522174419976e+02
1.219160065940251769e+02
1.217060029753528170e+02
1.214058441558441501e+02
1.214375779019741799e+02
1.212798138394113607e+02
1.211965140123034814e+02
1.211820292710385587e+02
1.212526536930561747e+02
1.212461199790921142e+02
1.213004905311406816e+02
1.213775984077841628e+02
1.214294962003940270e+02
1.213938321740179305e+02
1.217765067749587899e+02
1.218550621205420015e+02
1.219420710868079283e+02
1.220255920550038127e+02
1.222891218688432247e+02
1.225382071488882616e+02
1.225340858831570898e+02
1.224779964617425918e+02
1.228256403039684841e+02
1.229559527160146359e+02
1.229580032970125814e+02
1.230038297615697047e+02
1.233961843110449905e+02
1.236142595794298558e+02
1.235316633830565678e+02
1.236657854529371576e+02
1.240516464959189449e+02
1.241095150979051880e+02
1.242476478629729399e+02
1.242456877487837232e+02
1.241358509911141539e+02
1.242049676329862109e+02
1.244847111093241097e+02
1.247871416509187412e+02
1.249890434642756674e+02
1.249885609746290811e+02
1.249900084435688115e+02
1.250821036548590683e+02
1.254031100478468943e+02
1.254308833581279430e+02
1.256091431788026256e+02
1.256856579952555251e+02
1.256859092919464445e+02
1.256794358891882126e+02
1.257891319207108722e+02
1.258884142173615857e+02
1.259790820634473931e+02
1.262903984560331310e+02
1.263358228458847634e+02
1.264904406738772025e+02
1.266385046841703144e+02
1.267441297092999832e+02
1.268028728237706559e+02
1.269628684009488921e+02
1.269387439186200766e+02
1.270383378231675380e+02
1.270992822966507134e+02
1.272313035261951626e+02
1.274329540428611693e+02
1.274629186602870874e+02
1.274145792288207133e+02
1.275713280527522073e+02
1.275501990269792145e+02
1.275244662458284779e+02
1.276333782316754508e+02
1.277728579470065569e+02
1.278656668408990384e+02
1.279617727473764575e+02
1.280295524908528080e+02
1.281565779421816558e+02
1.281308351091632858e+02
1.280855916529291108e+02
1.280274315467814006e+02
1.281651119778054806e+02
1.282307406216074810e+02
1.281740983474729489e+02
1.281228840818624235e+02
1.281235977644646482e+02
1.279833541071931222e+02
1.280184652808491705e+02
1.279124381810140392e+02
1.278965763338828339e+02
1.277546439628482915e+02
1.277667866189538017e+02
1.278385167464114858e+02
1.276763801214265612e+02
1.276811145510835956e+02
1.276344738852478855e+02
1.275092678219613163e+02
1.274521229544449312e+02
1.273616058863736953e+02
1.271302118933697898e+02
1.271427365204454958e+02
1.269002854730408956e+02
1.269372160347392509e+02
1.268695267580716433e+02
1.268486389771219507e+02
1.269233444574001908e+02
1.268619979092115244e+02
1.269315668851272534e+02
1.267645249487354704e+02
1.266703389489767204e+02
1.267102448634956318e+02
1.266999115435647951e+02
1.267469542841059820e+02
1.268607112701539990e+02
1.269369144787101504e+02
1.269541031723694289e+02
1.270246672831812162e+02
1.271148526396204375e+02
1.268355614973261964e+02
1.267041534317076099e+02
1.267292931526677648e+02
1.267096518033050501e+02
1.265408306863415220e+02
1.264629789714929018e+02
1.263880925575972043e+02
1.263893691447870964e+02
1.264385529331349716e+02
1.263388183024406004e+02
1.262386313377025431e+02
1.264380804953560329e+02
1.264803687025049186e+02
1.265237324594909722e+02
1.265689658638574997e+02
1.264788408186241071e+02
1.264963109645772192e+02
1.265319950946885967e+02
1.265385187567850096e+02
1.266797474970849606e+02
1.266932773109243726e+02
1.265594467452052641e+02
1.264744481524667350e+02
1.266257991234771367e+02
1.266933476739978346e+02
1.266304330344578091e+02
1.265274013911784863e+02
1.267132403200514688e+02
1.267981383941136215e+02
1.268941236781794117e+02
1.267972136222910251e+02
1.267877447629769563e+02
1.266598246954284122e+02
1.265701419323710297e+02
1.264552490852800446e+02
1.263824635117204735e+02
1.265051867637006922e+02
1.265977443609022544e+02
1.265134896063688643e+02
1.268744622250814160e+02
1.270919645370109805e+02
1.269036427968316474e+02
1.269795746049615985e+02
1.269196252663744957e+02
1.270193297414659668e+02
1.269637429134333217e+02
1.268938924852237591e+02
1.268473020787262300e+02
1.266648305255116469e+02
1.267062743757790173e+02
1.266037553777491809e+02
1.264330847171404457e+02
1.264361806923726448e+02
1.263580374733625575e+02
1.264491375497567418e+02
1.264973563588114729e+02
1.265321659764384208e+02
1.266025994129709318e+02
1.265938241325238209e+02
1.265637992038920885e+02
1.267738932893731629e+02
1.267713401149933645e+02
1.265203851875678538e+02
1.260944574001849503e+02
1.258186643078283993e+02
1.254723674158658611e+02
1.251628503075871492e+02
1.248163021189336916e+02
1.245355836114350012e+02
1.243380242048972661e+02
1.243838004101161943e+02
1.244413473523380702e+02
1.243957420288689661e+02
1.242185477061638039e+02
1.241280909492983824e+02
1.241246934180370687e+02
1.242372441799686413e+02
1.245087149692412822e+02
1.247626251457520823e+02
1.252487334646777413e+02
1.261122291021671771e+02
1.266604780668248225e+02
1.269603252784367271e+02
1.269749507458485738e+02
1.271188633348076138e+02
1.271436612922681064e+02
1.272777029472075867e+02
1.272763660488118660e+02
1.270064633508905985e+02
1.268821217482208255e+02
1.268763921836677184e+02
1.268269269430260096e+02
1.269208817498291211e+02
1.266404647983595311e+02
1.264370853604599745e+02
1.265156105504402717e+02
1.264969140766354343e+02
1.263799807004141371e+02
1.262378271882915897e+02
1.261042077117928528e+02
1.262056109525149736e+02
1.262254533392304268e+02
1.261668509509066780e+02
1.260436552611475207e+02
1.258872482007156890e+02
1.257251919906718598e+02
1.258025310602709936e+02
1.259290539182180027e+02
1.257985605725543792e+02
1.255641610711270175e+02
1.255269088496642667e+02
1.254879176551003184e+02
1.255634574403924262e+02
1.258098789755136551e+02
1.258871677857745937e+02
1.258899923605805924e+02
1.258625809175344727e+02
1.257129186602870874e+02
1.258640886976800317e+02
1.258881629206706663e+02
1.258527602428531225e+02
1.257071890957339804e+02
1.257502714004262003e+02
1.259093019983112924e+02
1.259211129427847737e+02
1.257483917011780790e+02
1.255733685818825194e+02
1.255273611837079386e+02
1.254658135981665339e+02
1.255709661855172641e+02
1.254579429858067670e+02
1.255934321096859776e+02
1.256408769249326554e+02
1.257650878533231520e+02
1.256398415825660351e+02
1.256835672067870178e+02
1.256605785855011845e+02
1.256995396244622185e+02
1.257208194282497686e+02
1.257452655703429656e+02
1.253975513650436255e+02
1.253202223473121251e+02
1.252093904547464973e+02
1.252280065136102252e+02
1.252763157894736850e+02
1.249888725825258291e+02
1.250167765670861684e+02
1.249958887861364616e+02
1.249637027059627741e+02
1.250034578424671281e+02
1.248855192794821249e+02
1.249133227453660879e+02
1.249674520525913692e+02
1.247367415865867883e+02
1.247391942422902105e+02
1.246995999356680471e+02
1.247041031723694289e+02
1.247348317317357527e+02
1.246668107434361303e+02
1.245981263318724643e+02
1.244646073740501038e+02
1.245192694302601382e+02
1.245550440271802444e+02
1.244412669373969749e+02
1.241972477986409871e+02
1.240960254915363237e+02
1.241299404929435894e+02
1.240646636645088705e+02
1.241966245828474911e+02
1.241375095492742560e+02
1.240476760082023304e+02
1.240248582686663212e+02
1.239769812231112525e+02
1.237613686622974569e+02
1.237286397812713545e+02
1.238098186643078265e+02
1.237464818463270433e+02
1.238810964577218385e+02
1.238063105625025173e+02
1.237138735877125981e+02
1.238190362269309617e+02
1.238413011137469368e+02
1.238120300751879768e+02
1.238214486751638503e+02
1.236402436572715260e+02
1.234734731213059433e+02
1.233020485706244216e+02
1.231929154436894436e+02
1.231819991154356444e+02
1.231155060110168478e+02
1.230280346588396156e+02
1.226891660970608342e+02
1.225674379799766740e+02
1.226064593301435366e+02
1.224637529653009551e+02
1.224020747054802740e+02
1.224631599051103734e+02
1.223879819870531946e+02
1.223584797555385819e+02
1.224140364279683126e+02
1.225063326766113079e+02
1.225851393188854530e+02
1.226675545816412694e+02
1.226387559808612480e+02
1.227551767118330588e+02
1.228107032286598894e+02
1.227824072212617068e+02
1.227696111937598005e+02
1.227820855614973254e+02
1.228544288528808721e+02
1.226908749145591315e+02
1.226712536689316835e+02
1.227396566282015158e+02
1.226396204414780300e+02
1.226861806923726448e+02
1.227833420449519508e+02
1.227370230388806220e+02
1.226434703067830014e+02
1.223848558562180813e+02
1.223044911744602103e+02
1.224658638575047291e+02
1.225494451369064421e+02
1.226749728599573785e+02
1.227168187849302399e+02
1.228242430943669348e+02
1.231755056089421458e+02
1.233760604720357037e+02
1.234238973101202248e+02
1.234728700092477141e+02
1.234035121225523710e+02
1.232814824494391104e+02
1.230915021510996752e+02
1.230623818905552582e+02
1.232013590125045255e+02
1.233677375256322648e+02
1.235268384865908047e+02
1.237248301234369308e+02
1.240166458928068778e+02
1.242016806722689068e+02
1.247405713481564931e+02
1.251465361264122862e+02
1.253930179727393295e+02
1.258232479594708764e+02
1.260259438703711083e+02
1.264877769289533944e+02
1.267082344899682340e+02
1.267289815447710168e+02
1.271901210244863449e+02
1.272300168871376371e+02
1.273458445579188663e+02
1.275711973784729167e+02
1.277342788790157186e+02
1.279622853926259438e+02
1.278558763218205883e+02
1.281753849865305028e+02
1.282341180491335422e+02
1.281489485746451749e+02
1.280831993084315172e+02
1.281100880543604887e+02
1.280527924088295606e+02
1.280700313618270343e+02
1.279696232560009719e+02
1.279944212134614645e+02
1.276872562422097985e+02
1.276944835350408169e+02
1.274909030597885078e+02
1.273106027099835131e+02
1.272256443247155318e+02
1.271984439708897980e+02
1.268536146516022711e+02
1.267917253025612183e+02
1.268797796630613988e+02
1.266988762011981891e+02
1.268081400024124434e+02
1.270240239636524535e+02
1.268721502955249036e+02
1.267520807366008597e+02
1.266618752764263576e+02
1.267697418680390768e+02
1.267695609344216194e+02
1.267549857263479538e+02
1.266640967391741412e+02
1.265817015801535916e+02
1.264490470829480131e+02
1.263088034256764871e+02
1.262168690442684209e+02
1.261098066020666693e+02
1.261413091552410464e+02
1.260768163724820141e+02
1.261464356077359241e+02
1.261189437497487091e+02
1.260527823569619272e+02
1.262305998954605712e+02
1.261674440110972597e+02
1.263503980539584290e+02
1.266102589361103270e+02
1.266031824212938801e+02
1.265674480318443216e+02
1.265871195368099364e+02
1.267259760363475465e+02
1.268729846005387856e+02
1.271505970809376436e+02
1.272963491616742431e+02
1.275720718909573463e+02
1.277460898234891999e+02
1.279593200916730353e+02
1.282251417313336788e+02
1.282861766716255829e+02
1.283098789755136409e+02
1.285628744320694921e+02
1.287144666479031798e+02
1.289077238550922857e+02
1.289624361706405011e+02
1.291789835551445549e+02
1.294093623095171210e+02
1.294362108479755591e+02
1.294518012946805641e+02
1.298472317156527822e+02
1.299863998230871402e+02
1.301510896224518490e+02
1.300680712476378176e+02
1.302289413373004834e+02
1.303175083430501502e+02
1.302914036427968369e+02
1.301124401913875488e+02
1.300218125527723032e+02
1.301585079007679724e+02
1.302534176349965946e+02
1.304861987857343877e+02
1.305657593180812910e+02
1.306573519359897091e+02
1.308642495275622082e+02
1.311440332113706688e+02
1.313860620803345398e+02
1.315128462868401016e+02
1.315923063005106428e+02
1.317394957983193251e+02
1.315260544409151180e+02
1.318165735193599062e+02
1.315952112902577369e+02
1.313953198504282227e+02
1.312372542318362889e+02
1.310027240561296367e+02
1.308062804068995888e+02
1.307780045032367013e+02
1.305488520767158604e+02
1.303762313537855277e+02
1.302186683285754611e+02
1.299943307466527358e+02
1.298437638213179923e+02
1.293764826504764471e+02
1.291671223513328641e+02
1.290948594748904270e+02
1.291345844557918952e+02
1.287589763177998350e+02
1.285654778657874715e+02
1.286062683446584458e+02
1.285421575328695951e+02
1.283761107313738989e+02
1.284476096658759161e+02
1.283956013027220422e+02
1.283191065900044237e+02
1.282488440352217367e+02
1.281645088657472513e+02
1.282647058823529278e+02
1.283845945076595285e+02
1.283204535402677777e+02
1.283391299103373342e+02
1.284060150375939884e+02
1.284113224237063378e+02
1.283280728559366253e+02
1.281855273209762345e+02
1.281580354629890337e+02
1.279196252663744957e+02
1.278937417072092018e+02
1.280438965059708210e+02
1.280303666921313948e+02
1.280168469301596303e+02
1.280516062884483972e+02
1.279733022395561051e+02
1.281309858871778431e+02
1.282309818664307954e+02
1.282729986731534666e+02
1.282949016927344985e+02
1.284133830565719165e+02
1.284389248522375340e+02
1.286590004422821778e+02
1.284045173093160770e+02
1.284813537855333436e+02
1.284968336616943532e+02
1.286530095291705322e+02
1.287496079771621567e+02
1.287976358007317685e+02
1.284557717823971643e+02
1.284482931928752407e+02
1.284967934542237913e+02
1.283906155763741026e+02
1.284819870531944730e+02
