2.528953090314864198e+02
2.523683459912288924e+02
2.523166766748536816e+02
2.522364680287645058e+02
2.521531683295023356e+02
2.520856093755383540e+02
2.518780953599747932e+02
2.516860206135839064e+02
2.515871032205033373e+02
2.517935245389261070e+02
2.517976898315179142e+02
2.518578755408112499e+02
2.519153110495306862e+02
2.519054780057784910e+02
2.518002197699429416e+02
2.516464669459114987e+02
2.517807591784098804e+02
2.516810001132073751e+02
2.515105602779979108e+02
2.516593085983452056e+02
2.517727042285410448e+02
2.518368521954845107e+02
2.518165634674922728e+02
2.518775440893452071e+02
2.519350152829937883e+02
2.519036568438772008e+02
2.516612195878267642e+02
2.519868913258550833e+02
2.520867069947383072e+02
2.520538325613903794e+02
2.519982108314834477e+02
2.519355948554637337e+02
2.519366063386278256e+02
2.518443128067058012e+02
2.517872501439702262e+02
2.515660232714958511e+02
2.514654619106449331e+02
2.514738970895863872e+02
2.515061599570796318e+02
2.514596784910935412e+02
2.517202510742394281e+02
2.516446236347438230e+02
2.516160006300235636e+02
2.516919923018994325e+02
2.517092072039258426e+02
2.516519242790413671e+02
2.518825030639818578e+02
2.520581762786279398e+02
2.521204292527822020e+02
2.519103840682788018e+02
2.516747331013402800e+02
2.514894188032505156e+02
2.514477744909360410e+02
2.514434086244321236e+02
2.515501434780254613e+02
2.517075103240191538e+02
2.515027612752070922e+02
2.514672080111435548e+02
2.515316832950232993e+02
2.518010823608164799e+02
2.517677538675080200e+02
2.517932673613332781e+02
2.518420166660924338e+02
2.517163171184296573e+02
2.519143278682069536e+02
2.521492516008997598e+02
2.522571308332553883e+02
2.521027098396885435e+02
2.520624400124035844e+02
2.520888813143866969e+02
2.520527374032200214e+02
2.519741837995343872e+02
2.519509295308785397e+02
2.518925022272317733e+02
2.515788304695152249e+02
2.514516592261538506e+02
2.514513023768623725e+02
2.514442515270688716e+02
2.515538817819823123e+02
2.516748610748792885e+02
2.517286997888436701e+02
2.518600215586192519e+02
2.516592052351021493e+02
2.515424219976669349e+02
2.514857690963591494e+02
2.517313773890444679e+02
2.518150080967873805e+02
2.518405462009086193e+02
2.518904054300157043e+02
2.517861340670482946e+02
2.517582259914257747e+02
2.517714675611688904e+02
2.517452809757490115e+02
2.516935119876751514e+02
2.516836752523785776e+02
2.516824041305920616e+02
2.515188994767850943e+02
2.515314199648564966e+02
2.515092116337791026e+02
2.516423459518524055e+02
2.516177405779481830e+02
2.516147442744146474e+02
2.515248785481894345e+02
2.514675500942574331e+02
2.516481872055993279e+02
2.518603513365851825e+02
2.518275950326578538e+02
2.517645988275654929e+02
2.517895819695127670e+02
2.516796686961957334e+02
2.515132920208498319e+02
2.515478682561636390e+02
2.519143635531360985e+02
2.520038035212411387e+02
2.520007272342457156e+02
2.518482799864151218e+02
2.518331126610128479e+02
2.518618857885385012e+02
2.518809846087208939e+02
2.518851572844015152e+02
2.517654441912318362e+02
2.517510717783892176e+02
2.515495442173187541e+02
2.514875496512721043e+02
2.515230955322468844e+02
2.514762301456437399e+02
2.514767235820777955e+02
2.514666222860996072e+02
2.514473868787746085e+02
2.514442958256015856e+02
2.516359657326239017e+02
2.516568832536780178e+02
2.516353184818400734e+02
2.516452794991312487e+02
2.516251728873291427e+02
2.517908321725477094e+02
2.518925822106936607e+02
2.519555033543833531e+02
2.519132450151845433e+02
2.518105954707211254e+02
2.519396752425344630e+02
2.517465176431211660e+02
2.515423075597907143e+02
2.514889893535859642e+02
2.516677499298606620e+02
2.518410384068278915e+02
2.517249467187092478e+02
2.516164202355697626e+02
2.515689235948751445e+02
2.514981333090511839e+02
2.515684966062401884e+02
2.516274813330905147e+02
2.515258469633355674e+02
2.514381358685219539e+02
2.514562675040729971e+02
2.514465710474634079e+02
2.514388274178385245e+02
2.515805052001555282e+02
2.516001602130267258e+02
2.514538027829322573e+02
2.514275571328020931e+02
2.514302716484468476e+02
2.515191209694487782e+02
2.516896580153272964e+02
2.519974405292198014e+02
2.520654572346886937e+02
2.519420710548465081e+02
2.518403357828781282e+02
2.516038763677171914e+02
2.516848762348215871e+02
2.517727645237661704e+02
2.516703672348363625e+02
2.516471068136065412e+02
2.516183656794656542e+02
2.516457852407133089e+02
2.516675555085225540e+02
2.516555063076188503e+02
2.517073638927581669e+02
2.517027900692533819e+02
2.517018339592551968e+02
2.517653777434327367e+02
2.518030991745706615e+02
2.518797627075263108e+02
2.517508146007963887e+02
2.515701135026849897e+02
2.516164239271141412e+02
2.517578162299979851e+02
2.516019875275020183e+02
2.515004934364340556e+02
2.515479482396255264e+02
2.517273966736723878e+02
2.519261494238729711e+02
2.521277311275945294e+02
2.518778529485595641e+02
2.517383002652989887e+02
2.516163230249007086e+02
2.514988913061668541e+02
2.514557457657985822e+02
2.516287746041433877e+02
2.518362135583042516e+02
2.518077677477149336e+02
2.518052845688522154e+02
2.517259139033405972e+02
2.518075708653472304e+02
2.518881695846274340e+02
2.518284613150757707e+02
2.516789291568020417e+02
2.516308320248859332e+02
2.515051349382527803e+02
2.514413044441272405e+02
2.516714045588112185e+02
2.517447690815929775e+02
2.516278295687783952e+02
2.516970730975010611e+02
2.517762136567454263e+02
2.518603218042300114e+02
2.517823748443398699e+02
2.517029820295618947e+02
2.516799320263625361e+02
2.517419905791787187e+02
2.518558771847790183e+02
2.518899329123331938e+02
2.518649534619303267e+02
2.518423698238395048e+02
2.518870399720427145e+02
2.518728755162009634e+02
2.517182576402663869e+02
2.516050539703790605e+02
2.515905634281157859e+02
2.515666569866169198e+02
2.515613682340143953e+02
2.514912596533885960e+02
2.514483392972283866e+02
2.515563514251822426e+02
2.516105014593905480e+02
2.516182475500450266e+02
2.518011525001599580e+02
2.518640957931160074e+02
2.518321479374110936e+02
2.517312395713870785e+02
2.517628022759601834e+02
2.518078046631588904e+02
2.517609343544965554e+02
2.516194989835947808e+02
2.514567793982290311e+02
2.515651717552555340e+02
2.517690348334129169e+02
2.515473797417887738e+02
2.514007860528530784e+02
2.513373111775042332e+02
2.515284322749265300e+02
2.515689826595854584e+02
2.515239913470199440e+02
2.515497386386568621e+02
2.517461546412557141e+02
2.517381058439608807e+02
2.517105386209374558e+02
2.516433722011940972e+02
2.516497561119670081e+02
2.516742236682138412e+02
2.517588707811800077e+02
2.518018452799913405e+02
2.517451579242691935e+02
2.519175272066821947e+02
2.517756279317015071e+02
2.516198730600934255e+02
2.517036428160085109e+02
2.517424913987015600e+02
2.518323620469859634e+02
2.517030201755206349e+02
2.515219573060585674e+02
2.515516693163752109e+02
2.516791223476253663e+02
2.516072971988561164e+02
2.514561321474452029e+02
2.514618601938306881e+02
2.515591853007624366e+02
2.517118848041266403e+02
2.517213560765281670e+02
2.515920092830036481e+02
2.516262766591030982e+02
2.519407187190833213e+02
2.520156952162506627e+02
2.520566836641777400e+02
2.520211156339366028e+02
2.518599243479501979e+02
2.517282408068239477e+02
2.516515723518091079e+02
2.515355754133299229e+02
2.516103119601116305e+02
2.516803627065418993e+02
2.514572556074559486e+02
2.514151596962105089e+02
2.514343114285292415e+02
2.516254128377147765e+02
2.517812686115363192e+02
2.518672286837921490e+02
2.518082562620897988e+02
2.518112599487121486e+02
2.518221881506347017e+02
2.517523256729685386e+02
2.516300887939478343e+02
2.518199363085540483e+02
2.519754549213208747e+02
2.520686196577200064e+02
2.519808211963557198e+02
2.517433466064862841e+02
2.515890068268961102e+02
2.514846173345080729e+02
2.514694094021174635e+02
2.515334404701550852e+02
2.518155458317541786e+02
2.518876663040749690e+02
2.518992405262665670e+02
2.519385923895120811e+02
2.519472539831764095e+02
2.517416509570944072e+02
2.517337608962085369e+02
2.516852786131605910e+02
2.515972869609729798e+02
2.514576665993985216e+02
2.514232589446120585e+02
2.514505899087942566e+02
2.515796733721519729e+02
2.515206308111061446e+02
2.515347792702555125e+02
2.517104044948244450e+02
2.516594833314465518e+02
2.515426090359162572e+02
2.517252838797639356e+02
2.516816781268611578e+02
2.516213705966027874e+02
2.515578846466207494e+02
2.515525122190119589e+02
2.516485489769499964e+02
2.517006243632085898e+02
2.515960970531631631e+02
2.517293544227162840e+02
2.517875700778177475e+02
2.517114159779885654e+02
2.516221470514404359e+02
2.517745118547795755e+02
2.516069095866946839e+02
2.514656747897050195e+02
2.515975601352581918e+02
2.516366314411297083e+02
2.515674420550581658e+02
2.515569494553741379e+02
2.515252993842503884e+02
2.516508328124154161e+02
2.517337830454748939e+02
2.517047404352084641e+02
2.518319928925465376e+02
2.519030944986144505e+02
2.520015910556340373e+02
2.519804052823539280e+02
2.519582867788568024e+02
2.520031402737649273e+02
2.519790369498983580e+02
2.520246656691293481e+02
2.517620356652409157e+02
2.517386140465725362e+02
2.518502943391397366e+02
2.519467051735764187e+02
2.519639016178808504e+02
2.517487596410834385e+02
2.517685450885232399e+02
2.519922256075051621e+02
2.519876776248111128e+02
2.518938693291725599e+02
2.519530657045681608e+02
2.520459326563861282e+02
2.519494270723099589e+02
2.518793677122761210e+02
2.518824932198634485e+02
2.519410694158007971e+02
2.519196375395610517e+02
2.518391827905122398e+02
2.517302108610158200e+02
2.517212810151254985e+02
2.517734277712423818e+02
2.518476179694536938e+02
2.519193520601278635e+02
2.517660471434829503e+02
2.516158751175141504e+02
2.514946571047463522e+02
2.515142505918776124e+02
2.517162457485713674e+02
2.516720198162103088e+02
2.515767915064946578e+02
2.516730940556291216e+02
2.517657456673574075e+02
2.517134475579203183e+02
2.516904590804608972e+02
2.515885010853140500e+02
2.515998279740312285e+02
2.515591299275965014e+02
2.515795909276604903e+02
2.515460840097063056e+02
2.515730372058454236e+02
2.517399996062352727e+02
2.517932144491969666e+02
2.519309250518046781e+02
2.519135563354284955e+02
2.519048196803614701e+02
2.518836142188445990e+02
2.517779425300368530e+02
2.515441644066211495e+02
2.514466067323925529e+02
2.514345083108969447e+02
2.515275438432422561e+02
2.517189824134825074e+02
2.519059849778753346e+02
2.518456319185694667e+02
2.519096100744707485e+02
2.518966933606343446e+02
2.517505512706295860e+02
2.517229052946590855e+02
2.516502557009750660e+02
2.516098148321331678e+02
2.517409729434406245e+02
2.517456353640108944e+02
2.517582616763549197e+02
2.517895930441459598e+02
2.520577074524898364e+02
2.521052680799539303e+02
2.518765116874295416e+02
2.517642296731260387e+02
2.517461866346404804e+02
2.516686051376453861e+02
2.514746956936904212e+02
2.513437270816618820e+02
2.513877745893772158e+02
2.514045858825498101e+02
2.517143458337230015e+02
2.519915931228989052e+02
2.520118117115476366e+02
2.519880357046173742e+02
2.518449662100636317e+02
2.517355377595770847e+02
2.519843983028739842e+02
2.520654153971855749e+02
2.519422630151550209e+02
2.519180009548794885e+02
2.520357919839343879e+02
2.517931233911019149e+02
2.516098099100739773e+02
2.515766623024408375e+02
2.515796844467851656e+02
2.515588395261041512e+02
2.516108890715519806e+02
2.517335677053852123e+02
2.517046506076281958e+02
2.515584346867355521e+02
2.515113674957055139e+02
2.514812617206534640e+02
2.515051324772231851e+02
2.514702375385766402e+02
2.515736918397180659e+02
2.517087432998469296e+02
2.517617489552929442e+02
2.516678434489853089e+02
2.517137170406611233e+02
2.519068020397013186e+02
2.519937785171804592e+02
2.517746952014844908e+02
2.517059660279474542e+02
2.516090543739879024e+02
2.515432796664812827e+02
2.515754256350686831e+02
2.516380010041000617e+02
2.518080003150117818e+02
2.515455118203251459e+02
2.514898691716666690e+02
2.515672685524716030e+02
2.518674329492486379e+02
2.519719344184833290e+02
2.520320635240959461e+02
2.517805979809713222e+02
2.517091665969375072e+02
2.517380246299842099e+02
2.515521467561168834e+02
2.518717938936933649e+02
2.520903862339848445e+02
2.521412347969896643e+02
2.518008128780756749e+02
2.514454968080446235e+02
2.513481458603021110e+02
2.512765274380189737e+02
2.515708431979603006e+02
2.519314923191266189e+02
2.521131938257689455e+02
2.518038965481598837e+02
2.515192181801178322e+02
2.514628519887580183e+02
2.517822087248421212e+02
2.519308118444432409e+02
2.519237917575196661e+02
2.520452005000812221e+02
2.517817903498107341e+02
2.515408493997548760e+02
2.514831554829278275e+02
2.515898115835741180e+02
2.519817650012059005e+02
2.521422339750057802e+02
2.520267846156117741e+02
2.517322375188884109e+02
2.515955605487111484e+02
2.514737309700886385e+02
2.514719233438501362e+02
2.517291169333602454e+02
2.518808012620159786e+02
2.520201730596012055e+02
2.518550416652310560e+02
2.516863208591946659e+02
2.515688226926617119e+02
2.517671742950380747e+02
2.519019378147041550e+02
2.519916952556271497e+02
2.520522156649455781e+02
2.517740258014342771e+02
2.515801643475564333e+02
2.515193572282900334e+02
2.514697551767757489e+02
2.515682074352626216e+02
2.517026313328444189e+02
2.518261824016695698e+02
2.519036076232852679e+02
2.518964706374558773e+02
2.517955167423843363e+02
2.517533740715765873e+02
2.518148345942008177e+02
2.518957975458612850e+02
2.519580332928083806e+02
2.517543351036339629e+02
2.516645309031486306e+02
2.515479199377851671e+02
2.516341273435154449e+02
2.517547177937361766e+02
2.519405624437039535e+02
2.517682940635044133e+02
2.517118811125822617e+02
2.516344546604517518e+02
2.515044913790133307e+02
2.514124402585065354e+02
2.516939586645468978e+02
2.518900731910202069e+02
2.517646111327134690e+02
2.516548209108762819e+02
2.516629484611181908e+02
2.516920144511657895e+02
2.517708769140657807e+02
2.518610244281797748e+02
2.518368374293069110e+02
2.515721930726938922e+02
2.518183440224052276e+02
2.519746452425836765e+02
2.519428844251280850e+02
2.517549663577254080e+02
2.515717820807512908e+02
2.516142717567321370e+02
2.516682741291646721e+02
2.516824164357400662e+02
2.518025774362962466e+02
2.517420065758710734e+02
2.516647671619898858e+02
2.516035084437925491e+02
2.516213029182889045e+02
2.516089473192004675e+02
2.515525725142370561e+02
2.515862701619849702e+02
2.515604847243892834e+02
2.515734334316104537e+02
2.515645441927084676e+02
2.515973780190680600e+02
2.518667697017724265e+02
2.520578981822835374e+02
2.521130818489223202e+02
2.520699596883352172e+02
2.520135750392534248e+02
2.519021150088350964e+02
2.519826681990677741e+02
2.518788939640787987e+02
2.518321134829967605e+02
2.517105755363814126e+02
2.516288275162796992e+02
2.517188445958251179e+02
2.517295279253028184e+02
2.517104463323275922e+02
2.517033659501789202e+02
2.517111538783365461e+02
2.517340746774820843e+02
2.517063204162093371e+02
2.517084996579168887e+02
2.517749203856925533e+02
2.518703800321902690e+02
2.518943135450146826e+02
2.518463997598035178e+02
2.518678390191320489e+02
2.518333538419132935e+02
2.517617194229377731e+02
2.516781637765975859e+02
2.517249270304724575e+02
2.517944781878946969e+02
2.517474688310601607e+02
2.518921810628694686e+02
2.519006851506396174e+02
2.518231282639405038e+02
2.517737132506755415e+02
2.518142365640089224e+02
2.516191655140844716e+02
2.514910369302101287e+02
2.514851156930013190e+02
2.515677103072841589e+02
2.515421562064705370e+02
2.515997479905693410e+02
2.516055412542391139e+02
2.516019358458804902e+02
2.515691278603316619e+02
2.518027767796935450e+02
2.518634940713797050e+02
2.516427741710021735e+02
2.515252120176997153e+02
2.515815289884676247e+02
2.517129701181786459e+02
2.517747062761176835e+02
2.518733394202798763e+02
2.518118432127264725e+02
2.519301732072629818e+02
2.520296529456063297e+02
2.521062155763485180e+02
2.520239482790020134e+02
2.519730295766536869e+02
2.517962956582515801e+02
2.516610313190626300e+02
2.515651200736340058e+02
2.515864104406719548e+02
2.516919307761595235e+02
2.517668076016282157e+02
2.517255988915522664e+02
2.516957687518149953e+02
2.517002022966328241e+02
2.517742202227723851e+02
2.517593863668804488e+02
2.516920341394025513e+02
2.516074830065906269e+02
2.516391133894776146e+02
2.516275822353039757e+02
2.516430153519026192e+02
2.517933165819252110e+02
2.518754792855138760e+02
2.517210226070178578e+02
2.516386051868659877e+02
2.518731991415928633e+02
2.519342585163929300e+02
2.518745576299300524e+02
2.517911742556615877e+02
2.517697719117770134e+02
2.517392293039715980e+02
2.516987379840229835e+02
2.517626152377108610e+02
2.516912207691209744e+02
2.516057725910211786e+02
2.515736007816229858e+02
2.515373092086805400e+02
2.513604067097510892e+02
2.513368202020997444e+02
2.513830272632858680e+02
2.514083684850394036e+02
2.515401886133082598e+02
2.515591446937741011e+02
2.516692523884292143e+02
2.516860575290278348e+02
2.515885675331131495e+02
2.517356066684058078e+02
2.520153789739475485e+02
2.520902274975758814e+02
2.518163911954205219e+02
2.518230039819458739e+02
2.518895736020121490e+02
2.519191047266534440e+02
2.518584071232040742e+02
2.518512442965639195e+02
2.519114484635792337e+02
2.518429740066054023e+02
2.516870850088843099e+02
2.516116027701349083e+02
2.516027676738840455e+02
2.517522223097255107e+02
2.517394077286173513e+02
2.515429585021189496e+02
2.514855451426658988e+02
2.517333462127215569e+02
2.519075834165981576e+02
2.519232687887304394e+02
2.517768067648781596e+02
2.516588705350770567e+02
2.517883059256670606e+02
2.518512159947235602e+02
2.518614452642407571e+02
2.518836117578150038e+02
2.519673605949785156e+02
2.519055136907076360e+02
2.518119453454547170e+02
2.517037301825591840e+02
2.518012226395034645e+02
2.519294632002244327e+02
2.518269194800336663e+02
2.517719142380406367e+02
2.518535109048221443e+02
2.517371029744003579e+02
2.516591720112025996e+02
2.516840862443211790e+02
2.516551150039130391e+02
2.515365241402393224e+02
2.515319700049712708e+02
2.517209438540707822e+02
2.516956383172463916e+02
2.517147223712512414e+02
2.517025488883529363e+02
2.517542908051012205e+02
2.519487970487332973e+02
2.519347790241525331e+02
2.518212578814472806e+02
2.517479253520502880e+02
2.517996783434317649e+02
2.519109710238375328e+02
2.518069519164037331e+02
2.516627565008096781e+02
2.517238269502429091e+02
2.516504931903311046e+02
2.516035010607037634e+02
2.516244530361722127e+02
2.516952654712625588e+02
2.515307001136995666e+02
2.515173330314470377e+02
2.514679487810520300e+02
2.514369287335049421e+02
2.515165282747690298e+02
2.516616908749944628e+02
2.515906458726072685e+02
2.516183016926961500e+02
2.517273523751396738e+02
2.518211372909970578e+02
2.518564284554086043e+02
2.519078086008062201e+02
2.518306159464873701e+02
2.517498400330762252e+02
2.517239536932671058e+02
2.516645198285154663e+02
2.517638359083906323e+02
2.517816562236977518e+02
2.517016247717395174e+02
2.516678114556005710e+02
2.518307574556891666e+02
2.519002077108979449e+02
2.518066122943194500e+02
2.518376852540028779e+02
2.518746351523623446e+02
2.518335802566361679e+02
2.516650735601746476e+02
2.517610734026687282e+02
2.518369752469643288e+02
2.518340232419635072e+02
2.517372826295608945e+02
2.516542536435543127e+02
2.518276036462614513e+02
2.518273267804318607e+02
2.517067572489626741e+02
2.516214124341059346e+02
2.517773851068332931e+02
2.517529150895568648e+02
2.518622684786407149e+02
2.518806006881038684e+02
2.518054408442315832e+02
2.518149465710474715e+02
2.518787782956877948e+02
2.518797590159819322e+02
2.517941840948579113e+02
2.517964137876722077e+02
2.517701361441572772e+02
2.516871539177130046e+02
2.516503344539221416e+02
2.514350854223372949e+02
2.513054765291607282e+02
2.513847290652517472e+02
2.513820588481397067e+02
2.513534776809225946e+02
2.514240243248165427e+02
2.515024019648860190e+02
2.517531931859012673e+02
2.519658655194987489e+02
2.520957918854932132e+02
2.520862517042629918e+02
2.520557681611679186e+02
2.519560804658236748e+02
2.516948901642491023e+02
2.516127040808792685e+02
2.514892403786047907e+02
2.514967612850512069e+02
2.517009652158076847e+02
2.518150966938528370e+02
2.516064087671718426e+02
2.515546397790979825e+02
2.517823551561031081e+02
2.517498535687390131e+02
2.516526982728494204e+02
2.515784576235313921e+02
2.515250631254091331e+02
2.515707115328768850e+02
2.516516277249750146e+02
2.518347923137123701e+02
2.518690843001078008e+02
2.518538812897763819e+02
2.517411181441867996e+02
2.516676871736059411e+02
2.516547335443256088e+02
2.517046173837286460e+02
2.516648766778069159e+02
2.517344450624363219e+02
2.516706711719915006e+02
2.515709724020140925e+02
2.515371393976383843e+02
2.518744161207282559e+02
2.519546789094685550e+02
2.519450452091136867e+02
2.518282102900569441e+02
2.518909542396156951e+02
2.519766042221423845e+02
2.519091523229658378e+02
2.517753805982270876e+02
2.518599501887609620e+02
2.519093602799667337e+02
2.517742374499795801e+02
2.517815356332475289e+02
2.518687532916270868e+02
2.518196311408840984e+02
2.516554398598197508e+02
2.517146337741857565e+02
2.517494844142995589e+02
2.517650688842184081e+02
2.517629044086884278e+02
2.517463699813453957e+02
2.516048521659521384e+02
2.518270006940103372e+02
2.519690279425300332e+02
2.521365551492122279e+02
2.519726321203738735e+02
2.517276107832472860e+02
2.517686410686774821e+02
2.518833262783818157e+02
2.517725147292621273e+02
2.516553537237838896e+02
2.516164497679249052e+02
2.516510715322862382e+02
2.517375471902425090e+02
2.517884646620760236e+02
2.517917267568059856e+02
2.517780865002682447e+02
2.518281290760802733e+02
2.518688062037633983e+02
2.517460254372018937e+02
2.516522196025929361e+02
2.516592446115757014e+02
2.516583020372403041e+02
2.515360897685155521e+02
2.514538987630865279e+02
2.516632622423917383e+02
2.518012890873025640e+02
2.519032987640709393e+02
2.518367389881230736e+02
2.518235921680194167e+02
2.519127724975020612e+02
2.517159959540673526e+02
2.516464890951778557e+02
2.515759707531242668e+02
2.515508325663124367e+02
2.516214382749166987e+02
2.516537922005049950e+02
2.516634283618894870e+02
2.516727212096452604e+02
2.516884902567838367e+02
2.516878060905560517e+02
2.517230640310680485e+02
2.517545110672500925e+02
2.517772017601283778e+02
2.517953875383305444e+02
2.517221239177622465e+02
2.515263650100656037e+02
2.517736960234683750e+02
2.519048233719058771e+02
2.520316254608277973e+02
2.519926575181993087e+02
