3.025914481959946500e-01
5.127376055747459027e-01
5.183557794061857127e-01
5.426716650360401406e-01
3.979032306371423355e-01
2.681673422119281724e-01
1.149604157099215346e-01
6.081779246450891296e-02
4.050526126629794277e-02
2.707006369426751685e-02
2.551764071641075826e-02
2.460914881297046955e-02
2.186620210450651927e-02
2.054838967314258358e-02
1.974597168699957980e-02
2.108000718806780915e-02
2.129839466485633839e-02
1.773680690054509415e-02
1.901967733562286503e-02
1.967483976598845968e-02
1.801634287083441616e-02
1.975845097138749507e-02
1.940154343789309704e-02
1.951510492582313530e-02
1.824845756044965461e-02
1.792150030948625253e-02
1.992192959686919784e-02
1.934413872970868267e-02
1.919937903080885799e-02
1.870769522592496611e-02
2.030629155601701083e-02
1.854047281512688841e-02
1.900095840904099040e-02
1.845561368128905907e-02
1.980961603737795354e-02
1.995437573627777822e-02
2.058208374098995791e-02
1.872641415250683727e-02
1.853922488668809793e-02
1.832458119521594014e-02
1.906460275941936414e-02
1.985204560429686821e-02
1.919313938861489863e-02
1.959871613122217068e-02
1.978465746860211955e-02
2.016652357087235156e-02
2.008041650859573174e-02
1.930420501966735244e-02
1.911701575384860963e-02
1.690693448874867888e-02
1.613321885669788056e-02
1.762199748417626888e-02
1.855420002795359763e-02
1.985079767585807425e-02
1.936784937004572271e-02
2.081170257372761193e-02
2.098017291296448011e-02
2.029006848631272064e-02
1.907084240161332350e-02
1.826967234390911021e-02
1.285366291955354102e-02
1.407788071800810704e-02
1.563279955274244834e-02
1.519352874228780195e-02
1.796392987640516720e-02
1.889488449174370546e-02
1.761326198510472507e-02
1.678838128706347521e-02
1.919064353173731766e-02
1.807000379370245560e-02
1.697432262444342407e-02
1.764945190982968384e-02
1.707041311423037819e-02
1.849554739133039277e-02
1.503379390212247584e-02
1.715652017650699801e-02
1.555792384641495156e-02
1.913448675199169377e-02
1.856917516921909733e-02
1.814612742846874113e-02
1.922558552802348247e-02
1.908831339975640418e-02
1.576008825349919235e-02
1.912075953916498455e-02
1.888864484954974610e-02
1.461324201824970581e-02
1.698680190883133934e-02
1.785286424535271338e-02
1.628047441247528968e-02
1.496390990955014620e-02
1.866152187368967652e-02
1.694562027035121862e-02
1.557913862987440889e-02
1.731750294511111635e-02
1.638530040133378760e-02
2.045229918335562946e-02
1.972350897510133025e-02
1.915819739232873381e-02
1.514361160473613743e-02
1.756459277599185451e-02
1.371223768544216522e-02
1.439111075614479991e-02
1.908956132819519466e-02
1.627797855559770870e-02
1.626175548589341852e-02
1.887117385140666542e-02
2.084664457001377674e-02
1.953756763772138139e-02
1.746850228620490039e-02
2.044730746960046405e-02
1.722640416907932764e-02
1.488653834634506672e-02
1.619686320707625429e-02
1.815860671285665640e-02
1.692440548689175955e-02
1.978715332547970399e-02
1.940653515164826245e-02
1.957999720464029605e-02
1.839196933091068881e-02
2.348975700337439798e-02
1.612822714294271514e-02
1.882375257073258534e-02
1.871643072499650645e-02
2.121478345945729954e-02
2.133957630333646258e-02
2.229798534432841581e-02
2.119980831819180331e-02
2.133333666114250321e-02
2.090529720663698160e-02
1.825844098795998544e-02
1.945645228919992697e-02
2.013407743146377119e-02
1.817732563943853102e-02
1.751841942375656491e-02
1.611949164387117481e-02
1.512988439190942995e-02
1.678089371643072536e-02
1.729379230477407631e-02
1.866276980212846701e-02
2.103632969271010053e-02
1.664486951660244102e-02
1.840694447217618851e-02
1.733247808637661605e-02
1.933914701595351726e-02
1.707914861330191852e-02
1.820103627977557106e-02
1.649636603238623794e-02
1.657373759559131743e-02
1.388445180999540833e-02
1.769188147674859851e-02
1.640901104167082764e-02
1.381706367430066140e-02
1.717898288840524756e-02
1.862034023520955234e-02
1.526091687798254888e-02
1.674969550546093547e-02
1.728755266258011694e-02
1.720144560030349712e-02
1.635535011880278819e-02
1.736492422578519643e-02
1.685202563744184548e-02
1.778298025278038375e-02
1.497264540862168827e-02
1.647015953517161346e-02
1.685077770900305499e-02
1.360865962502246299e-02
1.698056226663738344e-02
1.551050256574086975e-02
1.786659145817942260e-02
1.616816085298404537e-02
1.654378731306032149e-02
1.638155661601741267e-02
1.439859832677754976e-02
1.839446518778826978e-02
1.586616217079647728e-02
1.400674879699698519e-02
1.579003853603018828e-02
1.734246151388694687e-02
1.675468721921610088e-02
1.844438232533993430e-02
1.405791386298744020e-02
1.535950322464708570e-02
1.608454964758500999e-02
1.604960765129884517e-02
1.436490425893017543e-02
1.524344587983946647e-02
1.573512968472335835e-02
1.784787253159754797e-02
1.679212507237985014e-02
1.763322884012539019e-02
1.794645887826208652e-02
1.894729748617295442e-02
2.156794720763532611e-02
2.110995747059880509e-02
1.693064512908571892e-02
1.982334325020465929e-02
1.682457121178843051e-02
1.646766367829403249e-02
1.700302497853562952e-02
1.463320887327037093e-02
1.723264381127328701e-02
1.397804644290477800e-02
1.557789070143561667e-02
1.501133119022422802e-02
1.974846754387716424e-02
1.775302997024938434e-02
1.837824211808397959e-02
1.795893816265000179e-02
1.962991434219196057e-02
1.988573967214423907e-02
1.739362657987740188e-02
1.527090030549288144e-02
1.949513807080246672e-02
2.090280134975940063e-02
1.514111574785855473e-02
1.901718147874528406e-02
1.637157318850707838e-02
1.766442705109518355e-02
1.719395802967074727e-02
1.812990435876445094e-02
2.072185172613461718e-02
1.797141744703791705e-02
1.779046782341313360e-02
1.738114729548948661e-02
1.739612243675498632e-02
1.584993910109218709e-02
1.468437393926082767e-02
1.650135774614140682e-02
2.021394485154643164e-02
1.873514965157838108e-02
2.035870455044625979e-02
2.125846095481500816e-02
1.843814268314597840e-02
1.940279136633188753e-02
1.858789409580097196e-02
1.684828185212547055e-02
1.893232234490745472e-02
1.759828684383922537e-02
1.629295369686320841e-02
1.988324381526665810e-02
1.540193279156600037e-02
1.597473194497134666e-02
1.708788411237345886e-02
1.987326038775632381e-02
1.924804823992172856e-02
1.734620529920332180e-02
1.734121358544815639e-02
1.930170916278976800e-02
1.892857855959107979e-02
1.705294211608729404e-02
1.570143561687598749e-02
1.566274983527344775e-02
1.571266697282510880e-02
1.620310284927021019e-02
2.101761076612822590e-02
2.044730746960046405e-02
1.920811452988039833e-02
2.116611425034442898e-02
1.974222790168320488e-02
2.136328694367350262e-02
1.703047940418904449e-02
1.586741009923526777e-02
1.618937563644350444e-02
1.606832657788071633e-02
1.936660144160693223e-02
1.905586726034782380e-02
1.891859513208074550e-02
1.928922987840185274e-02
1.649012639019228205e-02
1.609827686041171574e-02
1.753339456502206462e-02
1.598970708623684636e-02
1.667481979913343695e-02
1.690443863187109444e-02
1.963740191282471043e-02
1.782540981969929841e-02
1.776176546932092815e-02
1.729628816165165728e-02
2.107002376055747486e-02
2.021519277998522560e-02
1.983831839147015899e-02
1.828839127049098484e-02
2.063324880698041291e-02
1.815361499910149098e-02
1.934663458658626711e-02
1.858040652516822211e-02
1.953382385240500646e-02
1.746351057244973498e-02
1.815111914222391001e-02
1.616566499610646440e-02
2.076677714993111282e-02
2.040862168799792431e-02
1.687448834934009503e-02
1.655252281213186183e-02
1.960495577341613005e-02
1.709412375456741823e-02
1.865902601681209208e-02
1.720893317093624697e-02
1.892233891739712043e-02
1.811492921749895124e-02
1.487281113351835923e-02
1.628546612623045856e-02
1.424135934348980635e-02
1.569519597468202812e-02
1.618438392268833903e-02
1.970853383383583401e-02
1.999056566100273699e-02
1.969480662100912480e-02
1.791026895353712775e-02
1.766068326577880862e-02
1.770186490425892933e-02
1.823847413293932032e-02
1.629170576842441445e-02
1.776176546932092815e-02
1.617814428049437966e-02
1.817732563943853102e-02
1.899846255216340943e-02
1.598346744404289047e-02
1.663987780284727214e-02
1.995187987940019725e-02
1.977093025577541380e-02
1.909205718507277910e-02
1.785161631691392289e-02
1.619811113551504478e-02
1.760827027134955966e-02
1.773805482898388811e-02
1.618563185112712952e-02
1.891734720364195502e-02
1.908456961444002925e-02
2.079423157558453125e-02
2.222061378112333632e-02
2.311912225705329074e-02
2.002925144260527673e-02
2.164781462771798656e-02
1.967733562286604065e-02
1.909455304195036354e-02
1.933540323063714234e-02
2.051843939061158417e-02
2.179756604037298012e-02
2.212701914821396318e-02
2.213325879040792254e-02
2.546522772198150930e-02
2.455423996166363962e-02
2.266862009064952305e-02
2.107376754587384979e-02
2.181503703851606427e-02
2.279715671984505754e-02
2.196478845117105436e-02
2.279840464828384802e-02
2.263742187967973316e-02
1.938656829662759734e-02
2.033499391010921975e-02
1.983207874927620309e-02
1.963116227063075453e-02
2.118233732004871916e-02
2.214074636104067240e-02
2.124098995667192402e-02
1.948390671485334194e-02
2.107501547431264027e-02
2.255880238803585972e-02
1.583496395982668739e-02
1.803755765429387176e-02
1.909205718507277910e-02
1.864155501866900794e-02
1.823473034762294540e-02
1.807499550745762101e-02
1.621308627678054448e-02
1.723389173971207750e-02
1.981086396581674403e-02
1.734370944232574083e-02
1.973723618792803947e-02
1.961493920092646087e-02
2.008665615078968764e-02
1.949014635704730131e-02
2.027634127348601489e-02
1.775677375556575927e-02
1.789529381227162805e-02
1.910079268414431944e-02
1.832707705209352458e-02
2.119232074755905346e-02
2.278966914921230769e-02
2.246021604137132463e-02
2.223808477926641700e-02
2.289199928119321770e-02
2.241154683225845060e-02
2.365822734261126617e-02
2.279091707765109817e-02
2.248891839546353008e-02
2.109123854401693046e-02
2.164531877084040559e-02
2.202219315935546873e-02
2.340489786953656864e-02
2.313908911207395586e-02
2.189365653015993424e-02
2.305672583511371096e-02
1.963490605594712946e-02
1.872391829562925630e-02
1.967858355130483461e-02
2.028757262943513620e-02
2.261121538246510868e-02
2.088408242317752600e-02
2.297436255815346606e-02
2.251637282111694505e-02
2.249016632390232057e-02
2.214573807479583781e-02
2.251262903580057012e-02
2.310414711578779104e-02
2.225056406365433226e-02
2.120230417506938428e-02
2.246395982668769956e-02
2.227427470399137577e-02
2.078923986182936237e-02
2.199723459057963820e-02
2.245272847073857478e-02
2.017525906994389190e-02
2.095022263043348071e-02
2.080047121777848715e-02
2.294066849030609173e-02
2.205339137032525862e-02
2.195480502366072353e-02
1.920437074456402340e-02
2.181378911007727031e-02
2.324017131561607885e-02
2.235788590939041115e-02
2.234166283968612096e-02
2.122975860072279924e-02
2.184373939260826972e-02
2.334000559071940442e-02
2.521564203422319017e-02
2.333251802008665457e-02
2.253134796238244475e-02
2.320772517620749500e-02
2.303301519477667092e-02
2.202094523091667824e-02
2.222310963800091729e-02
2.388035860471617033e-02
2.480382564942195875e-02
2.433710041331389740e-02
2.293318091967334188e-02
1.801010322864045679e-02
1.840694447217618851e-02
1.802507836990595649e-02
1.971102969071341499e-02
1.885120699638600031e-02
1.942899786354651201e-02
1.808747479184553628e-02
1.854047281512688841e-02
1.978840125391849447e-02
1.910828025477706929e-02
1.952009663957830071e-02
1.894230577241778554e-02
1.912075953916498455e-02
2.162659984425853096e-02
2.092276820478006574e-02
2.030005191382305493e-02
2.189989617235389360e-02
2.125471716949863324e-02
2.092900784697402164e-02
2.031377912664976068e-02
1.980712018050036910e-02
1.931918016093285215e-02
1.935661801409659794e-02
2.124722959886588339e-02
2.270605794381326883e-02
2.314158496895154030e-02
2.134955973084679340e-02
2.285955314178463732e-02
2.296437913064313177e-02
2.373310304893876121e-02
2.358459956472256161e-02
2.312910568456362503e-02
2.212327536289759172e-02
2.257252960086256893e-02
2.347228600523131731e-02
2.485249485853483278e-02
1.996435916378811251e-02
1.901218976499011518e-02
2.017026735618872649e-02
2.144065850687858210e-02
1.989572309965457336e-02
2.060953816664337288e-02
2.166653355429986119e-02
2.144689814907253800e-02
2.490365992452528779e-02
2.178383882754627437e-02
2.219066349859233692e-02
2.373809476269392663e-02
2.157293892139049152e-02
2.149057564443024662e-02
2.646731425833117116e-02
2.371438412235688659e-02
2.099390012579118586e-02
2.309790747359383514e-02
2.445190982968272614e-02
1.787657488568975342e-02
2.047226603837629458e-02
1.927425473713635304e-02
2.007417686640177237e-02
2.117484974941596931e-02
1.835702733462452399e-02
1.979214503923486940e-02
2.066195116107261837e-02
2.012534193239222738e-02
2.074930615178803214e-02
2.065820737575624344e-02
2.114365153844617942e-02
1.831958948146077473e-02
1.920936245831918882e-02
1.902342112093923995e-02
1.971851726134616484e-02
1.832832498053231507e-02
1.824845756044965461e-02
1.659495237905077650e-02
1.855794381326997255e-02
1.772432761615717889e-02
1.948889842860851082e-02
2.091403270570852541e-02
1.890611584769283024e-02
1.766193119421759911e-02
1.758955134476768503e-02
2.114989118064013879e-02
2.027010163129205553e-02
1.674844757702214151e-02
1.862034023520955234e-02
1.663239023221452229e-02
1.788281452788371279e-02
2.078549607651298745e-02
1.953631970928259090e-02
1.799263223049737265e-02
1.850428289040193311e-02
1.861035680769921805e-02
1.742232893396961080e-02
1.678838128706347521e-02
1.829338298424615025e-02
1.725885030848791149e-02
1.741234550645927651e-02
1.589361659644989225e-02
1.664986123035760643e-02
1.316439710081265119e-02
1.640401932791565875e-02
1.247554060259968393e-02
1.330291715751851997e-02
1.587115388455164269e-02
1.714903260587424816e-02
1.509244653874568243e-02
1.365108919194137765e-02
1.266896951061238265e-02
1.743979993211269147e-02
1.711533853802687383e-02
1.668480322664377125e-02
1.481166264001757167e-02
1.805378072399816194e-02
1.862034023520955234e-02
1.749720464029710584e-02
1.677839785955314092e-02
1.648014296268194775e-02
1.636533354631311901e-02
1.858914202423976245e-02
1.911701575384860963e-02
1.625301998682187471e-02
1.548554399696503749e-02
1.534951979713675314e-02
1.655751452588702724e-02
1.743231236147994162e-02
1.867649701495517275e-02
1.768065012079947373e-02
1.825220134576602954e-02
2.155047620949224196e-02
2.128217159515204820e-02
2.020770520935247574e-02
1.969605454944791528e-02
2.196104466585468290e-02
2.139074136932691758e-02
2.024639099095501549e-02
2.179132639817902423e-02
2.334624523291336379e-02
2.244149711478945000e-02
2.235164626719645525e-02
2.215322564542858766e-02
2.085662799752411103e-02
2.069314937204240826e-02
2.031377912664976068e-02
2.178134297066868993e-02
2.016277978555597664e-02
1.952508835333346612e-02
1.861410059301559297e-02
1.847433260787093370e-02
1.945520436076113649e-02
1.902466904937803391e-02
1.978964918235728843e-02
2.271853722820118757e-02
2.103133797895493512e-02
2.059206716850028873e-02
1.933041151688197692e-02
2.147310464628716248e-02
1.914946189325719347e-02
2.230297705808358122e-02
1.991319409779765751e-02
2.013158157458618674e-02
2.061827366571491321e-02
1.458703552103508133e-02
1.643646546732424260e-02
1.628546612623045856e-02
1.631791226563903893e-02
1.699678533634167363e-02
1.917691631891060844e-02
1.657124173871373646e-02
1.775427789868817829e-02
1.812116885969291061e-02
1.858664616736217801e-02
1.644520096639578294e-02
1.931418844717768674e-02
1.620559870614779463e-02
1.710285925363895856e-02
1.998557394724756811e-02
1.939655172413793163e-02
1.856168759858634748e-02
2.023266377812830627e-02
1.917192460515544303e-02
1.754836970628756432e-02
1.960994748717129546e-02
1.982209532176586880e-02
1.956003034961963094e-02
1.686949663558492962e-02
1.634661461973124785e-02
2.015030050116806137e-02
1.816359842661182528e-02
2.010662300581035622e-02
1.700177705009683904e-02
1.728505680570253250e-02
1.628047441247528968e-02
1.760327855759439425e-02
1.560784098396661608e-02
1.872891000938442171e-02
1.512738853503184724e-02
1.882749635604896027e-02
1.811118543218257632e-02
1.559411377113990860e-02
1.657872930934648631e-02
1.698305812351496441e-02
1.529461094582992148e-02
1.638904418665015905e-02
1.874263722221113093e-02
1.779171575185192408e-02
1.840070482998222914e-02
1.604087215222730137e-02
1.891235548988678961e-02
1.687074456402372011e-02
1.894480162929536998e-02
1.696309126849429930e-02
1.830960605395044391e-02
1.589860831020506113e-02
1.845062196753389366e-02
1.468811772457720259e-02
1.624802827306670930e-02
1.668230736976618681e-02
1.660992752031627620e-02
1.770186490425892933e-02
1.612073957230996529e-02
1.576882375257073268e-02
1.537447836591258540e-02
1.795644230577241734e-02
1.701051254916837938e-02
1.690568656030988492e-02
1.873514965157838108e-02
1.690319070343230395e-02
1.620185492083141970e-02
1.626549927120979344e-02
1.777923646746400882e-02
1.806376415150849624e-02
1.850553081884072359e-02
1.900844597967374025e-02
1.811617714593774173e-02
1.980212846674520369e-02
1.813614400095841031e-02
1.789404588383283756e-02
1.877757921849729575e-02
1.969730247788670924e-02
1.911826368228740358e-02
1.794770680670087701e-02
1.923556895553381330e-02
1.773555897210630367e-02
1.880628157258950120e-02
1.823223449074536442e-02
1.784662460315875748e-02
1.905836311722540477e-02
2.048724117964179428e-02
1.943274164886288694e-02
1.989322724277698892e-02
2.252136453487211393e-02
1.796392987640516720e-02
1.888240520735579020e-02
1.828963919892977533e-02
1.824970548888844510e-02
1.935911387097418238e-02
1.917566839047181795e-02
2.112742846874188923e-02
2.055837310065291787e-02
1.957999720464029605e-02
2.136578280055108359e-02
2.056710859972445821e-02
2.213949843260188191e-02
1.919064353173731766e-02
1.925303995367689744e-02
2.031752291196613561e-02
1.777798853902521833e-02
1.848057225006489307e-02
2.035246490825230042e-02
1.989447517121578288e-02
2.021644070842401608e-02
2.028382884411876128e-02
2.006918515264660696e-02
1.777923646746400882e-02
1.819230078070403073e-02
1.871767865343529694e-02
2.153425313978795178e-02
1.861534852145438693e-02
1.954879899367050616e-02
1.929671744903460259e-02
1.992941716750194769e-02
1.380208853303516170e-02
1.445849889183954684e-02
1.591108759459297639e-02
1.486781941976319382e-02
1.727632130663099216e-02
1.663239023221452229e-02
1.916693289140027415e-02
1.738489108080586154e-02
1.868148872871034163e-02
1.637656490226224379e-02
1.871393486811892201e-02
1.988074795838907366e-02
1.904588383283748951e-02
2.097767705608689567e-02
2.049847253559091906e-02
1.527464409080925636e-02
1.892857855959107979e-02
1.866276980212846701e-02
1.583995567358185280e-02
1.736367629734640594e-02
1.806251622306970575e-02
1.835203562086935858e-02
1.893606613022382965e-02
1.660867959187748225e-02
1.803381386897749683e-02
1.648638260487590712e-02
1.892982648802987028e-02
1.942026236447497167e-02
1.772931932991234430e-02
1.780294710780104886e-02
1.750219635405227472e-02
1.676966236048160058e-02
1.306705868258690659e-02
1.649012639019228205e-02
1.678338957330830980e-02
1.606583072100313536e-02
1.640526725635445271e-02
1.781168260687259267e-02
1.723264381127328701e-02
1.676217478984885073e-02
1.608829343290138492e-02
1.806875586526366165e-02
1.710285925363895856e-02
1.813614400095841031e-02
1.635035840504761931e-02
1.700177705009683904e-02
1.677465407423676599e-02
1.582248467543877213e-02
1.716151189026216342e-02
1.702299183355629811e-02
1.675593514765489137e-02
1.808123514965157691e-02
1.592356687898089165e-02
1.764945190982968384e-02
1.629170576842441445e-02
1.296722440748357755e-02
1.371972525607491507e-02
1.402297186670127538e-02
1.581000539105085687e-02
1.433245811952159332e-02
1.348386678114330169e-02
1.575384861130523298e-02
1.606083900724796995e-02
2.003923487011560756e-02
1.659869616436715142e-02
1.861784437833196790e-02
1.817982149631611546e-02
1.571890661501906816e-02
1.606957450631951029e-02
1.678214164486951585e-02
1.827092027234790417e-02
1.751966735219535540e-02
1.529960265958508862e-02
1.595601301838947203e-02
1.487031527664077653e-02
1.600967394125751148e-02
1.913947846574685918e-02
1.581624503324481276e-02
1.637157318850707838e-02
1.577131960944831712e-02
1.564278298025277916e-02
1.678214164486951585e-02
1.709287582612862774e-02
1.684204220993151466e-02
1.728505680570253250e-02
1.728880059101890743e-02
1.839196933091068881e-02
1.905087554659265492e-02
2.000678873070702718e-02
2.268609108879260372e-02
2.330880737974961453e-02
2.186495417606772879e-02
2.310664297266537548e-02
2.393526745602300027e-02
2.415739871812790790e-02
2.412620050715811801e-02
2.296812291595950670e-02
2.410124193838228401e-02
2.278467743545714227e-02
2.102509833676097575e-02
2.030254777070063590e-02
1.921685002895193867e-02
2.136453487211229310e-02
2.004547451230956692e-02
2.156420342231895118e-02
2.067443044546053710e-02
2.159540163328874107e-02
2.027758920192480538e-02
2.036868797795659061e-02
2.047351396681508853e-02
1.971227761915220894e-02
1.727507337819220168e-02
1.958873270371183986e-02
1.980712018050036910e-02
2.107751133119022471e-02
2.269233073098656309e-02
1.959122856058942083e-02
2.076428129305353185e-02
2.131087394924425366e-02
2.121103967414092462e-02
1.297720783499391010e-02
1.555542798953736712e-02
1.591108759459297639e-02
1.511740510752151469e-02
1.689944691811592903e-02
1.713530539304754241e-02
1.560035341333386623e-02
1.962117884312042024e-02
1.959122856058942083e-02
2.146686500409320658e-02
1.878381886069125165e-02
1.927924645089151845e-02
1.710410718207775252e-02
1.763322884012539019e-02
1.740236207894894568e-02
1.878007507537487672e-02
1.591233552303176688e-02
1.964364155501866979e-02
1.785411217379150733e-02
1.847058882255455878e-02
1.579877403510173209e-02
1.686949663558492962e-02
1.730252780384561664e-02
1.730127987540682616e-02
1.689944691811592903e-02
1.349010642333725932e-02
1.582498053231635657e-02
1.389318730906694867e-02
1.803007008366112190e-02
1.801509494239562220e-02
1.869272008465946641e-02
1.725385859473274261e-02
1.866651358744484193e-02
1.574636104067248313e-02
1.661491923407144161e-02
1.700676876385200445e-02
1.816859014036699069e-02
1.723139588283449306e-02
1.697931433819858948e-02
1.737116386797915579e-02
1.799887187269133201e-02
1.606707864944192585e-02
1.637531697382345330e-02
1.640027554259928383e-02
1.396681508695565323e-02
1.683205878242118037e-02
1.606083900724796995e-02
1.825095341732723558e-02
1.543562685941337297e-02
1.506124832777589254e-02
1.424759898568376572e-02
1.748971706966435599e-02
1.542189964658666548e-02
