2.531039487823890966e+02
2.521859663057564376e+02
2.521849925121171054e+02
2.522585668019977447e+02
2.521597648632631490e+02
2.520565685577771831e+02
2.517970636187253604e+02
2.517153989725985355e+02
2.516910381476280918e+02
2.516343933585306445e+02
2.516321113370727574e+02
2.516751586718044962e+02
2.517230577612090769e+02
2.517284628077224795e+02
2.517870588727109009e+02
2.517990517807390631e+02
2.517078496128186771e+02
2.516542762082049478e+02
2.517127542376007341e+02
2.516896168023666007e+02
2.516631042869051669e+02
2.516213282938692828e+02
2.516525413309004762e+02
2.517553183641250598e+02
2.517963074532099483e+02
2.517602930725402359e+02
2.516743238158939846e+02
2.517040023902207508e+02
2.517257922524387936e+02
2.517916770152733079e+02
2.517141718942499438e+02
2.516449821348212481e+02
2.516727684510533436e+02
2.516943677349707400e+02
2.517487206663109305e+02
2.517196777628320774e+02
2.517365002938594500e+02
2.517850412017990607e+02
2.519167750708828351e+02
2.519483188534809415e+02
2.517422864969741170e+02
2.516572910339671978e+02
2.517081250292015113e+02
2.519109605884074199e+02
2.519120253678161134e+02
2.517428176571410177e+02
2.517101611431747017e+02
2.517652567151186247e+02
2.518815635781506330e+02
2.517746233312103357e+02
2.516768578925236852e+02
2.517038745183287176e+02
2.516821731828051725e+02
2.517121234849025200e+02
2.516409885972699385e+02
2.516267788332673376e+02
2.518064314643544890e+02
2.517271103165567183e+02
2.516263275930329542e+02
2.517166826096685952e+02
2.517483641004581330e+02
2.516145867401766054e+02
2.516546229377583472e+02
2.517419287015839018e+02
2.517584118802824094e+02
2.517367769397797019e+02
2.517479706484826352e+02
2.517614279355820770e+02
2.516690700024836644e+02
2.517400130822781819e+02
2.517655063112156029e+02
2.515700725672987232e+02
2.515028390019107007e+02
2.515058870251833980e+02
2.516179286228934870e+02
2.516607226729159947e+02
2.516507781742352847e+02
2.515880816019397059e+02
2.516683679366148851e+02
2.517315944395399470e+02
2.517246844392202831e+02
2.516758127857137595e+02
2.515359332311997491e+02
2.515122634062612974e+02
2.515018676673462039e+02
2.516067213892789312e+02
2.518401662826411496e+02
2.519059059600596981e+02
2.519597928967164080e+02
2.518009366616091711e+02
2.517450136109792709e+02
2.517802828919703870e+02
2.517935889459667465e+02
2.518679083355260104e+02
2.518707129103888462e+02
2.517579089994762285e+02
2.517073528796996129e+02
2.517004773064277856e+02
2.518400236563000192e+02
2.518188092175961685e+02
2.518395564320791209e+02
2.518401921029270341e+02
2.517574774318405844e+02
2.516541901405853139e+02
2.516402152182305940e+02
2.516415111506748872e+02
2.517132620365566140e+02
2.517407987566917598e+02
2.516861433591454329e+02
2.516536749644048996e+02
2.517025330929997438e+02
2.517742938151808403e+02
2.517258598769970774e+02
2.516860745050497030e+02
2.517587463144615754e+02
2.517808201998244328e+02
2.517666104358218320e+02
2.517561790403214559e+02
2.517651042524781246e+02
2.518259847979992969e+02
2.517326924164590878e+02
2.516950083239683522e+02
2.516023639086502897e+02
2.514471053000440293e+02
2.513959430183176380e+02
2.514080109281286184e+02
2.513408142488632961e+02
2.513975020717705604e+02
2.516239250769075682e+02
2.517575007930516335e+02
2.517239184374054730e+02
2.516856589214006021e+02
2.516780825117974132e+02
2.517548634352783665e+02
2.517676567721691754e+02
2.516795419727190222e+02
2.516447497522482024e+02
2.516849002968103264e+02
2.517102988513661330e+02
2.518001276259845440e+02
2.518215682995743236e+02
2.517866186983133332e+02
2.516697499366788122e+02
2.516955407136726990e+02
2.517105963994225988e+02
2.516685326946296186e+02
2.516086898786938377e+02
2.516281559151815941e+02
2.516432767664149424e+02
2.515891058066134462e+02
2.517452189437289860e+02
2.518699063338390829e+02
2.517673788967114774e+02
2.517356396176630540e+02
2.517543519477102336e+02
2.517806972460820703e+02
2.517902372269504667e+02
2.518698854317028974e+02
2.518922839149455228e+02
2.517867404225182497e+02
2.517884076752644091e+02
2.519459298622672065e+02
2.520063985127515309e+02
2.518775897131980912e+02
2.517293738949532269e+02
2.516499433183247731e+02
2.516997727814841426e+02
2.516702392925733420e+02
2.515372574430047905e+02
2.514841156060267053e+02
2.515495675716881863e+02
2.515806293756162972e+02
2.515701266669453560e+02
2.515015701192897097e+02
2.514830213177198459e+02
2.515598465045480623e+02
2.516820268678517891e+02
2.517433402105459948e+02
2.517695662437877502e+02
2.517773541338277710e+02
2.517382032031908921e+02
2.516793956577656388e+02
2.517704318381338453e+02
2.518388642025097397e+02
2.518390068288508417e+02
2.518446540942366596e+02
2.517710748862063213e+02
2.517656317240327724e+02
2.517018506997297607e+02
2.517115320774018414e+02
2.517123890649859845e+02
2.517764553419712570e+02
2.517367203810582339e+02
2.517663079696156672e+02
2.517770860946694711e+02
2.517394979060977676e+02
2.517408085929911579e+02
2.516860597506006343e+02
2.517994378554899981e+02
2.518088093897314081e+02
2.518240113904346913e+02
2.518713350563251083e+02
2.518896994272814709e+02
2.518859665516639268e+02
2.518892592528838748e+02
2.519099843356932240e+02
2.516883011973235398e+02
2.516030364656209031e+02
2.517068217195326838e+02
2.518513513845821024e+02
2.518824402383335439e+02
2.517860272908126547e+02
2.517801488723912371e+02
2.515808765126384117e+02
2.515463892174486205e+02
2.514917153768409150e+02
2.515405661282112533e+02
2.515572816894827781e+02
2.516011282235397459e+02
2.514969765674757980e+02
2.516020823445803103e+02
2.517375085145466471e+02
2.517825796678773429e+02
2.517171928676993105e+02
2.517805275699176377e+02
2.518609208743486647e+02
2.517804857656452384e+02
2.518238933548420277e+02
2.519502148001878652e+02
2.519431326646289051e+02
2.518132566265919365e+02
2.516033352432147865e+02
2.517333231691573019e+02
2.518278549244203361e+02
2.517682973611667876e+02
2.516988014469196457e+02
2.518428405265371168e+02
2.518579109667360854e+02
2.518622745950518436e+02
2.518963512247422329e+02
2.517086242213954392e+02
2.515906746963657383e+02
2.516051045475671231e+02
2.516572799681303820e+02
2.516825371258825044e+02
2.516463333964495916e+02
2.515986384102572799e+02
2.516037987788234318e+02
2.517544810491396845e+02
2.518242068868850083e+02
2.519165906402693054e+02
2.518041826404070207e+02
2.517317149342074458e+02
2.517647390798633751e+02
2.518634057694814032e+02
2.517350691122985609e+02
2.514877452005006546e+02
2.513837423184649538e+02
2.514527365814433324e+02
2.515458814184927405e+02
2.515852057139063049e+02
2.516321801911684872e+02
2.516856183466656205e+02
2.517283226404562129e+02
2.517969517308198419e+02
2.518020678360387308e+02
2.518514804860115532e+02
2.519522595209230360e+02
2.518470996441718626e+02
2.517591668162603753e+02
2.517642829214792926e+02
2.518345546738406142e+02
2.518540047263418558e+02
2.517889953941528063e+02
2.517751262120165165e+02
2.517565589673853026e+02
2.518287205187664313e+02
2.518778565228189734e+02
2.519169705673331521e+02
2.519081523249323027e+02
2.519170234374423671e+02
2.518456241992637672e+02
2.519490713303840721e+02
2.519708464381530462e+02
2.515713709588178801e+02
2.515422075606715282e+02
2.516173790196652078e+02
2.517186486400086665e+02
2.517870060026017143e+02
2.518260696360815132e+02
2.518148255163442286e+02
2.517163666185507793e+02
2.516385762448451544e+02
2.517043442016244512e+02
2.516625448473775180e+02
2.516298797266492500e+02
2.517062708867669869e+02
2.517124861984424342e+02
2.517190691418074664e+02
2.517921848142291879e+02
2.517229274302422084e+02
2.516744418514866197e+02
2.516139768896145767e+02
2.514812925881024910e+02
2.514501459460921637e+02
2.513874174058235837e+02
2.514052690596743673e+02
2.513843275782784872e+02
2.513959639204538519e+02
2.514361894667987940e+02
2.515552959865439391e+02
2.515715000602473310e+02
2.515819572760336200e+02
2.516343417179588755e+02
2.517579704763473956e+02
2.517762032867994435e+02
2.518338095741620180e+02
2.518480758968860869e+02
2.519680701426509302e+02
2.519783355505991551e+02
2.518851046459301131e+02
2.518010706811883210e+02
2.517707724200001564e+02
2.517334276798382859e+02
2.517935520598440462e+02
2.517958906400234014e+02
2.517546236754808149e+02
2.517902396860253305e+02
2.516742647980976528e+02
2.516298563654382008e+02
2.516707249598555904e+02
2.516756332732499288e+02
2.516503822631849516e+02
2.516233853099786870e+02
2.516313969758297446e+02
2.517392384737014197e+02
2.517854543263733262e+02
2.517591397664370731e+02
2.517351072279587072e+02
2.518172612299800619e+02
2.517964205706529128e+02
2.518316320633851149e+02
2.518018747986632491e+02
2.517883916912778943e+02
2.518252261734090496e+02
2.518473406335068603e+02
2.519131811329941399e+02
2.519177587008215653e+02
2.519382477124456159e+02
2.518579822799066505e+02
2.517306894999963163e+02
2.517127775988117833e+02
2.518103610659597678e+02
2.518886862884445748e+02
2.517778066035996005e+02
2.516822887593229723e+02
2.517538404601420723e+02
2.517637013502780121e+02
2.517369232547331137e+02
2.517311173790196790e+02
2.517369847316042808e+02
2.516516228664451944e+02
2.516773570847175847e+02
2.516825592575561359e+02
2.516810788944983130e+02
2.516674150451117384e+02
2.516103854108007454e+02
2.517015617584352469e+02
2.517039507496489534e+02
2.517154358587212357e+02
2.516377401593972252e+02
2.515782034982798905e+02
2.516417238606491367e+02
2.516986157867686984e+02
2.516877405282584448e+02
2.515938825595034700e+02
2.516197557155047093e+02
2.516631989612867812e+02
2.516628448545088474e+02
2.516683101483559994e+02
2.516291887266172580e+02
2.517040601784796650e+02
2.517395052833223019e+02
2.516445185992126028e+02
2.515491741197126885e+02
2.516753381842683268e+02
2.517149465028267059e+02
2.516346982838116730e+02
2.516682794099203875e+02
2.516236914647971048e+02
2.515696065726152426e+02
2.515884996446636706e+02
2.516056898073806565e+02
2.515863528723223794e+02
2.516825580280186898e+02
2.517818948155324961e+02
2.518443393326562614e+02
2.518261126698913301e+02
2.518390990441576207e+02
2.517959127716970329e+02
2.518103413933610000e+02
2.518061720319581411e+02
2.517799337033421239e+02
2.517374433490632271e+02
2.517103468033256490e+02
2.517319387100185111e+02
2.517208925458064073e+02
2.517827579508037559e+02
2.518492931389352805e+02
2.518981930718025239e+02
2.519160225939797044e+02
2.518782376794202378e+02
2.519175779588203454e+02
2.518633738015084020e+02
2.517578401453804986e+02
2.517447750807191369e+02
2.517841067533572641e+02
2.517549372075237955e+02
2.517003555822228691e+02
2.517186609353828999e+02
2.517255488040289606e+02
2.516705995470384210e+02
2.515368713682538271e+02
2.514826831949283985e+02
2.515420034574592307e+02
2.514862476239189277e+02
2.512858342534371729e+02
2.512525887910450422e+02
2.513854071121362779e+02
2.515522504223461056e+02
2.515833749326828297e+02
2.516569492225634974e+02
2.516392389655163981e+02
2.516741147945319881e+02
2.517125341504019218e+02
2.516806510154749503e+02
2.516526974821532576e+02
2.516726159884128435e+02
2.517380900857479276e+02
2.518577794062317992e+02
2.518969979614269619e+02
2.518926195786621065e+02
2.519221100337630901e+02
2.518814689037690187e+02
2.518309152430672668e+02
2.518551162281726477e+02
2.518419749321910217e+02
2.517506584172902535e+02
2.516878413503271759e+02
2.516579402297267620e+02
2.516171171281940246e+02
2.515675261952948176e+02
2.516788571203741753e+02
2.517210966490187047e+02
2.517043073155017510e+02
2.517093644029243364e+02
2.517593549354861580e+02
2.518371551454911526e+02
2.517880707820103794e+02
2.516905598575703777e+02
2.516789739264293928e+02
2.517567606115227363e+02
2.518643906289575796e+02
2.515425469130003933e+02
2.515375045800269049e+02
2.516066402398089679e+02
2.516813420155069139e+02
2.517065647462111713e+02
2.516586902475550573e+02
2.516574201353966487e+02
2.516267505539066178e+02
2.516747455472302306e+02
2.516621304932658347e+02
2.516565422456763201e+02
2.516766623960733398e+02
2.516015081506035926e+02
2.516576254681463638e+02
2.518010092043171539e+02
2.517743196354667532e+02
2.517505022660374721e+02
2.517352264930887600e+02
2.517222118394617496e+02
2.516403713694833755e+02
2.515482876232303795e+02
2.514846467661936344e+02
2.515707660264055505e+02
2.516737496219172385e+02
2.516049373304775258e+02
2.514860718000673785e+02
2.515497593795262219e+02
2.515952461165060470e+02
2.516426656863154960e+02
2.516095259641417670e+02
2.516694585363094632e+02
2.517014842975775650e+02
2.516110936243566414e+02
2.516108563236339251e+02
2.516792591791116251e+02
2.517339022812837470e+02
2.516655879525005162e+02
2.516493900264842409e+02
2.517072754188419310e+02
2.517493981414312429e+02
2.518041039500119211e+02
2.517479964687685197e+02
2.517065585985240546e+02
2.517296923451459065e+02
2.518114172386064809e+02
2.518835738718379389e+02
2.518974959240834437e+02
2.518239105683659602e+02
2.518434011956021834e+02
2.518826332757090256e+02
2.518442864625470747e+02
2.517020043919076784e+02
2.517614045743710278e+02
2.518135000750017696e+02
2.518528280590276438e+02
2.518381043483820463e+02
2.517965619674565971e+02
2.514722321268292546e+02
2.514772461804419947e+02
2.515068399166865447e+02
2.515850114469934056e+02
2.517091418566506889e+02
2.517401446427824965e+02
2.518523423917453670e+02
2.518754515476187521e+02
2.517960283482148327e+02
2.517036433652931180e+02
2.516965071300875252e+02
2.516219750305540117e+02
2.515552701662580546e+02
2.516224803704350279e+02
2.517192670973326472e+02
2.517472206306543399e+02
2.516557860801609081e+02
2.516982702867527166e+02
2.517783672726646671e+02
2.516672379917227431e+02
2.517420946891360529e+02
2.517135780276744299e+02
2.516381114796991199e+02
2.516388971541126693e+02
2.516989588277098449e+02
2.517946733979742078e+02
2.517817386642797146e+02
2.517607430832372302e+02
2.516436726774652755e+02
2.517136505703824128e+02
2.518497603631561788e+02
2.518020493929773806e+02
2.516042967414799136e+02
2.516774161025139165e+02
2.517921983391408389e+02
2.518346665617461326e+02
2.518272352375589378e+02
2.519053612749811180e+02
2.519317754274486845e+02
2.518680595686290928e+02
2.518523005874729677e+02
2.518052080746181787e+02
2.517887396503687398e+02
2.517573544780982502e+02
2.517298804643716892e+02
2.518428442151493698e+02
2.518137533597110007e+02
2.518052486493531319e+02
2.516951472616972012e+02
2.517157088160292346e+02
2.518087171744246291e+02
2.518602692195142367e+02
2.518062900675507763e+02
2.517861637694666399e+02
2.517820915415202592e+02
2.518386478039232088e+02
2.518189063510526182e+02
2.518894854877698037e+02
2.518114737973279773e+02
2.515480404862082651e+02
2.515284441187536402e+02
2.515980506913688828e+02
2.516512945799531167e+02
2.516204036817268559e+02
2.515369131725262264e+02
2.515355250247751826e+02
2.515591973087884980e+02
2.516365880828314801e+02
2.516467317665747885e+02
2.517032265521065710e+02
2.517558237040060760e+02
2.518192604578305520e+02
2.518156874220780708e+02
2.517617599106864077e+02
2.517288427347863262e+02
2.517023265307126110e+02
2.517200121970112434e+02
2.517687154038907522e+02
2.518455270658072891e+02
2.517846317658370481e+02
2.517239872915012029e+02
2.516485416456620783e+02
2.517020117691322127e+02
2.516529999483594224e+02
2.516844011046164269e+02
2.516812780795609115e+02
2.516903569838955264e+02
2.516504461991309540e+02
2.516457985476704096e+02
2.517437545646576780e+02
2.517559675598846241e+02
2.517427131464600336e+02
2.517055786571975773e+02
2.517077069864775467e+02
2.517218048625746007e+02
2.517135620436879151e+02
2.517097504776752999e+02
2.517973464123327574e+02
2.517768475644093087e+02
2.517558790331901264e+02
2.517967377913081464e+02
2.517958992467853818e+02
2.517864957445709706e+02
2.518066503220158552e+02
2.516988100536815978e+02
2.517081606857867939e+02
2.517126816948927512e+02
2.516969534521722096e+02
2.517805570788158036e+02
2.517645976830596908e+02
2.516601693810754625e+02
2.516634854435064312e+02
2.516991678490718130e+02
2.516502445549935203e+02
2.516554479573694891e+02
2.517056819383411437e+02
2.516683851501388176e+02
2.516118190514364699e+02
2.516706610239095880e+02
2.516481076189515989e+02
2.516416009069068025e+02
2.516476502310300702e+02
2.516921557971460004e+02
2.517190076649362993e+02
2.517322497829866563e+02
2.518325677413643575e+02
2.518319369886661150e+02
2.517942430598760097e+02
2.517880535684864753e+02
2.517239282737048711e+02
2.516954829254138133e+02
2.516916652117140529e+02
2.516832453394384004e+02
2.516291961038418208e+02
2.516837223999586968e+02
2.517203687628640409e+02
2.517314653381104961e+02
2.517580590030418648e+02
2.517992128501415152e+02
2.518298098889235916e+02
2.517318784626847616e+02
2.516286501892258229e+02
2.515123384080441156e+02
2.515549615523647731e+02
2.516587812333243903e+02
2.516354064973675690e+02
2.516087034036054888e+02
2.516265341553200869e+02
2.517148924031800732e+02
2.517511514617970363e+02
2.517487550933587670e+02
2.516734606806227248e+02
2.516375901558315604e+02
2.516206975411710687e+02
2.515250604317643592e+02
2.515494274044219196e+02
2.516392918356256132e+02
2.516650985966059864e+02
2.516803534674184846e+02
2.517377728650926940e+02
2.517739089699673229e+02
2.517341494183058330e+02
2.517735450268899910e+02
2.518023481705712641e+02
2.517865486146801857e+02
2.517280459945359326e+02
2.516721057303821283e+02
2.517132460525700992e+02
2.517269775265149860e+02
2.516330961965489337e+02
2.516335609616949966e+02
2.516276493457631318e+02
2.515513835984625928e+02
2.514719050698746230e+02
2.514193816902205185e+02
2.514565641314424624e+02
2.515647732610037508e+02
2.516316551786886748e+02
2.515982560241185979e+02
2.516215803490410963e+02
2.516116149482241724e+02
2.516832748483365663e+02
2.516938574769400248e+02
2.516044713357940452e+02
2.515640773428220882e+02
2.515505180041164977e+02
2.516176359929867203e+02
2.515698069872152587e+02
2.515573173460680607e+02
2.516444472860420376e+02
2.517126275952461185e+02
2.516948546317904345e+02
2.517347580393304440e+02
2.517725281994408135e+02
2.517951332449705717e+02
2.517721728631254337e+02
2.519006558352616594e+02
2.518865911566750242e+02
2.517947078250220727e+02
2.517137686059750479e+02
2.517586700831413111e+02
2.517221159355427176e+02
2.517533597110095229e+02
2.517404286659273112e+02
2.517146833818181051e+02
2.517129177660780499e+02
2.517826583582724425e+02
2.517777156178302675e+02
2.517343399966064794e+02
2.517180879709435715e+02
2.517410114666660093e+02
2.518213740326614243e+02
2.518294496344585127e+02
2.517670001991850768e+02
2.516958468684911452e+02
2.517011990448953327e+02
2.517148764191935584e+02
2.517395765964928671e+02
2.517605242255758640e+02
2.517146083800352585e+02
2.517254184730620636e+02
2.516751881807026621e+02
2.517218774052825836e+02
2.516500884037407388e+02
2.516562914200419527e+02
2.515814556247648568e+02
2.516873544535075098e+02
2.517946106915656230e+02
2.518396584836852696e+02
2.518306877786439202e+02
2.517971226365216921e+02
2.518170276178695985e+02
2.517703199502283269e+02
2.517881482428680613e+02
2.516423951880823324e+02
2.515980285596952797e+02
2.516445763874715169e+02
2.516577090766911624e+02
2.516222541355491273e+02
2.517407225253714955e+02
2.517731011638801135e+02
2.518620249989548938e+02
2.518752548216310174e+02
2.518201321998637638e+02
2.518319480545029307e+02
2.518600983138123866e+02
2.518476885925977058e+02
2.518190428297066035e+02
2.517273279446806384e+02
2.517536855384267369e+02
2.517740638916826583e+02
2.516764459974868373e+02
2.516506269411322023e+02
2.516074480458961773e+02
2.515966441005564889e+02
2.516960817101389978e+02
2.517536425046169200e+02
2.518378092594004158e+02
2.518688759814782543e+02
2.518618553227904613e+02
2.517445463867583726e+02
2.516455329675869450e+02
2.516206065554017357e+02
2.515271039229621124e+02
2.515067108152570938e+02
2.516063094942420832e+02
2.517478685968764864e+02
2.518039969802561018e+02
2.517569782396466849e+02
2.517557241114747910e+02
2.517788357264230115e+02
2.517580516258173304e+02
2.517577995706455454e+02
2.517167637591385301e+02
2.516871528093700476e+02
2.516304256412652478e+02
2.516021843961864590e+02
2.516455575583354118e+02
2.516539934145975508e+02
2.516854376046643722e+02
2.517018912744647139e+02
2.517053720949104445e+02
2.517748225162729341e+02
2.517611057967771444e+02
2.517284738735592953e+02
2.517232188306115575e+02
2.517800566570844580e+02
2.517593721490100904e+02
2.517340842528224130e+02
2.516400971826379589e+02
2.517381798419798429e+02
2.518028067880302103e+02
2.517986657059880997e+02
2.518409507275172814e+02
2.518268799012435579e+02
2.518010055157048726e+02
2.517910856077726578e+02
2.518125951354581389e+02
2.517996358110151789e+02
2.517718765446063856e+02
2.516094165353110839e+02
2.515185475720324462e+02
2.515267067823743332e+02
2.516677740700393713e+02
2.516560946940541896e+02
2.515739050354475523e+02
2.517066545024430866e+02
2.518575322692096847e+02
2.518785315388644506e+02
2.517896286059258841e+02
2.518390105174631231e+02
2.517477394954470356e+02
2.517149514209764050e+02
2.518785069481159837e+02
2.519704222477419648e+02
2.519306713028424554e+02
2.518037682862953375e+02
2.517593364924248078e+02
2.518195580058870178e+02
2.517554314815679959e+02
2.517564372431803577e+02
2.516538544768687018e+02
2.517316005872270637e+02
2.516736783087466733e+02
2.516366274280290156e+02
2.517008351018180008e+02
2.518732580528553626e+02
2.518362772557708240e+02
2.517683035088539043e+02
2.517533978266696408e+02
2.517716835072309038e+02
2.518071138576244721e+02
2.517586135244198431e+02
2.516479686812227499e+02
2.516047479817143255e+02
2.516446034372948191e+02
2.516405877680699064e+02
2.516791349958318733e+02
2.517559466577484102e+02
2.517518522981283979e+02
2.517398802922364496e+02
2.517316755890099103e+02
2.518051945497064992e+02
2.518004940281367396e+02
2.517189142200921310e+02
2.516905524803458434e+02
2.517443717924442410e+02
2.517285156778316946e+02
2.517341248275573662e+02
2.517680440764575565e+02
2.518059335016979787e+02
2.518801545282633754e+02
2.518542555519762232e+02
2.518371342433549671e+02
2.519033362268447434e+02
2.518835591173888702e+02
2.518061277686109065e+02
2.517339932670530800e+02
2.516909840479814591e+02
2.517113033834410771e+02
2.517507998140939378e+02
2.517211359942162687e+02
2.516706499580727723e+02
2.517077057569401290e+02
2.517522309956548270e+02
2.517049528226490622e+02
2.516739057731700200e+02
2.516343257339723607e+02
2.516770484708243032e+02
2.516699503512788283e+02
2.516204922084213536e+02
2.515032508969475487e+02
2.515777977509301309e+02
