2.524967928496319587e+02
2.523474725852486245e+02
2.526481097591507705e+02
2.517006046267087243e+02
2.518410345000250459e+02
2.519255195032797587e+02
2.519090956887486925e+02
2.519244917630564373e+02
2.518015309699063664e+02
2.518406063792499197e+02
2.518669220369535822e+02
2.518495756346702592e+02
2.518668068699614366e+02
2.518536490411096054e+02
2.518632567222472574e+02
2.518662585749336529e+02
2.518406201492163632e+02
2.518191014470982907e+02
2.518409781683440940e+02
2.518539970457162838e+02
2.518683979269941347e+02
2.518627597516398851e+02
2.518806644634720442e+02
2.518619485754343827e+02
2.518497546442341388e+02
2.518922212207701250e+02
2.518944444444444457e+02
2.518770279405137558e+02
2.518635221070552177e+02
2.518288943968754836e+02
2.518545591107105395e+02
2.518623967252516138e+02
2.518796141905763477e+02
2.518716351209253332e+02
2.518598918431725906e+02
2.518686445345751395e+02
2.518643508086725831e+02
2.519017174903610226e+02
2.518657503379900788e+02
2.518837026187972583e+02
2.518554516548996105e+02
2.518660557808822773e+02
2.518591833158079112e+02
2.518881590806669806e+02
2.518925016273596782e+02
2.518285201041510106e+02
2.518510640428621628e+02
2.518802738971508575e+02
2.518760465174503054e+02
2.518795228080716981e+02
2.519028478794251669e+02
2.518940113164087791e+02
2.518672187171398491e+02
2.518786014721345907e+02
2.519077775274147655e+02
2.518752027940513756e+02
2.518714798958489780e+02
2.518751364478493713e+02
2.519135834459966929e+02
2.518674653247208539e+02
2.519249136247559022e+02
2.519148490310950876e+02
2.518925930098642993e+02
2.518627547443793446e+02
2.518729194832507119e+02
2.519027890441139732e+02
2.518733050423113582e+02
2.518884207100295498e+02
2.518802125582093936e+02
2.518580091132141661e+02
2.518597704171048122e+02
2.518864778929447823e+02
2.518268827299584416e+02
2.518479269941415168e+02
2.518874693305292567e+02
2.519266912022432621e+02
2.518683478543888725e+02
2.518876696209503905e+02
2.518906789845275682e+02
2.518728243453006996e+02
2.518310700515747840e+02
2.518478193380401535e+02
2.518558635020780230e+02
2.518453369886335054e+02
2.519036903510089758e+02
2.519120161734514909e+02
2.518909118221421011e+02
2.518798795753843081e+02
2.518907027690150642e+02
2.518416466376245637e+02
2.518438948976015297e+02
2.518507723699364078e+02
2.518583045415853121e+02
2.518429522808071681e+02
2.518831004957187929e+02
2.518751502178158432e+02
2.518850182765009151e+02
2.518553127034199690e+02
2.518787592008412162e+02
2.518903835561564222e+02
2.518974763406939985e+02
2.518799621951830261e+02
2.518645122928245996e+02
2.518929247408742640e+02
2.518948537879925880e+02
2.518747271043012290e+02
2.518765535025787301e+02
2.518759689049121278e+02
2.518950653447498951e+02
2.519004919633468660e+02
2.518958402183165504e+02
2.518358957989084104e+02
2.518606291622853064e+02
2.518776012718441848e+02
2.518814155525512035e+02
2.518934755395323180e+02
2.519177807821340878e+02
2.518545190526263013e+02
2.518526112863652315e+02
2.519105690751589748e+02
2.519278603975764952e+02
2.518925103900655813e+02
2.518253279755645622e+02
2.518363151569776051e+02
2.518771944319262843e+02
2.518809323519102747e+02
2.518727892944770019e+02
2.518695007761253919e+02
2.518632517149867169e+02
2.518621576285614196e+02
2.518633305793400439e+02
2.518888713634770511e+02
2.519478543888638455e+02
2.518825083871613799e+02
2.518575885033298221e+02
2.518875143958740068e+02
2.518700415602623934e+02
2.518516536477893055e+02
2.518425229082169210e+02
2.518678546392268913e+02
2.518489509789194472e+02
2.518429622953282205e+02
2.518441352461068448e+02
2.518508261979870895e+02
2.518501514696309584e+02
2.518729708076711233e+02
2.518775148966000756e+02
2.518941803114516063e+02
2.518544376846427326e+02
2.518559849281458014e+02
2.518438485804416302e+02
2.518867119823744360e+02
2.518887223974763288e+02
2.518668581943818481e+02
2.518594562115066822e+02
2.518610234840518842e+02
2.518885183516098323e+02
2.518586700716038251e+02
2.518528741675429501e+02
2.518648002103049350e+02
2.518726090330980014e+02
2.518577199439186813e+02
2.518912535676731181e+02
2.518877922988333182e+02
2.518765034299734680e+02
2.518791685443893584e+02
2.518992664363326810e+02
2.518524498022132150e+02
2.518703344850032408e+02
2.519039056632116456e+02
2.518843272745480988e+02
2.518663311802113185e+02
2.518795966651644846e+02
2.518973849581893774e+02
2.519052175654699397e+02
2.518901945320714901e+02
2.518750563316809234e+02
2.518967540433628756e+02
2.518941415051825174e+02
2.519054441440088112e+02
2.519233451003955793e+02
2.518990999449201240e+02
2.518687233989284380e+02
2.518735165990686369e+02
2.518917417755745873e+02
2.518882391968354000e+02
2.518517350157728742e+02
2.518749662009914516e+02
2.518769202844123924e+02
2.518758149316508934e+02
2.518859959441189744e+02
2.518632467077262049e+02
2.518618559411146123e+02
2.518840431125131545e+02
2.518771931801111634e+02
2.518879087176405847e+02
2.519121388513344471e+02
2.519042949777176830e+02
2.518649954934655284e+02
2.518544727354664303e+02
2.518817422763006277e+02
2.518476979119723467e+02
2.518639602423513963e+02
2.518880063592208671e+02
2.518616518952481158e+02
2.518594599669520733e+02
2.518812315357268119e+02
2.518990611386510352e+02
2.518460117169896364e+02
2.518296918031145140e+02
2.518601684943167527e+02
2.518704821991888139e+02
2.518879650493215081e+02
2.518902796555004784e+02
2.518854013319312912e+02
2.519028253467527918e+02
2.518878561414050239e+02
2.518556206499424093e+02
2.518189149266436289e+02
2.518328113264233252e+02
2.518508011616844442e+02
2.518719906364228223e+02
2.518829678033148127e+02
2.518543675829953372e+02
2.518342959791698092e+02
2.518726803865605177e+02
2.519124768414200730e+02
2.519143821040508726e+02
2.518477204446447217e+02
2.518461056031245278e+02
2.518788230434129503e+02
2.518924127484852988e+02
2.518689186820890313e+02
2.519038443242701817e+02
2.518947311101096602e+02
2.518886034750387921e+02
2.518887511892243651e+02
2.519091219768664587e+02
2.518945896549997485e+02
2.518895185519002666e+02
2.519182164137999962e+02
2.518497458815282073e+02
2.518720269390616409e+02
2.518906564518551932e+02
2.519055317710680413e+02
2.518606128886885926e+02
2.518605665715287216e+02
2.519082507135346134e+02
2.518905037304090797e+02
2.518442353913173974e+02
2.518269127735215989e+02
2.518705185018276609e+02
2.518509776676180536e+02
2.518831731009964585e+02
2.518860760602874223e+02
2.518801912773521678e+02
2.518509013068949969e+02
2.518853362375444362e+02
2.518616118371638777e+02
2.518543913674828616e+02
2.518681262831105130e+02
2.518859020579840831e+02
2.518721683941715526e+02
2.518549571879224800e+02
2.518857255520504737e+02
2.519049296479895759e+02
2.518586437834860590e+02
2.518467365179510296e+02
2.518665164488508310e+02
2.518861173701867813e+02
2.518272557708677652e+02
2.518440801662410422e+02
2.519071315908066708e+02
2.518855365279655416e+02
2.518796980621901866e+02
2.519050598367633143e+02
2.519108494817485280e+02
2.518672500125181557e+02
2.518572192178659179e+02
2.518924628210905894e+02
2.518764283210655321e+02
2.518655863502077921e+02
2.518810900806169002e+02
2.518664300736067219e+02
2.518801950327975590e+02
2.518928270992939815e+02
2.518928634019328001e+02
2.518759926893996237e+02
2.518688310550298013e+02
2.518944281708477320e+02
2.518810249862300452e+02
2.518749849782184072e+02
2.518973824545591071e+02
2.518833571178208501e+02
2.518557921486154783e+02
2.518931963847578857e+02
2.519021844174052376e+02
2.518500525762355551e+02
2.518436332682389605e+02
2.518730221320915348e+02
2.519156364228130656e+02
2.518983438485804527e+02
2.518702143107505833e+02
2.518799659506284172e+02
2.518746632617294949e+02
2.518895185519002666e+02
2.518818699614440959e+02
2.518756747283561026e+02
2.518896136898502789e+02
2.518848743177607616e+02
2.518946234540083253e+02
2.518807433278253427e+02
2.518897075759851703e+02
2.519171148164838883e+02
2.518963484552601244e+02
2.518923839567372625e+02
2.518801762555705750e+02
2.518745894046367368e+02
2.518929647989585021e+02
2.518757535927094295e+02
2.518929823243703368e+02
2.518884044364328361e+02
2.518813379400130259e+02
2.518964423413950158e+02
2.518668995042812071e+02
2.518621088077712784e+02
2.518726553502578724e+02
2.518657816333683854e+02
2.518775299183816401e+02
2.518984001802613761e+02
2.519105340243352771e+02
2.518863452005407737e+02
2.518924102448550286e+02
2.519018013619748615e+02
2.518723261228781780e+02
2.518614516048270104e+02
2.518688022632817649e+02
2.518649992489109195e+02
2.518917229983476034e+02
2.518972197185919697e+02
2.518689211857193015e+02
2.518576936558009152e+02
2.518562615792899635e+02
2.519018451755044907e+02
2.518532960292424150e+02
2.518656764808972923e+02
2.518785125932602398e+02
2.518875970156727249e+02
2.519068912423013273e+02
2.518722585248610528e+02
2.518743240198287481e+02
2.518815895548545427e+02
2.518787329127234500e+02
2.518988333082970428e+02
2.518675516999649631e+02
2.518761929798207291e+02
2.518981448099744682e+02
2.518951442091031936e+02
2.518700540784136876e+02
2.519053590205798514e+02
2.518967340143207707e+02
2.518689599919883904e+02
2.518288042661859834e+02
2.518665652696409722e+02
2.518551199238896459e+02
2.518578951980371414e+02
2.518503755445395882e+02
2.518793037404236088e+02
2.518760515247108174e+02
2.518673376395773857e+02
2.518845939111712084e+02
2.518884081918782272e+02
2.518996557508387184e+02
2.518703219668519466e+02
2.518842759501276873e+02
2.518525274147513926e+02
2.518521794101447142e+02
2.518822117069751130e+02
2.518748685594111407e+02
2.518535564067898349e+02
2.518522420009012990e+02
2.518892318862350521e+02
2.519016411296379658e+02
2.518938435731811012e+02
2.518429998497821884e+02
2.518546029242401403e+02
2.518890704020830071e+02
2.518692078513845161e+02
2.518980183766461494e+02
2.519040095638676178e+02
2.518830929848280107e+02
2.518879199839767580e+02
2.518925629663011421e+02
2.518930887286565508e+02
2.518999298983526103e+02
2.518889665014270633e+02
2.518852198187371698e+02
2.518847078263482047e+02
2.518870725051324371e+02
2.518732950277903058e+02
2.518770554804466428e+02
2.518777139352060601e+02
2.518697373691853159e+02
2.518328951980371642e+02
2.518589529818236485e+02
2.518908855340243349e+02
2.518464648740674079e+02
2.518400831205247528e+02
2.518717991087076200e+02
2.518836137399228789e+02
2.518603838065194509e+02
2.518594274197586458e+02
2.518628561414050466e+02
2.518405475439386976e+02
2.518880076110359880e+02
2.518692679385108306e+02
2.518448024635721936e+02
2.518680048570427061e+02
2.518927369686044813e+02
2.518706925041310001e+02
2.519279304992238622e+02
2.518842759501276873e+02
2.518912460567823359e+02
2.518616205998698092e+02
2.518763219167793181e+02
2.518941114616193602e+02
2.518890941865705315e+02
2.518780156226528391e+02
2.518708915427369561e+02
2.518745981673426400e+02
2.518850383055430484e+02
2.519125757348154764e+02
2.519027489860297351e+02
2.519045090381052603e+02
2.518722247258524760e+02
2.518758449752140507e+02
2.519050285413850077e+02
2.518935030794652334e+02
2.518784036853437556e+02
2.518690451154173502e+02
2.518665514996745287e+02
2.518760177257022690e+02
2.518644734865555108e+02
2.518456849932402122e+02
2.518719418156326810e+02
2.518578739171799157e+02
2.518937221471133228e+02
2.518941540233338401e+02
2.519031107606028854e+02
2.518691314906614593e+02
2.518653747934505134e+02
2.518828551399529374e+02
2.519013244204095940e+02
2.519009438686094882e+02
2.518712445546041749e+02
2.518575158980521849e+02
2.518431337940012895e+02
2.518773609233388413e+02
2.518869510790646302e+02
2.518757172900706109e+02
2.518562853637774879e+02
2.518668807270542231e+02
2.518708577437284077e+02
2.518620149216363586e+02
2.519089066646637605e+02
2.518865842972309963e+02
2.518552438535876945e+02
2.518581568273997391e+02
2.518881277852886740e+02
2.518611887236492919e+02
2.518864803965750241e+02
2.518665790396074442e+02
2.518899692053477679e+02
2.518837764758900448e+02
2.518656188974012196e+02
2.518647163386910961e+02
2.518710254869560856e+02
2.518207313104000775e+02
2.518672475088878855e+02
2.518621926793851173e+02
2.519111261328926901e+02
2.518795152971809159e+02
2.518717565469931401e+02
2.518817660607881521e+02
2.518819037604526443e+02
2.518893958740173389e+02
2.518800423113514455e+02
2.518532096539983058e+02
2.518645173000851116e+02
2.518926368233939286e+02
2.518879475239096735e+02
2.518708314556106416e+02
2.518556506935055950e+02
2.518244654749386484e+02
2.518846665164488456e+02
2.518729820740072967e+02
2.518558810274898576e+02
2.518382855139952881e+02
2.518632366932051525e+02
2.518522407490861781e+02
2.518650706023734358e+02
2.518609871814130372e+02
2.518800535776876472e+02
2.518527827850383005e+02
2.518810975915076824e+02
2.518939161784587668e+02
2.518832331881227731e+02
2.518580516749286460e+02
2.518925654699314123e+02
2.519019615943117572e+02
2.518727867908467317e+02
2.518618571929297616e+02
2.518890503730409023e+02
2.518797881928796869e+02
2.518714886585549095e+02
2.518742877171899295e+02
2.518745255620650028e+02
2.518432890190776732e+02
2.518492564218116172e+02
2.518894346802864277e+02
2.519051149166291168e+02
2.518623141054528958e+02
2.518694406889990489e+02
2.518738633518601944e+02
2.518760640428621400e+02
2.518817785789394748e+02
2.518973912172650387e+02
2.518902395974162403e+02
2.518794189074157543e+02
2.518442366431325468e+02
2.518924953682840169e+02
2.518902446046767807e+02
2.518744091432577363e+02
2.518701842671874260e+02
2.518511404035851911e+02
2.518720920334484958e+02
2.518543988783736438e+02
2.519038593460517745e+02
2.518828088227930380e+02
2.518686908517350105e+02
2.519111987381703557e+02
2.518697724200090136e+02
2.518638613489559930e+02
2.518491174703319757e+02
2.518583158079214854e+02
2.518552789044113922e+02
2.518915514996745344e+02
2.518567598017124851e+02
2.518568624505533080e+02
2.518682677382204247e+02
2.518743252716438974e+02
2.518830278904411273e+02
2.518673764458464746e+02
2.518545403334835555e+02
2.518924215111912304e+02
2.518875644684792974e+02
2.518528203394922684e+02
2.518518076210505114e+02
2.518642544189074215e+02
2.518555104902108042e+02
2.518787955034800348e+02
2.518857994091432602e+02
2.518712883681338042e+02
2.518469981473135988e+02
2.518552325872515212e+02
2.518498698112262844e+02
2.518918832306844990e+02
2.518948137299083783e+02
2.518738395673726984e+02
2.518363777477342182e+02
2.518558910420109100e+02
2.518529204847028211e+02
2.519014082920234330e+02
2.518900393069951349e+02
2.518722397476340689e+02
2.518901644885083329e+02
2.518571453607731314e+02
2.518451016473887023e+02
2.518397338641029535e+02
2.518662022432527294e+02
2.518824883581192751e+02
2.518914751389514777e+02
2.518749636973611814e+02
2.518514608682589824e+02
2.518634419908867983e+02
2.518740673977266908e+02
2.518742952280807117e+02
2.518736192479094598e+02
2.518560274898603097e+02
2.518637987581993798e+02
2.518753730409093237e+02
2.518281983876620984e+02
2.518548407691152136e+02
2.518659969455710836e+02
2.518483350858745098e+02
2.518640403585198442e+02
2.518636998648039764e+02
2.518035952130589408e+02
2.518632592258775276e+02
2.518411559260928243e+02
2.519299371588803638e+02
2.518696610084622591e+02
2.518569813729908446e+02
2.518908367132341937e+02
2.518807658604977178e+02
2.518571916779330024e+02
2.518651231786089966e+02
2.518793463021380887e+02
2.518768263982775011e+02
2.518655049822242233e+02
2.518586049772169702e+02
2.518740811676931628e+02
2.518804216113364305e+02
2.518546342196184469e+02
2.518629412648340065e+02
2.518839930399078639e+02
2.518969267938510939e+02
2.519010314956687182e+02
2.518746632617294949e+02
2.518920284412398019e+02
2.518884682790045701e+02
2.518752240749086297e+02
2.518934880576836406e+02
2.518980847228481252e+02
2.518764458464773952e+02
2.518584284712833608e+02
2.518547656602073062e+02
2.518861461619348177e+02
2.518942616794351750e+02
2.518954408892894605e+02
2.518821040508737781e+02
2.518914225627159453e+02
2.518881277852886740e+02
2.518677557458314595e+02
2.518474588152821525e+02
2.518874367833358292e+02
2.518788167843372889e+02
2.518551599819738556e+02
2.518405137449301492e+02
2.518866168444244238e+02
2.518804278704120918e+02
2.518690225827449751e+02
2.518871613840068164e+02
2.518797669120224327e+02
2.518746544990235918e+02
2.518814330779630382e+02
2.518873003354864579e+02
2.518803039407140432e+02
2.518645335736818254e+02
2.518652671373491501e+02
2.518819913875119028e+02
2.518490060587852497e+02
2.518346552501126610e+02
2.518896975614641178e+02
2.518642919733613610e+02
2.518537016173451377e+02
2.518391830654448995e+02
2.518809586400280409e+02
2.518586174953682928e+02
2.518694156526964036e+02
2.519251927795303061e+02
2.518815044314255545e+02
2.518567522908217029e+02
2.518534975714786412e+02
2.518622026939061698e+02
2.518628286014721311e+02
2.518757410745581069e+02
2.518726678684091951e+02
2.518624305242601906e+02
2.518796504932151663e+02
2.518802213209153251e+02
2.518518026137899994e+02
2.518935769365580200e+02
2.518656877472334941e+02
2.518655437884933121e+02
2.518637486855941177e+02
2.518692879675529639e+02
2.518937421761554276e+02
2.518985203545140337e+02
2.518777239497271125e+02
2.518818637023684346e+02
2.518882254268689564e+02
2.518802889189324503e+02
2.518660445145461040e+02
2.518386835912072570e+02
2.518620775123929718e+02
2.518860798157328134e+02
2.518567272545190576e+02
2.518554353813028968e+02
2.518521443593210165e+02
2.518714924140003006e+02
2.518872590255870989e+02
2.518890028040658819e+02
2.518697536427820296e+02
2.518547594011316448e+02
2.518652984327274567e+02
2.518771243302789173e+02
2.518844975214060469e+02
2.518752741475138919e+02
2.518153259726603608e+02
2.518808985529016979e+02
2.518889352060487568e+02
2.518940463672324768e+02
2.518747846877973018e+02
2.518838515847979522e+02
2.518868446747784162e+02
2.518482386961093482e+02
2.518666554003304725e+02
2.518318674578138427e+02
2.518848580441640479e+02
2.518893846076811371e+02
2.518921961844674797e+02
2.518441152170647399e+02
2.518577675128937017e+02
2.518756997646587479e+02
2.518792724450453022e+02
2.518302200691001929e+02
2.518603838065194509e+02
2.518313654799459300e+02
2.518843297781783690e+02
2.519248460267387770e+02
2.518830316458865468e+02
2.518840243352861705e+02
2.518834722848129672e+02
2.518434154524059920e+02
2.518630414100445591e+02
2.518597003154574168e+02
2.518763356867457901e+02
2.518625719793700739e+02
2.518690300936357858e+02
2.518734727855390361e+02
2.518857656101346834e+02
2.518843235191027077e+02
2.518897163386911018e+02
2.518754068399178720e+02
2.518844649742126194e+02
2.518833733914175639e+02
2.518898415202042997e+02
2.518770755094887477e+02
2.518144459466226124e+02
2.518571040508737724e+02
2.518589354564117855e+02
2.518421423564168151e+02
2.518704859546342334e+02
2.518320840218316619e+02
2.518558034149516800e+02
2.518568486805868645e+02
2.518649454208602378e+02
2.518750813679835687e+02
2.518861837163887571e+02
2.518891029492764631e+02
2.518836012217715563e+02
2.518743290270892885e+02
2.518858745180511676e+02
2.518725614641229811e+02
2.518816321165690226e+02
2.518765898052175771e+02
2.518543375394321799e+02
2.518632266786841001e+02
2.518569701066546429e+02
2.518656526964097964e+02
2.518596289619949005e+02
2.518860898302538658e+02
2.518553765459916747e+02
2.518183791497671677e+02
2.518719643483050561e+02
2.518813179109709210e+02
2.518819801211757010e+02
2.518807283060437499e+02
2.518509188323068315e+02
2.518586262580741959e+02
2.518671486154924537e+02
2.519011742025937508e+02
2.518923351359471212e+02
2.519010878273496701e+02
2.518540158229432677e+02
2.518036164939161665e+02
2.518719580892293948e+02
2.518872277302087923e+02
2.518430361524210070e+02
2.519156239046617713e+02
2.518918419207851400e+02
2.518563154073406452e+02
2.519033097992088415e+02
2.518778378649041088e+02
2.518598142306344130e+02
2.518747871914275720e+02
2.518156689700064987e+02
2.518580316458865411e+02
2.518498923438986594e+02
2.518540308447248606e+02
2.518705122427519996e+02
2.518802964298232325e+02
2.518685856992639458e+02
2.518600257873917201e+02
2.518833859095688865e+02
2.518739034099444325e+02
2.518594649742126137e+02
2.518553815532522151e+02
2.518843973761954942e+02
2.518827625056331669e+02
2.519061025987682001e+02
2.518969831255320173e+02
2.519048733163086524e+02
2.519052901707475769e+02
2.519103863101497041e+02
2.518731035000751035e+02
2.518891918281508140e+02
2.518674953682840112e+02
2.518639564869060052e+02
2.518730584347303534e+02
2.518870186770817554e+02
2.518429635471433699e+02
2.518728343598217521e+02
2.518784712833608808e+02
2.518592121075559476e+02
2.518911809623954809e+02
2.518800060087126269e+02
2.518953107005157506e+02
2.518936845926593548e+02
2.518990899303990716e+02
2.518557032697411273e+02
2.518783110510239851e+02
2.518487281558259383e+02
2.518505608131791007e+02
2.518689174302739104e+02
2.518517500375544671e+02
2.518510903309799289e+02
2.518884006809874450e+02
2.518988758700115227e+02
2.518972447548945865e+02
2.518704446447348744e+02
2.518796567522908276e+02
2.519235391317410233e+02
2.518993052426017698e+02
2.518720306945070320e+02
2.519032509638976478e+02
2.519011203745430976e+02
2.518597178408692514e+02
2.518154724350307845e+02
2.519192566721746402e+02
2.518828238445746308e+02
2.518628886885984741e+02
2.518300898803264829e+02
2.518476415802914232e+02
2.518361699464223022e+02
2.518469643483050504e+02
2.518715888037654622e+02
2.518734953182114111e+02
2.518810274898602870e+02
2.518320627409744077e+02
2.518896212007410611e+02
2.518841595313204209e+02
2.518682977817835820e+02
2.518730283911671961e+02
2.518833145561063418e+02
2.518930661959841757e+02
2.518600157728706677e+02
2.518859220870261879e+02
2.518767976065294647e+02
2.518497333633768847e+02
2.518843798507836311e+02
2.518872652846627602e+02
2.518653948224926182e+02
2.518525098893395295e+02
2.518887361674428007e+02
2.518973887136347685e+02
2.518576373241199633e+02
2.518912460567823359e+02
2.518490548795753909e+02
2.518455760853237280e+02
2.518697498873366385e+02
2.518752766511441621e+02
2.518888638525862405e+02
2.518888838816283737e+02
2.518853487556957589e+02
2.518470807671123168e+02
2.518485566571528693e+02
2.518696384757898841e+02
2.518885922087026188e+02
2.519294727354664190e+02
2.519134106955084746e+02
2.518709566371238395e+02
2.518852073005858472e+02
2.519014445946622516e+02
2.518710943367883317e+02
2.518854363827549889e+02
2.518946973111010834e+02
2.518992188673576607e+02
2.518964661258825402e+02
2.518740361023484127e+02
2.518742050973912114e+02
2.518865479945921493e+02
