1.784004584266517384e+02
1.736182110862262107e+02
1.736171787513997629e+02
1.752677159154535218e+02
1.803164281215005644e+02
1.824111492161254091e+02
1.863429013857782763e+02
1.881182285834266565e+02
1.904362052071668643e+02
1.921241251399775933e+02
1.940712573488241901e+02
1.957435960246360480e+02
1.973129111842105203e+02
1.990456851903695394e+02
2.008342840145576815e+02
2.022839708146696580e+02
2.036447455907054973e+02
2.048010830767077266e+02
2.061569411394176825e+02
2.074528187989921548e+02
2.084999825027995541e+02
2.097371220604703126e+02
2.089832464305711142e+02
2.077376557250839824e+02
2.065875909854423185e+02
2.052656250000000000e+02
2.037112874440089456e+02
2.025616338885778305e+02
2.015489571668533131e+02
2.002204384798432386e+02
1.991532229843224968e+02
1.982012790453527487e+02
1.971102586086226154e+02
1.962994995800671916e+02
1.951301791713325997e+02
1.943800304451287673e+02
1.935241286394176825e+02
1.927789316209406536e+02
1.917695181270996727e+02
1.908412741461366124e+02
1.900086961086226154e+02
1.890886758118701039e+02
1.884798519736842195e+02
1.878407054871220510e+02
1.870491058930571171e+02
1.865070163773796139e+02
1.859253394456886781e+02
1.854962381019036854e+02
1.852157492301231798e+02
1.847252677071668643e+02
1.842594834826427643e+02
1.840365429031355120e+02
1.836105560610302234e+02
1.830888507838745909e+02
1.828977463605823175e+02
1.824243770996640421e+02
1.819938147396416639e+02
1.815484584966405350e+02
1.811713413353863302e+02
1.807822823348264194e+02
1.798293235582306693e+02
1.795091597844345017e+02
1.793518861982082910e+02
1.792953352463605938e+02
1.790906967385218422e+02
1.787731575447928378e+02
1.786196721024635963e+02
1.783943081606942940e+02
1.781553226483762558e+02
1.777142969624860029e+02
1.774930798572228525e+02
1.770988154395296874e+02
1.767873827687569985e+02
1.765933475643896884e+02
1.762863504339305791e+02
1.761938864781635061e+02
1.760613364361702224e+02
1.758573628219484988e+02
1.757366758818589005e+02
1.755263682810750367e+02
1.753055536114221695e+02
1.751254199328107575e+02
1.751215268057110848e+02
1.748963290873460323e+02
1.746586646136618128e+02
1.745987979423292131e+02
1.744385498320268653e+02
1.742059245520716786e+02
1.740184682950727790e+02
1.737254426791713229e+02
1.736410886758118579e+02
1.735580994540873405e+02
1.732344712346024664e+02
1.728662076567749182e+02
1.727022676371780392e+02
1.726296192609182469e+02
1.725771189109742352e+02
1.724982502799552151e+02
1.723821651035834179e+02
1.722049622060470426e+02
1.719901490761478158e+02
1.718182040873460323e+02
1.717410501819708770e+02
1.716515170072788408e+02
1.715949223124300147e+02
1.714163021416573258e+02
1.714686362681970877e+02
1.713139697648376227e+02
1.711651473264277854e+02
1.710445478723404165e+02
1.709634920912654081e+02
1.709242283734602381e+02
1.708465233062709956e+02
1.707863679311310250e+02
1.707336663633818716e+02
1.706787076567749182e+02
1.705672329927211592e+02
1.705308650615901342e+02
1.703945793673012190e+02
1.703363749300112033e+02
1.703558405655095100e+02
1.705120730683090642e+02
1.705217052771556610e+02
1.705982555291153346e+02
1.706716912793953043e+02
1.706865813969764929e+02
1.706578597424412180e+02
1.705996290593504909e+02
1.705748355263157805e+02
1.706551301791713229e+02
1.707797802351623773e+02
1.708442924132138785e+02
1.708766447368421098e+02
1.709007646276595835e+02
1.708915261058230612e+02
1.710315562010078452e+02
1.711138105403135512e+02
1.711402050671892425e+02
1.711054643756998814e+02
1.711007226343785135e+02
1.710754566769316796e+02
1.710294915313549780e+02
1.710423432250839824e+02
1.708535221864501636e+02
1.707232642777155718e+02
1.707475241461366124e+02
1.707075080487122136e+02
1.707403152995520657e+02
1.707009116041433288e+02
1.706662933930571171e+02
1.708013980263157805e+02
1.707060382838745909e+02
1.707768669512877864e+02
1.708952092665173552e+02
1.708960228863381872e+02
1.708841860302351563e+02
1.709001259798432386e+02
1.709538686310190485e+02
1.709987751959686477e+02
1.710168235582306693e+02
1.711077302631578902e+02
1.710662444008958687e+02
1.710717647676371769e+02
1.709755214165733435e+02
1.710094134938409809e+02
1.709914001259798511e+02
1.711030672592385145e+02
1.711905882558790495e+02
1.712524321108622587e+02
1.715408909574468055e+02
1.716120783174692122e+02
1.717976798712205948e+02
1.719242546192609211e+02
1.720192556690929564e+02
1.721207219344904900e+02
1.722434123040313523e+02
1.722798327267637148e+02
1.723002344624860029e+02
1.723192189249720059e+02
1.723103653415453493e+02
1.721838518337065977e+02
1.721843505039193758e+02
1.722263175391937295e+02
1.722126434770436845e+02
1.722645139277715600e+02
1.723171367581186928e+02
1.723935032894736707e+02
1.724220412234042499e+02
1.724829052351623773e+02
1.725332796752519471e+02
1.725010323348264194e+02
1.724926161814109662e+02
1.722848981662934023e+02
1.722023463745800598e+02
1.722972686870100745e+02
1.722220219764837736e+02
1.720910816769316796e+02
1.720621588045912631e+02
1.720273656215005644e+02
1.720712398516237442e+02
1.720788511338186026e+02
1.720726308790593464e+02
1.721448330767077266e+02
1.720330609602463596e+02
1.719496693029115306e+02
1.718336191209406536e+02
1.717581624440089456e+02
1.716924254619260921e+02
1.716782789753639520e+02
1.715659994400895982e+02
1.713463395856662999e+02
1.711585946248600294e+02
1.710747392917133141e+02
1.711674394596864488e+02
1.711907982222844282e+02
1.713247567889137599e+02
1.713991198908174738e+02
1.714454174832026752e+02
1.715896556550951857e+02
1.716121745520716786e+02
1.716416748320268653e+02
1.718014680151175924e+02
1.720502957026875777e+02
1.721645611702127781e+02
1.722783104703247545e+02
1.723793655515117678e+02
1.725339620660694209e+02
1.727005791573348290e+02
1.727294145436730162e+02
1.728418165593504909e+02
1.729735967245240715e+02
1.729827215145576815e+02
1.731952775055991083e+02
1.732320916153415453e+02
1.734840425531915002e+02
1.736308703107502822e+02
1.736532492301231798e+02
1.737012702967525115e+02
1.737088290873460323e+02
1.736235127379619314e+02
1.737027050671892425e+02
1.736810085386338187e+02
1.737102463605823175e+02
1.735816331886898070e+02
1.734571406075027937e+02
1.734199065649495992e+02
1.733299359602463596e+02
1.733559892917133141e+02
1.733595062290033582e+02
1.733176441769316796e+02
1.733699870520716786e+02
1.733158507138857658e+02
1.730954822228443390e+02
1.730520366741321254e+02
1.728459983902575630e+02
1.728380021696528672e+02
1.727778642917133141e+02
1.727522133958566712e+02
1.726691016937290044e+02
1.726797574888017834e+02
1.727386268197088555e+02
1.723902750559910544e+02
1.721987856942889152e+02
1.722765694988801783e+02
1.721038108902575630e+02
1.720366128919372954e+02
1.719942609182530759e+02
1.718376784714445762e+02
1.717974524076147702e+02
1.718590687989921548e+02
1.717419162933930465e+02
1.716309140537514111e+02
1.714773323768197031e+02
1.713925671892497178e+02
1.712907422312430015e+02
1.712269736842105203e+02
1.711818309070548594e+02
1.710824380599104018e+02
1.709966755319148888e+02
1.709532212346024664e+02
1.708933020716685292e+02
1.708472494400895982e+02
1.709253744400895982e+02
1.708636530655095100e+02
1.709001259798432386e+02
1.709117966125419912e+02
1.708635830767077266e+02
1.706514645156775032e+02
1.704661341685330456e+02
1.703780357642777119e+02
1.702450657894736707e+02
1.701736684630459138e+02
1.700734357502799412e+02
1.700303226483762558e+02
1.698955242161254091e+02
1.698366111422172366e+02
1.697331939389697766e+02
1.696365918952967604e+02
1.695393687010078452e+02
1.694881543952967604e+02
1.694000997340425556e+02
1.691600556410974150e+02
1.689983202687569985e+02
1.687966037933930465e+02
1.686874037653975336e+02
1.685319848824188114e+02
1.683395244260918275e+02
1.681997830347144429e+02
1.681892147256438932e+02
1.681409836926091828e+02
1.679326707726763743e+02
1.675782474804031494e+02
1.672291170912654081e+02
1.669638332866741450e+02
1.665386250699887967e+02
1.662746535554311436e+02
1.660674692049272210e+02
1.659561432670772660e+02
1.657279360302351563e+02
1.656608517637178011e+02
1.654679276315789593e+02
1.655110757278835365e+02
1.655154150335946213e+02
1.656655585106383057e+02
1.657844169932810701e+02
1.661071266097424370e+02
1.663925496920492719e+02
1.665521766517357207e+02
1.668314844624860029e+02
1.670710998740201489e+02
1.674013245380739079e+02
1.677063182390817531e+02
1.677467455207166722e+02
1.678953055011198217e+02
1.678962590985442205e+02
1.679513840285554238e+02
1.681219292413213964e+02
1.682680221164613670e+02
1.683226658734602381e+02
1.684753289473684106e+02
1.686254899216125409e+02
1.685981068029115306e+02
1.687096689529675189e+02
1.688322805851063890e+02
1.687795090285554238e+02
1.688678961366181284e+02
1.690482835246360480e+02
1.692507786254199402e+02
1.694714358202687663e+02
1.695062027575587820e+02
1.697266149916013376e+02
1.698002694568868947e+02
1.698478180991041313e+02
1.698703020016797325e+02
1.698419215425531945e+02
1.698825500419932837e+02
1.698768547032474885e+02
1.699128289473684106e+02
1.699085333846584547e+02
1.699343067609182469e+02
1.700331659434490348e+02
1.699838675811870132e+02
1.699376662234042499e+02
1.698437325027995541e+02
1.697422049972004459e+02
1.695619488381858844e+02
1.695051441769316796e+02
1.694114466685330456e+02
1.691144579367301333e+02
1.688949205627099559e+02
1.688191314389697766e+02
1.686279045352743537e+02
1.685918428051511739e+02
1.685640922452407722e+02
1.684983027715565527e+02
1.684829052351623773e+02
1.685033682110862401e+02
1.684383923572228525e+02
1.682904885218364939e+02
1.682863241881298961e+02
1.681051494260918275e+02
1.680232975223964047e+02
1.679663616321388702e+02
1.679087958426651710e+02
1.677139032754759285e+02
1.674770086786114121e+02
1.673192889137737893e+02
1.671318414053751269e+02
1.670746168113101930e+02
1.668640380039193758e+02
1.666344834826427643e+02
1.665486159714445762e+02
1.663804241321388702e+02
1.661404412793953043e+02
1.662834458986562254e+02
1.663944131438969691e+02
1.664951707726763743e+02
1.666215705487122136e+02
1.667144019456886781e+02
1.667654587765957501e+02
1.668987786954087369e+02
1.669124790033594650e+02
1.669763612821948584e+02
1.669347179451287673e+02
1.667063794792833278e+02
1.665453877379619314e+02
1.664707621780515012e+02
1.662654675251959588e+02
1.662601133818589005e+02
1.659386635638297776e+02
1.658083444148936110e+02
1.655249072648376227e+02
1.654925811870100745e+02
1.653699870520716786e+02
1.653041975783874591e+02
1.652208496640537589e+02
1.651077477603583361e+02
1.650504706746920363e+02
1.649115953947368496e+02
1.647020314249720059e+02
1.640092472704367310e+02
1.640130879059350377e+02
1.642825885358342646e+02
1.643733815089585732e+02
1.646408787094065076e+02
1.646413073908174738e+02
1.646806148516237442e+02
1.648792605683090642e+02
1.649247970324747996e+02
1.650520979143337001e+02
1.651179748740201489e+02
1.652220919652855571e+02
1.651615516517357207e+02
1.654497042973124223e+02
1.656441769316909358e+02
1.659039403695408623e+02
1.660404010358342646e+02
1.661882698768197031e+02
1.663412041573348290e+02
1.664020244260918275e+02
1.664033979563269838e+02
1.664241671332586918e+02
1.663966877799552151e+02
1.665605140677491534e+02
1.666920842665173552e+02
1.666807985722284400e+02
1.667263875279955130e+02
1.667277173152295688e+02
1.670191856802911445e+02
1.673093680011198217e+02
1.675090198068309064e+02
1.676520419232922734e+02
1.676591545352743537e+02
1.677314879619260921e+02
1.678833111702127781e+02
1.679109217525195845e+02
1.680782037374020206e+02
1.683534521976483802e+02
1.684965967945128682e+02
1.685980018197088555e+02
1.687228618421052602e+02
1.687261338185890338e+02
1.686987856942889152e+02
1.687955627099664184e+02
1.687273498740201489e+02
1.687251539753639520e+02
1.688379146836506095e+02
1.688116601343785135e+02
1.689165471024635963e+02
1.691051669232922734e+02
1.691823733202687663e+02
1.692367021276595835e+02
1.693006981382978609e+02
1.693394719344904900e+02
1.694436240201567614e+02
1.695420982642777119e+02
1.696037933930571171e+02
1.696388402855543234e+02
1.697278222984322440e+02
1.696723299272116492e+02
1.696221129619260921e+02
1.696965985442329270e+02
1.698084843924972063e+02
1.698617021276595835e+02
1.699281127519596737e+02
1.698636443169093013e+02
1.699790033594624958e+02
1.700520804171332543e+02
1.700123005319148888e+02
1.700124405095184841e+02
1.702093889977603567e+02
1.702524758538633876e+02
1.702977586086226154e+02
1.703707744260918275e+02
1.703602586086226154e+02
1.704307110862262107e+02
1.704406844904815159e+02
1.704561432670772660e+02
1.705407684770436845e+02
1.705973456746920363e+02
1.706870538213885879e+02
1.706612104563269838e+02
1.706818484042553052e+02
1.706815771976483802e+02
1.707522921332586918e+02
1.707672522396416639e+02
1.707970237262038040e+02
1.708121675531915002e+02
1.708887090565509652e+02
1.708319043952967604e+02
1.708622270436730162e+02
1.708631543952967604e+02
1.710605315649495992e+02
1.710830067189249633e+02
1.710656932390817531e+02
1.712092227743561068e+02
1.712838133398656169e+02
1.712693344064949486e+02
1.712034574468084998e+02
1.710904517777155718e+02
1.710209528975364037e+02
1.709445863661813974e+02
1.710140240061590191e+02
1.710183195688689750e+02
1.710838640817469241e+02
1.711628027015677560e+02
1.712829559770436845e+02
1.714133713605823175e+02
1.714752064669652896e+02
1.715152925531915002e+02
1.716481050531915002e+02
1.716659434490481431e+02
1.716319813829787222e+02
1.716361807110862401e+02
1.710869173432250818e+02
1.710301389277715600e+02
1.710234375000000000e+02
1.711370030795072807e+02
1.711617266237402077e+02
1.711185085386338187e+02
1.710112506998880235e+02
1.709975503919372954e+02
1.710724646556550965e+02
1.713576427771556610e+02
1.716292430711086183e+02
1.717847406914893611e+02
1.720119330907054973e+02
1.721940089585666271e+02
1.723576340285554238e+02
1.724222511898096286e+02
1.725645996640537589e+02
1.725578544932810701e+02
1.726677456606942940e+02
1.727055046192609211e+02
1.728547382418813072e+02
1.728988836786114121e+02
1.729472809350504008e+02
1.728407492301231798e+02
1.728762685470324811e+02
1.729391447368421098e+02
1.730722546892497178e+02
1.731526368281074895e+02
1.733034801931690936e+02
1.734295475223964047e+02
1.736139592665173552e+02
1.736970534714445762e+02
1.737443221584546507e+02
1.738838535834266565e+02
1.738952355123180382e+02
1.738767147256438932e+02
1.738147133958566712e+02
1.738426826707726889e+02
1.739009920912654081e+02
1.739372550391937295e+02
1.739169320408734620e+02
1.738907737262038040e+02
1.740603041013437746e+02
1.742035099384098658e+02
1.743440299552071622e+02
1.744255931550951857e+02
1.744176406774915904e+02
1.745203754899216051e+02
1.745634361002239530e+02
1.746036534154535218e+02
1.745865324048152161e+02
1.745613276875699853e+02
1.745585106382978609e+02
1.745698488241881421e+02
1.746268809490481431e+02
1.747047434910414268e+02
1.747659137038073993e+02
1.746651473264277854e+02
1.747059857922732249e+02
1.746916993281074895e+02
1.747155917553191387e+02
1.746374055151175924e+02
1.746633713605823175e+02
1.746703614921612484e+02
1.746177561590145615e+02
1.746184735442329270e+02
1.746524093645016933e+02
1.747305518617021391e+02
1.747803313969764929e+02
1.748391307390817531e+02
1.748898551231802969e+02
1.749291888297872219e+02
1.749152873040313523e+02
1.749671140117581274e+02
1.749373862681970877e+02
1.749090757978723332e+02
1.749456361982082910e+02
1.749479983202687663e+02
1.749327407614781578e+02
1.750417308230683204e+02
1.749942959126539677e+02
1.750554573768197031e+02
1.751418060610302234e+02
1.750913441349383959e+02
1.749366688829787222e+02
1.748458321668533131e+02
1.747718452547592278e+02
1.747198785694288858e+02
1.746818309070548594e+02
1.746961611142217237e+02
1.747122672872340559e+02
1.748107590285554238e+02
1.749162758958566712e+02
1.750317224244120951e+02
1.751748582726763743e+02
1.753214760638297776e+02
1.753613084406495091e+02
1.754367476203807428e+02
1.755155550111982166e+02
1.755774251119820804e+02
1.755478810890257648e+02
1.755128079507278756e+02
1.754585403835386330e+02
1.753680361142217237e+02
1.754457236842105203e+02
1.754506753919372954e+02
1.754401945688689750e+02
1.755503219484882322e+02
1.798780882558790495e+02
1.832682408314669544e+02
1.860673292273236257e+02
1.885967770156775032e+02
1.912615131578947398e+02
1.935241636338186026e+02
1.956528292973124223e+02
1.977390117581186928e+02
1.994777873040313523e+02
2.010749667553191387e+02
2.009019631858902528e+02
2.001971059630459138e+02
1.992696143617021391e+02
1.984049464585666271e+02
1.974842787653975336e+02
1.966369593365061519e+02
1.957175601903695394e+02
1.948594624860022293e+02
1.934886530655095100e+02
1.928146609042553052e+02
1.924361177211646066e+02
1.916882786254199402e+02
1.909981277995520657e+02
1.903332429311310250e+02
1.896919967805151259e+02
1.891108010218364939e+02
1.886329349804031494e+02
1.878748250279955130e+02
1.874612786954087369e+02
1.869203352463605938e+02
1.864513840285554238e+02
1.861215005599104018e+02
1.854724944008958687e+02
1.850762965425531945e+02
1.847380231662934023e+02
1.842577862541993170e+02
1.838914386198208319e+02
1.833779832726763743e+02
1.829567031774915904e+02
1.826382453807390789e+02
1.821405025195968506e+02
1.819493368561030309e+02
1.815907667273236257e+02
1.813302946528555424e+02
1.813026315789473699e+02
1.811636163213885879e+02
1.805711873600224067e+02
1.804156547452407722e+02
1.801453929871220510e+02
1.799807880739081725e+02
1.796791975783874591e+02
1.795233062709966418e+02
1.794367126259798511e+02
1.792942066769316796e+02
1.791349034154535218e+02
1.789735792273236257e+02
1.789136775615901342e+02
1.789185242861142342e+02
1.786632313829787222e+02
1.785138840285554238e+02
1.784744803331466869e+02
1.783720429731243087e+02
1.780541713325867761e+02
1.779082446808510554e+02
1.777166503359462411e+02
1.774736754619260921e+02
1.773680098684210407e+02
1.774061100223964047e+02
1.773384308510638334e+02
1.772522133958566712e+02
1.771690142077267751e+02
1.770594904815229427e+02
1.770864799132138785e+02
1.770454227323628231e+02
1.770551161814109662e+02
1.770577495100783949e+02
1.768963203387457952e+02
1.767540156075027937e+02
1.765474086646136698e+02
1.765310575307950671e+02
1.765524391097424370e+02
1.765929013857782763e+02
1.766811222704367310e+02
1.767460193868980980e+02
1.767095114781635061e+02
1.767595097284434473e+02
1.767885550811870132e+02
1.767960351343785135e+02
1.767062220044792866e+02
1.766632401315789593e+02
1.766297417413213964e+02
1.766010200867861215e+02
1.766063129899216051e+02
1.766238539333706683e+02
1.765846602043673101e+02
1.766505196668533131e+02
1.767304468784994356e+02
1.766800461926091828e+02
1.767053471444568800e+02
1.767132646276595835e+02
1.798702582586786036e+02
1.839951620240761372e+02
1.871304153835386330e+02
1.897221444568868947e+02
1.923853408454647251e+02
1.945506456466965233e+02
1.968227533594624958e+02
1.984426616741321254e+02
2.005877222144456766e+02
2.020307600783874591e+02
2.019061100223964047e+02
2.012518896976483802e+02
2.004321633538633876e+02
1.993650003499440118e+02
1.983879304311310250e+02
1.975314949608062705e+02
1.966359444988801783e+02
1.960268494540873405e+02
1.950192556690929564e+02
1.942455119680851112e+02
1.933917973124300147e+02
1.927517934630459138e+02
1.918019666853303420e+02
1.912419337905934924e+02
1.904601588745800598e+02
1.900074188129899255e+02
1.893154307810750367e+02
1.887365359042553052e+02
1.882714690649495992e+02
1.878352988521836551e+02
1.873990324048152161e+02
1.871036709126539677e+02
1.866344747340425556e+02
1.861216230403135512e+02
1.855773201287794052e+02
1.852057933230683204e+02
1.846999405095184841e+02
1.841736509658454679e+02
1.837458356662934023e+02
1.835000787374020206e+02
1.832215408034714414e+02
1.830587031075027937e+02
1.827330889557670730e+02
1.824930536114221695e+02
1.823021066629339373e+02
1.820822368421052602e+02
1.818771871500559882e+02
1.816385778275475786e+02
1.813918673012317981e+02
1.811453055011198217e+02
1.809232572788353934e+02
1.805504356802911445e+02
1.802465530515117678e+02
1.799221724524076080e+02
1.797343837486002371e+02
1.796589095744680833e+02
1.795944411394176825e+02
1.795474611562150073e+02
1.794811467665173552e+02
1.792389855123180382e+02
1.791333724104143243e+02
1.820294915313549780e+02
1.861614641657334914e+02
1.885149076147816345e+02
1.913111964585666271e+02
1.934655305151175924e+02
1.957006229003359579e+02
1.978183703107502822e+02
1.996134256019036854e+02
2.015855263157894797e+02
2.029999912513997629e+02
2.045455189669652896e+02
2.058483605123180382e+02
2.070886145716685292e+02
2.082277960526315894e+02
2.093086506159014561e+02
2.103822788353863302e+02
2.115094047452407722e+02
2.124225136478163449e+02
2.136206169512877864e+02
2.130875297452407722e+02
2.114245520716685292e+02
2.105099909014557795e+02
2.094844624860022293e+02
2.081132243840985439e+02
2.069383836086226154e+02
2.058013542833146801e+02
2.045226676231802969e+02
2.036701777715565527e+02
2.026683843085106389e+02
2.014574468085106389e+02
2.005409434490481431e+02
1.995601378779395247e+02
1.985414683650616041e+02
1.978354738241881421e+02
1.970962346024635963e+02
1.962204909714445762e+02
1.953723404255319167e+02
1.939836138717805056e+02
1.936007138857782763e+02
1.931264435190369682e+02
1.925388875279955130e+02
1.919843225083986624e+02
1.912645751679731347e+02
1.906992843645016933e+02
1.903549657054871318e+02
1.897914421192609211e+02
1.893337940929451406e+02
1.887424324608062705e+02
1.882351623740201489e+02
1.877128097004479343e+02
1.872557303331466869e+02
1.868791380879059432e+02
1.864981103023516198e+02
1.861735722284434473e+02
1.858454997200447849e+02
1.855359742441209505e+02
1.851229878219484988e+02
1.848142322228443390e+02
1.842746535554311436e+02
1.839624947508398520e+02
1.836265922452407722e+02
1.834606750419932837e+02
1.831396801511758099e+02
1.828614046752519471e+02
1.825353006019036854e+02
1.823132348824188114e+02
1.821732485302351563e+02
1.820635060890257648e+02
1.819664841125419912e+02
1.817845569708846654e+02
1.815127379619260921e+02
1.813159032054871318e+02
1.813257541293393160e+02
1.810540138577827634e+02
1.809649006159014561e+02
1.808614046752519471e+02
1.806000052491601480e+02
1.805898218784994356e+02
1.804558895576707869e+02
1.836934752939529574e+02
1.866498722704367310e+02
1.896775178471444576e+02
1.922118123600224067e+02
1.944462573488241901e+02
1.964996150615901342e+02
1.984682688269876678e+02
2.002010778275475786e+02
2.020214690649495992e+02
2.035675916853303420e+02
2.049899916013437746e+02
