2.530411258725621622e+02
2.523926274572712032e+02
2.524088476346030347e+02
2.522408575414649192e+02
2.523614060160609824e+02
2.522440184526240046e+02
2.522063876898247941e+02
2.522262621769818622e+02
2.518363654261214606e+02
2.519235365746952198e+02
2.519489125785062811e+02
2.519507682922086644e+02
2.519327932683894176e+02
2.519158828190320776e+02
2.519422286064282730e+02
2.519413621205934533e+02
2.519233810204359543e+02
2.519533531665013868e+02
2.519443735538314968e+02
2.519574328200042714e+02
2.519438789398977292e+02
2.519297186412335350e+02
2.519541127087829864e+02
2.519344606156059854e+02
2.519332963891967552e+02
2.519345578370180192e+02
2.519307892920336656e+02
2.519367854226214831e+02
2.519336743374360879e+02
2.519319474421046436e+02
2.519307273133834997e+02
2.519116731318905806e+02
2.519595522467868420e+02
2.519081136129421168e+02
2.519123719107896306e+02
2.519189234186937369e+02
2.519331542028816386e+02
2.519370673647163983e+02
2.519284413949328325e+02
2.519572553909272870e+02
2.519464395088374147e+02
2.519593371444126717e+02
2.519297587450660103e+02
2.519573684108187877e+02
2.519270559898112083e+02
2.519297210717688529e+02
2.519147623422582569e+02
2.519214402379980129e+02
2.519442398743899219e+02
2.519522120301775203e+02
2.519452497618075313e+02
2.519521670652744660e+02
2.519264131132240436e+02
2.519313495304205901e+02
2.519240336191642768e+02
2.519192916447918549e+02
2.519397324466740429e+02
2.519505896478640352e+02
2.519397591825623692e+02
2.519692634505823605e+02
2.519554179062396599e+02
2.519256207587158940e+02
2.519260436718582810e+02
2.519507938128293461e+02
2.519554774543545363e+02
2.519462025316455822e+02
2.519328698302514056e+02
2.519573331680569197e+02
2.519657294522545783e+02
2.519441426529778880e+02
2.519340194734488421e+02
2.519379472184953954e+02
2.519305049194034609e+02
2.518994305255789641e+02
2.519295363510859715e+02
2.519413402457757343e+02
2.519498434735266130e+02
2.519334871862178886e+02
2.519170409691030272e+02
2.519286443446304702e+02
2.518955003499970928e+02
2.519298547512103994e+02
2.519501837484687599e+02
2.519284158743121509e+02
2.519355191137296117e+02
2.519463179820723724e+02
2.519525085554842576e+02
2.519307005774952017e+02
2.519321990025082982e+02
2.519410668105543607e+02
2.519456751054852361e+02
2.519395051916233967e+02
2.519627034358047126e+02
2.519541078477123790e+02
2.519218315541814945e+02
2.519379569406366102e+02
2.519368206653833511e+02
2.519552501993038902e+02
2.519511547473215387e+02
2.519160626786443515e+02
2.519003990938964535e+02
2.519267959225339837e+02
2.519429650586245089e+02
2.519559064438352038e+02
2.519448523692857975e+02
2.519527601158879122e+02
2.519378694413657627e+02
2.519628565595286602e+02
2.519365849034591349e+02
2.519277292480896051e+02
2.519282566742499228e+02
2.519249086118726666e+02
2.519264362033094073e+02
2.519227089774252022e+02
2.519399025841451305e+02
2.519210379844056718e+02
2.519264264811682210e+02
2.519146736277197647e+02
2.519432858892842546e+02
2.519586201364988653e+02
2.519611199420560297e+02
2.519392706449668538e+02
2.519455888214820334e+02
2.519315415427093683e+02
2.518919104493573684e+02
2.519091307919656231e+02
2.519229496004199973e+02
2.519151974080771481e+02
2.519314054327325039e+02
2.518992932003344549e+02
2.519229799821112579e+02
2.519351934219992586e+02
2.519348823134807276e+02
2.519352517548464903e+02
2.519405770576911721e+02
2.519188614400435426e+02
2.519280403566081361e+02
2.519494059771724039e+02
2.519360210192692762e+02
2.519231258142293370e+02
2.519113680997102733e+02
2.519372326411168785e+02
2.519425433607497666e+02
2.519266306461335034e+02
2.519110411927122755e+02
2.519298717649575110e+02
2.518711755527037326e+02
2.519081184740127242e+02
2.519242086177059718e+02
2.519272723074529949e+02
2.519301549223200993e+02
2.519421204476073797e+02
2.519425239164673656e+02
2.519182598825565265e+02
2.519177725602286557e+02
2.519119319839001321e+02
2.519257422854809647e+02
2.519412867739991100e+02
2.519581024324797340e+02
2.519436468237764757e+02
2.519080030235859056e+02
2.519202747963211380e+02
2.519441329308366733e+02
2.519588826343113794e+02
2.519308755760368683e+02
2.519133064516128968e+02
2.519062433160279113e+02
2.519145788368430203e+02
2.519383263820023728e+02
2.519341361391432770e+02
2.519131460362830239e+02
2.519134923875634229e+02
2.518944989694530250e+02
2.519201070893853682e+02
2.519156579945167209e+02
2.519128422193703898e+02
2.519207718407902235e+02
2.519064183145696063e+02
2.519099109937972685e+02
2.519055785646230845e+02
2.519502797546131490e+02
2.519175708257986628e+02
2.519499650002916553e+02
2.519481408835482057e+02
2.519569151159851401e+02
2.519693157070913401e+02
2.518877031927511609e+02
2.518502863170584760e+02
2.519056636333586141e+02
2.519105392871726110e+02
2.519090031888623287e+02
2.519361522681755332e+02
2.519147526201170422e+02
2.519131241614653334e+02
2.519282104940792237e+02
2.518833622567034070e+02
2.519176121448987828e+02
2.519134182562367528e+02
2.519177105815784898e+02
2.518942182426257546e+02
2.518839662447257410e+02
2.519251042699644074e+02
2.519111469209978793e+02
2.519115759104785184e+02
2.518735671994400036e+02
2.519187751560403683e+02
2.519393143946022633e+02
2.519365472301619775e+02
2.518653981702930196e+02
2.518858170973575170e+02
2.519060731785568521e+02
2.519177737754963289e+02
2.519160566023060994e+02
2.519400119582336686e+02
2.519170045110735145e+02
2.519072203912189707e+02
2.519299495420871438e+02
2.519317821657041634e+02
2.519343366583056252e+02
2.518307581811818352e+02
2.518943762274203380e+02
2.519223759940889522e+02
2.519265212720449654e+02
2.519089509323533491e+02
2.519328309416866034e+02
2.519012181842929010e+02
2.518828603511637425e+02
2.518483661941706089e+02
2.519171916622917138e+02
2.519382400979991701e+02
2.519364451476793363e+02
2.519412272258842336e+02
2.518832188551206457e+02
2.518923588831204086e+02
2.518910658383402392e+02
2.519215629800307283e+02
2.518870177817962599e+02
2.518957373271889537e+02
2.519315840770771331e+02
2.519058301250267391e+02
2.519506346127671179e+02
2.518951661513931697e+02
2.518461398238347897e+02
2.519139784946236489e+02
2.519180022458146198e+02
2.518933541873262243e+02
2.518912165315288973e+02
2.518991497987516652e+02
2.518912614964319800e+02
2.518449464310019721e+02
2.518825820548717616e+02
2.518997221898150940e+02
2.518817678255458929e+02
2.518591881525987333e+02
2.519040886464835012e+02
2.518962076357697129e+02
2.518693757413132630e+02
2.519096047463493449e+02
2.519269077271578396e+02
2.519285762896420238e+02
2.519120413579886701e+02
2.518762079760446397e+02
2.519262138093293686e+02
2.519629027396993877e+02
2.519396631764179801e+02
2.519068278597678443e+02
2.518956644111298999e+02
2.519245549689863708e+02
2.519052735324427772e+02
2.518983768885259167e+02
2.518689382449590823e+02
2.518909929222812139e+02
2.519238428221431434e+02
2.519054351630402948e+02
2.519091380835715199e+02
2.519259731863345451e+02
2.518941915067374566e+02
2.518602563728635459e+02
2.518795463162807096e+02
2.519537007330494589e+02
2.518555800229442525e+02
2.519060367205273394e+02
2.518944406366057933e+02
2.518863979952944874e+02
2.518884894709210869e+02
2.519358606039394033e+02
2.519220041221878716e+02
2.519200997977794714e+02
2.519351508876314938e+02
2.519533896245308995e+02
2.519602498104182473e+02
2.519006980497384802e+02
2.519375680549884180e+02
2.518937102607478380e+02
2.518362864337241547e+02
2.518365938964397515e+02
2.518351465126679614e+02
2.518453037196912305e+02
2.518434723113418556e+02
2.518821287600381140e+02
2.519398843551303742e+02
2.519027968169709766e+02
2.519145484551517598e+02
2.518845167609714224e+02
2.519010808590483919e+02
2.518825273678274925e+02
2.518638778704622041e+02
2.519023921328433460e+02
2.518517580061832746e+02
2.518474340838826322e+02
2.518930819673724955e+02
2.519028539345505351e+02
2.518880446829609809e+02
2.518740290011472212e+02
2.518754654475101518e+02
2.518881601333877711e+02
2.518820631355849855e+02
2.518337331563903660e+02
2.518822794532267721e+02
2.518200455968422489e+02
2.518336626708666302e+02
2.517948919870112263e+02
2.518804091563125951e+02
2.518874042369091342e+02
2.518605516829026385e+02
2.518204429893639826e+02
2.518619662544478786e+02
2.518069656711194000e+02
2.518492022983141680e+02
2.518414197242800867e+02
2.518916613194890033e+02
2.518224226603667262e+02
2.518503616636527909e+02
2.518619808376596723e+02
2.517840323552859161e+02
2.518176138462735025e+02
2.518162041357988699e+02
2.519151961928095034e+02
2.519216954442046301e+02
2.519276417488187576e+02
2.518111729277256075e+02
2.517862587256217353e+02
2.517983457776740863e+02
2.518553977327966606e+02
2.518593801648875115e+02
2.518784829570864758e+02
2.518588260028388675e+02
2.519211473584942382e+02
2.518599428338097255e+02
2.519313264403352264e+02
2.518598237375799727e+02
2.518513739816057182e+02
2.518106005366622071e+02
2.518578051780123985e+02
2.518445818507067884e+02
2.518264609947694908e+02
2.518347831476404224e+02
2.518442634505823605e+02
2.517779693849773537e+02
2.518576848665150010e+02
2.519131059324505770e+02
2.518293970814132194e+02
2.518424004452740803e+02
2.518169065605008825e+02
2.518004895098096370e+02
2.518052108246320131e+02
2.518228796010033363e+02
2.517940886950942172e+02
2.518109748390985771e+02
2.518642667561103679e+02
2.517701467071107686e+02
2.518219292617006033e+02
2.518559288047599694e+02
2.518156402516090111e+02
2.518729073091057558e+02
2.518617949017091462e+02
2.517969907542437227e+02
2.518167911100740923e+02
2.518651065060568897e+02
2.517950536176087439e+02
2.517647253981216693e+02
2.518737847323494634e+02
2.518494745182678969e+02
2.518376232281397620e+02
2.518452879212117637e+02
2.518341329794473893e+02
2.518782228898092512e+02
2.518396952594839604e+02
2.518006341266600430e+02
2.518599258200626139e+02
2.517845427676991505e+02
2.518029650100137928e+02
2.518345242956308709e+02
2.517808422777032433e+02
2.518083462151704168e+02
2.518066922358980264e+02
2.517978390110637861e+02
2.518887653366777499e+02
2.518178496081977187e+02
2.517736904275797656e+02
2.517782525423399136e+02
2.517918890606467244e+02
2.518549019035952483e+02
2.518193042835754056e+02
2.517394940111610140e+02
2.517530260164498657e+02
2.518536878512123565e+02
2.517664535087207582e+02
2.517764478698788650e+02
2.518190332788893500e+02
2.518606489043146723e+02
2.519176036380252413e+02
2.518478545664897297e+02
2.518422132940558811e+02
2.517885531509459724e+02
2.518809681794318465e+02
2.519392597075579943e+02
2.519116293822551427e+02
2.518832455910089720e+02
2.518772360924770055e+02
2.519229447393493899e+02
2.518978932120010086e+02
2.518234240409107656e+02
2.517160065332788861e+02
2.517191443543526077e+02
2.517587535728868886e+02
2.518695969200256570e+02
2.518711014213770341e+02
2.517421603083863317e+02
2.518740654591767338e+02
2.519347024538684536e+02
2.517892567909156298e+02
2.517636195045596708e+02
2.518116286530945445e+02
2.518812501215267616e+02
2.518467049232922932e+02
2.518995277469909979e+02
2.518606282447646265e+02
2.517767772074121524e+02
2.518101484570962043e+02
2.517465316261253463e+02
2.517356622722588497e+02
2.517796707596881163e+02
2.517566620972602891e+02
2.517411686499834786e+02
2.517396118921231221e+02
2.517280960158665266e+02
2.517397188356763706e+02
2.518329918431235228e+02
2.519448547998211154e+02
2.519109038674677663e+02
2.517950171595792312e+02
2.517658969161367963e+02
2.517744803515526257e+02
2.518569909486865299e+02
2.518772081413210344e+02
2.517813563359194120e+02
2.517463408291042128e+02
2.517577534076104939e+02
2.517325815687647150e+02
2.518061076921581218e+02
2.516855361274767233e+02
2.517259255478426496e+02
2.517955324330630447e+02
2.517264104396352309e+02
2.517268771024130274e+02
2.518569435532481577e+02
2.519283624025355266e+02
2.518894325186178946e+02
2.517752022205370395e+02
2.518707550700966351e+02
2.518868986855665071e+02
2.518965466954442149e+02
2.519236386571778610e+02
2.518703783371249756e+02
2.518302866573334029e+02
2.518198134807209954e+02
2.517690578272958817e+02
2.517385473176612436e+02
2.517404650100137928e+02
2.519125153123723919e+02
2.519132505493009830e+02
2.518083996869470411e+02
2.517831391335627700e+02
2.518585391996733449e+02
2.518509984639017034e+02
2.517521097046413558e+02
2.517704857667852707e+02
2.517332268758871407e+02
2.517209368741371520e+02
2.518602332827782107e+02
2.518342703046918984e+02
2.518800931867234567e+02
2.518149475490482132e+02
2.517531791401738417e+02
2.517769765113068559e+02
2.518171727041163592e+02
2.516542648602928409e+02
2.517292869781640832e+02
2.517169872542728797e+02
2.518632714519045805e+02
2.519311028310875145e+02
2.518729316144587642e+02
2.517818716094032538e+02
2.517829617044857855e+02
2.517757794726710472e+02
2.518559506795776599e+02
2.519440332788893500e+02
2.518159173326333473e+02
2.518979807112718561e+02
2.519204692391452340e+02
2.517992584436796335e+02
2.517634773182445826e+02
2.517581969803029551e+02
2.518983149098757508e+02
2.519383834995819598e+02
2.517607101538042684e+02
2.516697461548931471e+02
2.516611906706332888e+02
2.517172266620000300e+02
2.518106224114798977e+02
2.518172674949931036e+02
2.518169867681658332e+02
2.517095498162515241e+02
2.517202976433529784e+02
2.518218502693032974e+02
2.518834461101712918e+02
2.518505852729005028e+02
2.518386914484046031e+02
2.517660147970989044e+02
2.518978761982538970e+02
2.518793202764977082e+02
2.517492878531567726e+02
2.517877219078729922e+02
2.518118692760893680e+02
2.517376771860234612e+02
2.516959789223978703e+02
2.516680071068852271e+02
2.518169989208423374e+02
2.517187530381691261e+02
2.518890326955608714e+02
2.518219037410799217e+02
2.518596536001088850e+02
2.517578554900931351e+02
2.517824403546637200e+02
2.516557134593322758e+02
2.517685838729121599e+02
2.516309730405024538e+02
2.516923379805168395e+02
2.518256637791907337e+02
2.518825577495187531e+02
2.517900710202414984e+02
2.518530486204281544e+02
2.518284516031810938e+02
2.518813740788271218e+02
2.517477468937758829e+02
2.516618396235587056e+02
2.516477109218534167e+02
2.516366641389099641e+02
2.516615734799432289e+02
2.518128232611950352e+02
2.516918968383596678e+02
2.516034496587528508e+02
2.517169702405257681e+02
2.516386875595481172e+02
2.516208255556203710e+02
2.517747294814209909e+02
2.519034943806023819e+02
2.518306621750374177e+02
2.517241694860876180e+02
2.516800759299227934e+02
2.518744968791926624e+02
2.518554572809115371e+02
2.519760725952283735e+02
2.518653325458398911e+02
2.517842365202512269e+02
2.518362329619475304e+02
2.518043248945147639e+02
2.517153405666063861e+02
2.517035099360282970e+02
2.516655352524840055e+02
2.517760176651305812e+02
2.517933874856598493e+02
2.518056945011569212e+02
2.518593437068579988e+02
2.519062408854926218e+02
2.517419391296739093e+02
2.517216052713449699e+02
2.518520715452371235e+02
2.519155474051605097e+02
2.518859374088549146e+02
2.517074048688483288e+02
2.516605344261020036e+02
2.517886856151198742e+02
2.517782233759162978e+02
2.517362528923370064e+02
2.516642628672538820e+02
2.516098869314977833e+02
2.516477838379124705e+02
2.516746752804837683e+02
2.518878988508429018e+02
2.517709439226895256e+02
2.518009950611522640e+02
2.519889799529448453e+02
2.518953472262731168e+02
2.517362395243928574e+02
2.517135857201189992e+02
2.518258557914795119e+02
2.517091439168562488e+02
2.517160514981819688e+02
2.517389252659005479e+02
2.517712100663050023e+02
2.517286854206770386e+02
2.517822823698691366e+02
2.518230424468684987e+02
2.516569639697447087e+02
2.517262682533201144e+02
2.518875768049155113e+02
2.518723507165217939e+02
2.519299410352136022e+02
2.517852840809659938e+02
2.518361491084796455e+02
2.519248915981255834e+02
2.517282382021816431e+02
2.516531990705632893e+02
2.516809205409399226e+02
2.516657880281553332e+02
2.518032104940792237e+02
2.518261049213478771e+02
2.517401733457776629e+02
2.518793129848917829e+02
2.519349600906103603e+02
2.518397718213459200e+02
2.517996643430749089e+02
2.517236396293919825e+02
2.517213002391646626e+02
2.516588670788854643e+02
2.516670385385677378e+02
2.516297747865990004e+02
2.516770559898112083e+02
2.517254078438235183e+02
2.516367018122071215e+02
2.517268783176806721e+02
2.518501441307433595e+02
2.516791292364230230e+02
2.516819839001341563e+02
2.517919874973264029e+02
2.518029601489432139e+02
2.517393834218048312e+02
2.516987667463882303e+02
2.517304268992202765e+02
2.518239466060005043e+02
2.517911380252386664e+02
2.517108647358494125e+02
2.517338940578272855e+02
2.517775282428202104e+02
2.518276957067024568e+02
2.517366466390557775e+02
2.517097551964844797e+02
2.518895309552976016e+02
2.518903828579206277e+02
2.517792211106574030e+02
2.518050868673316529e+02
2.519609728946703342e+02
2.519001669777751715e+02
2.517764332866670429e+02
2.516813920647883549e+02
2.516579860098387940e+02
2.516616245211845353e+02
2.516721536001088850e+02
2.515947349744307644e+02
2.515938429679752630e+02
2.516299327713935838e+02
2.516109442143537649e+02
2.515959769779696273e+02
2.516411108032432935e+02
2.517983725135623843e+02
2.517608973050224677e+02
2.516970410663244593e+02
2.517354009897139804e+02
2.517106824457018490e+02
2.517117202842754011e+02
2.517362383091252127e+02
2.517146089754807576e+02
2.518669354838709751e+02
2.518930187734546564e+02
2.519008657566742500e+02
2.518707161815318329e+02
2.518232733477221075e+02
2.517966334655544642e+02
2.517747124676738792e+02
2.517107796671138829e+02
2.517491067782768539e+02
2.517355553287056011e+02
2.517221096074199522e+02
2.518014447101829774e+02
2.517046960372552462e+02
2.516853684205409536e+02
2.516973230084193744e+02
2.518026466098893650e+02
2.517055284955958712e+02
2.518015929728363460e+02
2.518874321880651053e+02
2.518877104843570862e+02
2.517997785782340827e+02
2.517194749071535398e+02
2.516167325341733374e+02
2.516764872445507422e+02
2.517956150712632848e+02
2.517873706955219859e+02
2.516918445818507166e+02
2.517126463182251257e+02
2.517233832079177205e+02
2.517046498570845188e+02
2.517878956911470141e+02
2.518284285130957301e+02
2.517449055980088986e+02
2.516869263936689549e+02
2.516821358085904876e+02
2.517178428026988684e+02
2.518757267300550211e+02
2.518344866223337135e+02
2.517522774115771256e+02
2.518503191292850261e+02
2.518253393027280254e+02
2.516835576717416245e+02
2.516887310661300035e+02
2.517280474051605097e+02
2.517339159326450044e+02
2.516880626689222140e+02
2.517188830718077384e+02
2.516814151548737186e+02
2.517833396527251182e+02
2.518106649458476625e+02
2.518099114799043434e+02
2.517976214781543547e+02
2.517743794843376293e+02
2.517603747399327290e+02
2.518184317214023338e+02
2.517806235295261388e+02
2.517988221625930976e+02
2.518894471018297168e+02
2.518800700966380930e+02
2.519211996150032178e+02
2.519363770926908899e+02
2.519276308114098981e+02
2.518576727138384967e+02
2.518898384180131700e+02
2.518819185187345795e+02
2.518271391141184949e+02
2.516942034163604092e+02
2.516742402146648772e+02
2.517724727293939111e+02
2.517285979214062195e+02
2.517835547550992601e+02
2.517239823348694188e+02
2.516580965991950052e+02
2.516405262595033889e+02
2.517301644014077624e+02
2.516679779404616113e+02
2.516048678761010251e+02
2.516359033813607198e+02
2.516565629314200123e+02
2.517204714266270003e+02
2.517451522973419742e+02
2.516405116762915952e+02
2.516114752863170452e+02
2.516978686635944769e+02
2.517245948297652944e+02
2.516739679947111483e+02
2.516610825118123955e+02
2.516739765015847183e+02
2.516586507612436492e+02
2.517120690660911180e+02
2.517382106885220310e+02
2.516291683680413769e+02
2.517702305605786535e+02
2.517579186840109742e+02
2.517191868887203725e+02
2.518798319041785874e+02
2.518912226078671495e+02
2.517592919364560942e+02
2.517975643605747678e+02
2.519377333313888983e+02
2.518376341655486215e+02
2.517115732368897056e+02
2.516847680783215822e+02
2.517291131948900329e+02
2.517373891675902655e+02
2.518021434890820274e+02
2.517104576211864924e+02
2.516578389624530985e+02
2.516656300433607498e+02
2.516440371677458359e+02
2.516237604269964550e+02
2.516519898792510048e+02
2.517463456901747918e+02
2.516885998172237464e+02
2.517016773124112774e+02
2.517347155787590793e+02
2.517741996247253553e+02
2.517110664702794054e+02
2.518035094499212505e+02
2.517998198973342028e+02
2.518455577106302030e+02
2.519123026405335395e+02
2.517747258356180282e+02
2.517378072196620451e+02
2.518226730055027360e+02
2.518050285344844212e+02
2.517913434054716220e+02
2.517892701588597788e+02
2.517553095043652434e+02
2.517380174609656081e+02
2.518316125143401507e+02
2.518698873689941422e+02
2.517422672519395803e+02
2.516379887806490387e+02
2.517102388730093878e+02
2.517669797196134596e+02
2.517018219292617118e+02
2.517926206517723529e+02
2.517552159287561437e+02
2.517576221587042369e+02
2.518743340333275000e+02
2.518393185265122725e+02
2.517329801765540935e+02
2.517387308230764802e+02
2.517808507845767849e+02
2.518535979214062195e+02
2.518707538548289904e+02
2.518465420774271308e+02
2.518171119407338381e+02
2.519018209570475904e+02
2.519587295105874034e+02
2.519157576464640442e+02
2.518918897898072942e+02
2.518336468723871633e+02
2.518641233545276066e+02
2.517923204806626529e+02
2.518969513795718456e+02
2.518477852962336385e+02
2.519129515934589563e+02
2.517833019794279608e+02
2.516513287736491122e+02
2.517451219156507136e+02
2.517232385910672861e+02
2.516927633241945159e+02
2.517108076182698539e+02
2.517492975752979874e+02
2.519362993155612571e+02
2.519167444437962899e+02
2.517709548600983851e+02
2.516217430826965256e+02
2.516117936864415014e+02
2.516901201170545903e+02
2.516463097182523541e+02
2.516719931847790122e+02
2.517300185692897116e+02
2.517325791382293971e+02
2.516985577203523405e+02
2.516268678663788876e+02
2.517100274164382085e+02
2.517676396099477074e+02
2.517702305605786535e+02
2.517516843609636510e+02
2.516555773493554113e+02
2.517490533065002296e+02
2.516753254486768299e+02
2.516081770499134791e+02
2.516607240078554923e+02
2.517001242003538835e+02
2.516485737618853307e+02
2.515989325088957571e+02
2.515966939858834621e+02
2.516342092982558540e+02
2.516862033094168680e+02
2.517925951311516712e+02
2.518404025452565804e+02
2.518348232514728977e+02
2.518735343872134536e+02
2.518435209220478725e+02
2.518132340216609180e+02
2.518102857823407135e+02
2.517799393338388825e+02
2.517743102140815381e+02
2.517513756829804095e+02
2.517293453110112864e+02
2.517019519629002957e+02
2.515891009936028411e+02
2.516402601158879122e+02
2.517240868478873779e+02
2.517799381185712377e+02
