1.112001644857977567e+02
5.861215230893869688e+01
5.614071391746249873e+01
5.554617386394323830e+01
5.539405273365575511e+01
5.776700586747845989e+01
5.753069378636486420e+01
5.704523236687698073e+01
5.699511820882331392e+01
5.685773942503621470e+01
5.689957773795202911e+01
5.676822355338423165e+01
5.691203692337907682e+01
5.706901897724203820e+01
5.686436795718459081e+01
5.665266859794270005e+01
5.677413522205582552e+01
5.681289126752264451e+01
5.663416517320109023e+01
5.651390395993420412e+01
5.657569292711069409e+01
5.677619129452777713e+01
5.709065376967078009e+01
5.721141335035474640e+01
5.724237473301745638e+01
5.690573245280239689e+01
5.679792674244470163e+01
5.664055188667664709e+01
5.644331254756585281e+01
5.621432131195836490e+01
5.662149240173814491e+01
5.664897626003486408e+01
5.651665111825792565e+01
5.654505683352564205e+01
5.636055777870522832e+01
5.639432523997741242e+01
5.674731789949181149e+01
5.725331672108609382e+01
5.735102864998895456e+01
5.727675717477229966e+01
5.755669113495200406e+01
5.773798762673998652e+01
5.767716347924287135e+01
5.753121302138315230e+01
5.752288193847740416e+01
5.729552574079984595e+01
5.748023960916210484e+01
5.748512140033879092e+01
5.748867134755603558e+01
5.721831929884859846e+01
5.707018633540372576e+01
5.691569366361427029e+01
5.684619964156826200e+01
5.714199666118380350e+01
5.735613630226106352e+01
5.733106572066874662e+01
5.728285051432499131e+01
5.713782805096604989e+01
5.699983305919033683e+01
5.648364962070066042e+01
5.677995482778091230e+01
5.688397490977830984e+01
5.665697100630938365e+01
5.634564726388922651e+01
5.626835735153315454e+01
5.626404512311884787e+01
5.618813738246630152e+01
5.613090737240075612e+01
5.604860309822502984e+01
5.618301868264060772e+01
5.663975523531289014e+01
5.699746274519431211e+01
5.692972528416763112e+01
5.663950605160435003e+01
5.615129256376893352e+01
5.669971153610094916e+01
5.697215648245894215e+01
5.714453882601330292e+01
5.691688557189502262e+01
5.723991112856897701e+01
5.692751086342768474e+01
5.634698647288439588e+01
5.640622468268971090e+01
5.681833525642599625e+01
5.695215918297203928e+01
5.685695750374389235e+01
5.694482606240640621e+01
5.710409864237841759e+01
5.704774016153978522e+01
5.704575896693098969e+01
5.697096211916628050e+01
5.683401664498072847e+01
5.675131711388799971e+01
5.669241524071392035e+01
5.682989713500110440e+01
5.698533130385682455e+01
5.712828296467237976e+01
5.709239069059484706e+01
5.702880956472638729e+01
5.715633761323742590e+01
5.725815063953060502e+01
5.676240517516509954e+01
5.650250042962708363e+01
5.609933960179706958e+01
5.620340755652664910e+01
5.594631257211597131e+01
5.539519308668646858e+01
5.517983084967961815e+01
5.544860678074288529e+01
5.571876365600373049e+01
5.557119780030933498e+01
5.547624653229568281e+01
5.548660054501264227e+01
5.536298701298701275e+01
5.505841332580462932e+01
5.501650995507328190e+01
5.515847961112611131e+01
5.519994353472614534e+01
5.540930695013870633e+01
5.546096285566984818e+01
5.550534824343898066e+01
5.549345616576240303e+01
5.538982029312842315e+01
5.540136621412614204e+01
5.547723712960007703e+01
5.574761618343848824e+01
5.530827830014975888e+01
5.525565389242137826e+01
5.538431370142145482e+01
5.541443792502393961e+01
5.546952348218889028e+01
5.525746937372646528e+01
5.515004296270836903e+01
5.534364888419708706e+01
5.538211155574104794e+01
5.538786364863869238e+01
5.532473792747894947e+01
5.527600471362286072e+01
5.528828468318071288e+01
5.502211351975056886e+01
5.476136793263447089e+01
5.460961259912110677e+01
5.460598531902879671e+01
5.484525077946628357e+01
5.485349716446124546e+01
5.478680308349495220e+01
5.460376476075909125e+01
5.464719637640242667e+01
5.520546976652836690e+01
5.578084599710308567e+01
5.578396017970687382e+01
5.560119436329266307e+01
5.554349421844695911e+01
5.565251147718066704e+01
5.559839196720103871e+01
5.543973314020573184e+01
5.519858959565954137e+01
5.505511869982569095e+01
5.490417597525348015e+01
5.485317187538359462e+01
5.505219723565659251e+01
5.501615397834679300e+01
5.483218888861610907e+01
5.472221294773279965e+01
5.453025433923354370e+01
5.442847568310705952e+01
5.428881496575258581e+01
5.429265337686887705e+01
5.450914123683499923e+01
5.449352122357793604e+01
5.451777674121719741e+01
5.437219944516731118e+01
5.450749515135148471e+01
5.495129379127488534e+01
5.529907200549922663e+01
5.561889131662288577e+01
5.570858026661429108e+01
5.576954557729605000e+01
5.598486853411239395e+01
5.582208651461959903e+01
5.546001031105000578e+01
5.510446689416443888e+01
5.522752191098126673e+01
5.547550143618196472e+01
5.550017307833942937e+01
5.538722043551911156e+01
5.537917167898264381e+01
5.542169003019664331e+01
5.525142145189403919e+01
5.515690840350575996e+01
5.526276974443326395e+01
5.506431762944050234e+01
5.521416541870227945e+01
5.521740357940736033e+01
5.506396165271401344e+01
5.485519480519480595e+01
5.480924557484103588e+01
5.504214273439226446e+01
5.517218471509586664e+01
5.511456435813713739e+01
5.497966759138781612e+01
5.509333709768492326e+01
5.518074534161490874e+01
5.531746249969312146e+01
5.514230599268406507e+01
5.538994058871185189e+01
5.542174158544668927e+01
5.521136793263447373e+01
5.529366484177447916e+01
5.522730095990965538e+01
5.529190950826111361e+01
5.543741806397760996e+01
5.532702354356418795e+01
5.534310141654187021e+01
5.559158667419536926e+01
5.555288095647264157e+01
5.546617852846586061e+01
5.545578032553457604e+01
5.555008715292269272e+01
5.546210689121842563e+01
5.560072545601845917e+01
5.557844867797609112e+01
5.561783443399700388e+01
5.552005867478457191e+01
5.554597500797878951e+01
5.572756241867772786e+01
5.565726192522033955e+01
5.534906464046350294e+01
5.504328063241106861e+01
5.490813836447107121e+01
5.503204772543146817e+01
5.519550119068077265e+01
5.530492843640291767e+01
5.545808435420912019e+01
5.544863624088576870e+01
5.537435740063339296e+01
5.504633343971718062e+01
5.497755014361819548e+01
5.539984042422605626e+01
5.526468097120270784e+01
5.528743893157881928e+01
5.543739719637640206e+01
5.538000883804286190e+01
5.516310853607640041e+01
5.481116171163429840e+01
5.462745685316573940e+01
5.457070434291606631e+01
5.469339970048854838e+01
5.476757297522892998e+01
5.467685783026047375e+01
5.437103945204134448e+01
5.422969705153069953e+01
5.407407507426410831e+01
5.438345199224216486e+01
5.563276213389634961e+01
5.565811749686986332e+01
5.569030147546215659e+01
5.546466869614317829e+01
5.557258242702476991e+01
5.551464169101220136e+01
5.552117079517835663e+01
5.583903100680038278e+01
5.603447695971325260e+01
5.612352883411484328e+01
5.580396238921758822e+01
5.557782755996366575e+01
5.566331721208847938e+01
5.587490855080647378e+01
5.608246016743181173e+01
5.621180615225983956e+01
5.612181891832175040e+01
5.592268062750104463e+01
5.594753025802175017e+01
5.585783394299462401e+01
5.541050867846708883e+01
5.512692902560577579e+01
5.514904745538015618e+01
5.510220337318636297e+01
5.486067439177080018e+01
5.484642182014582801e+01
5.489096187366508417e+01
5.511684138168070035e+01
5.506648294994230497e+01
5.493368030834949423e+01
5.495330690103846649e+01
5.501203078584931205e+01
5.528252277023543826e+01
5.554685267473547583e+01
5.553429037880833619e+01
5.543738369381091502e+01
5.544303881373824794e+01
5.547719416689170657e+01
5.578050966047185000e+01
5.583799744678761812e+01
5.581012815162153373e+01
5.581749441484791419e+01
5.608444013453465260e+01
5.616704883018682892e+01
5.577919254658385029e+01
5.582262170721528349e+01
5.585443252399774394e+01
5.584201261876120270e+01
5.540591535118945643e+01
5.526681437654972484e+01
5.529293938575602141e+01
5.537425183512139881e+01
5.516689661944860745e+01
5.500481918837306239e+01
5.512136719613090463e+01
5.513961161711634418e+01
5.494170205975498789e+01
5.466650136253160497e+01
5.461540519971521945e+01
5.466553408784032797e+01
5.461662656813885519e+01
5.466565315591780916e+01
5.482667984189723143e+01
5.436991382908207271e+01
5.381234870989124630e+01
5.358449905482041942e+01
5.346136179510470754e+01
5.336406230820219321e+01
5.346958362998060466e+01
5.400741413595856244e+01
5.435424962561068440e+01
5.423833992094861856e+01
5.443150516780006143e+01
5.464881668426092176e+01
5.448232391427098520e+01
5.423426460118331249e+01
5.438060663344217005e+01
5.468077725676969436e+01
5.491721331598458278e+01
5.475402744703311697e+01
5.487501411631846082e+01
5.503842461885940196e+01
5.493998846144403814e+01
5.498518032062455774e+01
5.479393366557827960e+01
5.435321361058601042e+01
5.443348881742076628e+01
5.454789359978396135e+01
5.488143151744286286e+01
5.491387940981513793e+01
5.506396901774973429e+01
5.506793631699113689e+01
5.499575160189527168e+01
5.468287751945597108e+01
5.448916480494930425e+01
5.442607836398006782e+01
5.462513441190189667e+01
5.449223725235067661e+01
5.419477573466231490e+01
5.430615225983846273e+01
5.411023494463947969e+01
5.439861905580242052e+01
5.496379716691625816e+01
5.538430388137382465e+01
5.564941816217808679e+01
5.576766012815161844e+01
5.591305084329658825e+01
5.575600004910023699e+01
5.556081187243758279e+01
5.540139076424520681e+01
5.550846733606658034e+01
5.570079174133994826e+01
5.545959541403775717e+01
5.517286843591191570e+01
5.531221122922445943e+01
5.543942135369356805e+01
5.525902953379323890e+01
5.498138978224044138e+01
5.510612893722534267e+01
5.519357155132202308e+01
5.508421304593327505e+01
5.517328578793607363e+01
5.532003780718336827e+01
5.517851864581542998e+01
5.519410919892961687e+01
5.528932069820538686e+01
5.522498465617558594e+01
5.526480617680995522e+01
5.538472614342179412e+01
5.539334078020278440e+01
5.557210983723270914e+01
5.561526403653057571e+01
5.567874082439299599e+01
5.550536542852233168e+01
5.551071367196131234e+01
5.510255812240689721e+01
5.474156089657034840e+01
5.409328308742297509e+01
5.426981440109984334e+01
5.422200181670881136e+01
5.386836471656887682e+01
5.334759777084919108e+01
5.309789605479586783e+01
5.319729212186678780e+01
5.323750644440625734e+01
5.325046154223848305e+01
5.341507991063756577e+01
5.353998477892617558e+01
5.372057913730881751e+01
5.359772174895048380e+01
5.354956300788058599e+01
5.344414356909631181e+01
5.336367809883878266e+01
5.360908722657304537e+01
5.391121817690815732e+01
5.372553826136056898e+01
5.333379937642697399e+01
5.310700660398202899e+01
5.313829818574620134e+01
5.334188495814204600e+01
5.354925367638033151e+01
5.344072987503989225e+01
5.357117693270812708e+01
5.362207792207792068e+01
5.359189723320157839e+01
5.356818795571158631e+01
5.359029533793238897e+01
5.378550315469030352e+01
5.376110033633663221e+01
5.390520953526624481e+01
5.381673458866275439e+01
5.380356467728868353e+01
5.386005327375837481e+01
5.385525740799842964e+01
5.373542827682714318e+01
5.360957454643654785e+01
5.373087177472810794e+01
5.386851447229518897e+01
5.373634522377433598e+01
5.334737804728352728e+01
5.283640414406009711e+01
5.258342007708737498e+01
5.265391819900326453e+01
5.282803500846979006e+01
5.301143544546191322e+01
5.295312523015736872e+01
5.289493531043625296e+01
5.322838362016055669e+01
5.330313750521690253e+01
5.331539169714972815e+01
5.289554415338914595e+01
5.277796626813640302e+01
5.283990621854515979e+01
5.284250116613065273e+01
5.278434438907028436e+01
5.276211548376009830e+01
5.263965335231875997e+01
5.238973805022954622e+01
5.222593474578351902e+01
5.232859597869049395e+01
5.261112979647950993e+01
5.262619865956349940e+01
5.266287653745120423e+01
5.287357670684702526e+01
5.291947806446861335e+01
5.295979672501411528e+01
5.298899786413964108e+01
5.281758402278251197e+01
5.230364078265779426e+01
5.196721086097267772e+01
5.182750595340387179e+01
5.149510961628163841e+01
5.103410870792723131e+01
5.073370240345665394e+01
5.049915670341000862e+01
5.053618196548253394e+01
5.048322122112292476e+01
5.058521100827339012e+01
5.060196032700758906e+01
5.074263250926767199e+01
5.079150688630839738e+01
5.040715513220239075e+01
5.009937274445780986e+01
5.006435322711315195e+01
4.998640905408391433e+01
5.011252056072471817e+01
5.034478432720398899e+01
5.039543858787715180e+01
5.004593572778828303e+01
4.985544889892715759e+01
4.985397466427712487e+01
4.989716814376549792e+01
4.975768295976235578e+01
4.983597819949427077e+01
4.995955613384725069e+01
5.013893280632411376e+01
5.036019811946088254e+01
5.022799818329119148e+01
4.980001718508334818e+01
4.968317703090860249e+01
4.987295190631674302e+01
4.976208847862912421e+01
4.981823828345567762e+01
4.991949156703410040e+01
5.016640807207915032e+01
5.010918910956718264e+01
4.966167235411091951e+01
4.956933690128396819e+01
4.958385829671274081e+01
4.946331598458252188e+01
4.942497360862200395e+01
4.943954533179486077e+01
4.927457466918714601e+01
4.912063437507671892e+01
4.923050597795399597e+01
4.926299437802273218e+01
5.003029239191810262e+01
5.032607590896815708e+01
5.064541035524022305e+01
5.090055483269093628e+01
5.118874990793705138e+01
5.095713058208332313e+01
5.092019615545135736e+01
5.122618147448014980e+01
5.140319519799670900e+01
5.141562860579873728e+01
5.157993641519161088e+01
5.154014312719417035e+01
5.181927798099820848e+01
5.156189944271229564e+01
5.134994476223209858e+01
5.143254732035450161e+01
5.146406476321410395e+01
5.151946087938526375e+01
5.168042496256106944e+01
5.156524439643532531e+01
5.150451231188471013e+01
5.160791373088159162e+01
5.183049370289445790e+01
5.194763091350993278e+01
5.176786634915179519e+01
5.161220018167087886e+01
5.169902904279085476e+01
5.143247121498539087e+01
5.112219330763754499e+01
5.099541526526403601e+01
5.116303611322514655e+01
5.111413104853558309e+01
5.133490904180884939e+01
5.126564824589399194e+01
5.127444578106203465e+01
5.125068249331009440e+01
5.123109149829376463e+01
5.145932904524586604e+01
5.118904819188372812e+01
5.096110156384258261e+01
5.032023175312400554e+01
4.999939852208283497e+01
4.989427613973927578e+01
4.999993248717256478e+01
4.993979942552721241e+01
5.044162595438587715e+01
5.030614366729678721e+01
5.028757395723368973e+01
5.033355142022438855e+01
5.060899884614440225e+01
5.071589006456681403e+01
5.076206883853386387e+01
5.070973657722240091e+01
5.093576093094051771e+01
5.116019320943706816e+01
5.100490634129575795e+01
5.099542876782952305e+01
5.153254854786045769e+01
5.210588098102275723e+01
5.223281000662853302e+01
5.221705865023445625e+01
5.224071391746250015e+01
5.218358824540298713e+01
5.187659023396263791e+01
5.157600225861095566e+01
5.121468833623843153e+01
5.114230108266025354e+01
5.136729801389536476e+01
5.133848476665112059e+01
5.152482262538973146e+01
5.161490560479218459e+01
5.195670095499963281e+01
5.202296049885841711e+01
5.189921316868386469e+01
5.200600986914786716e+01
5.210798369872093616e+01
5.212599121105737510e+01
5.195559374462965962e+01
5.182788648024943257e+01
5.175714408464880734e+01
5.156663761569243576e+01
5.139231949524955212e+01
5.171927798099820706e+01
5.145874352490609738e+01
5.137123094297007242e+01
5.124109444430805382e+01
5.123308251295019033e+01
5.099816610610561440e+01
5.062555176392605460e+01
5.038837060859745520e+01
5.050654506174355163e+01
5.057354601919819004e+01
5.043051825301352409e+01
5.058213978837797242e+01
5.064552819581174958e+01
5.043266393342008058e+01
5.016818181818182154e+01
5.018999828149166831e+01
4.999170819728475834e+01
4.997161883485134837e+01
5.014189600569562799e+01
5.020040016694080975e+01
5.003371836103405457e+01
4.989558588859156174e+01
5.026745758966931277e+01
5.016809098274126910e+01
5.047413522205582836e+01
5.034614317629440450e+01
5.035356467728868779e+01
5.030577173299290195e+01
5.026435936464292098e+01
5.020045417720275793e+01
4.998060908845408079e+01
4.988470527582058622e+01
5.009454987356688349e+01
5.031068298431247143e+01
5.025687035082120246e+01
5.056414332359511832e+01
5.046829843124739057e+01
5.051032087005621918e+01
5.045369970294355966e+01
5.057680627501043347e+01
5.104867183855841972e+01
5.139408710382245005e+01
5.190505241450421181e+01
5.169083421304593173e+01
5.135008347040483301e+01
5.153277686396778989e+01
5.140316573785382559e+01
5.140677706036873928e+01
5.120570299265951775e+01
5.098708909238209941e+01
5.067230010065549095e+01
5.063926791544938766e+01
5.059703925564038940e+01
5.059805072054599151e+01
5.061964991530209090e+01
5.078064591363268221e+01
5.120998821594285033e+01
5.172127636069034651e+01
5.176596739744187659e+01
5.223899418162178421e+01
5.237053617460044563e+01
5.255510765227211323e+01
5.232968232145925924e+01
5.266326688434438807e+01
5.286384258463653651e+01
5.303329855399798731e+01
5.302007954238577980e+01
5.294611739866938649e+01
5.303916848746716539e+01
5.296101318341393949e+01
5.282345027373382607e+01
5.279314683426214572e+01
5.285086293668524604e+01
5.272197972160164881e+01
5.249485184003142280e+01
5.227348587140647851e+01
5.210342105909213473e+01
5.195682370559497087e+01
5.215243659931750386e+01
5.275922838975768769e+01
5.275494439398030977e+01
5.277674489971276017e+01
5.295298529447867963e+01
5.295495666903984500e+01
5.274313087668475220e+01
5.252631281761716764e+01
5.261634178675766549e+01
5.252598875604546436e+01
5.257326369282890965e+01
5.292583531780129391e+01
5.311233397981980175e+01
5.309237350551150314e+01
5.267219085262563283e+01
5.253567009549996669e+01
5.280844892347727892e+01
5.292475634006824947e+01
5.284947953747575866e+01
5.283141433235951467e+01
5.300069722338153611e+01
5.286391623499373793e+01
5.292665651928411563e+01
5.302260206712002599e+01
5.309577615201433787e+01
5.334965752583899956e+01
5.362852232833328969e+01
5.349547050303193885e+01
5.282280337809638127e+01
5.244711167849163758e+01
5.248238406206269957e+01
5.266649031497802724e+01
5.274242506076154768e+01
5.304541894778189715e+01
5.320565511992732866e+01
5.327359020941251799e+01
5.324587435249060974e+01
5.312339012594210885e+01
5.311538187710210224e+01
5.327057545479095779e+01
5.356528613163774111e+01
5.367776250214813416e+01
5.362449979132399136e+01
5.374439152529889441e+01
5.385092799450077194e+01
5.377789016276729228e+01
5.357364299216850867e+01
5.336809957528294035e+01
5.361993592418923527e+01
5.334538703262710868e+01
5.306660692804359769e+01
5.317314094223357301e+01
5.296017111432990276e+01
5.296287530994525383e+01
5.287296418137628251e+01
5.332179436820268847e+01
5.332521419978886712e+01
5.335479954827781057e+01
5.345624800530282528e+01
5.356961554513539170e+01
5.357743353055262503e+01
5.397074362310657136e+01
5.383467213315984878e+01
5.382916799646478268e+01
5.393685586625095141e+01
5.449214641691012417e+01
5.455817273463776473e+01
5.448727321827510650e+01
5.440285149632975958e+01
5.458133945449635149e+01
5.462790121032087143e+01
5.457138315370829673e+01
5.455182284634080503e+01
5.427131318586894793e+01
5.447766552917781979e+01
5.467505830653279020e+01
5.458871676527630967e+01
5.463699334691773402e+01
5.442950310559006510e+01
5.413334028920040453e+01
5.396461591338717767e+01
5.402885129992880309e+01
5.406123413448555226e+01
5.423849213168684003e+01
5.418656862985785239e+01
5.394286328038690925e+01
5.370562565978445235e+01
5.379783713451010385e+01
5.396194363292661933e+01
5.416302629317752348e+01
5.425359536493751733e+01
5.409468244420985172e+01
5.394750816291458761e+01
5.413781454840056284e+01
5.423013404365011070e+01
5.406314658876095791e+01
5.426535609947708139e+01
5.450707288930351524e+01
5.446664866324601917e+01
5.417263398227481730e+01
5.410318415044312701e+01
5.417903788083372518e+01
5.404187636560037333e+01
5.420438587877151093e+01
5.446754965261581560e+01
5.450898411607296623e+01
5.459158176417155772e+01
5.468055753320403767e+01
5.477361721454349208e+01
5.447029926595143934e+01
5.394912969827903737e+01
5.393026784179902933e+01
5.414982937667247853e+01
5.428450396484422669e+01
5.455012152308938767e+01
5.435562197726658695e+01
5.425433309601551457e+01
5.416228242456976005e+01
5.389839933223676383e+01
5.389232072275550678e+01
5.392999042545356048e+01
5.370452090442638848e+01
5.337907470601232518e+01
5.329688949991407299e+01
5.351616134338251385e+01
5.350149387474529306e+01
5.334896766749318431e+01
5.334180885277293527e+01
5.326448334274421370e+01
5.350278521100827334e+01
5.359190214322539703e+01
5.342797117816021313e+01
5.339504087594824711e+01
5.338940785112807674e+01
5.345796528613163900e+01
5.347618883951587065e+01
5.333560749269634016e+01
5.326159256622394622e+01
5.313273267375346620e+01
5.330496526158152193e+01
5.340695259372007797e+01
5.342652640365305672e+01
5.316468956374438193e+01
5.287207301205410914e+01
5.290186949156703378e+01
5.311359340092799641e+01
5.312567205950949045e+01
5.311057496378857223e+01
5.309295657083936959e+01
5.295998207841307703e+01
5.297517000957454769e+01
5.286573908133454580e+01
5.283895735644318137e+01
5.309552696830579777e+01
5.333693565413792470e+01
5.345219355313873422e+01
5.336200132570643007e+01
5.323701175950703401e+01
5.330218127807919615e+01
5.332747894827289770e+01
5.358508948518399961e+01
5.363055016816831255e+01
5.348624456828615337e+01
5.347783492499938518e+01
5.350121032087005801e+01
5.338009108094174593e+01
5.305884172538236498e+01
5.300551886676650071e+01
5.276227628703999528e+01
5.264570741168094514e+01
5.283729531338227048e+01
5.288615127783369729e+01
5.294440011784057276e+01
5.290460069231335893e+01
5.291260403112955402e+01
5.271644366975179707e+01
5.230992684064517562e+01
5.230626887290403459e+01
5.235874966243586215e+01
5.206332580463015347e+01
5.229619227653254399e+01
5.265304544227039685e+01
5.256974566076645772e+01
5.265196278201949553e+01
5.295352907961603961e+01
5.312902192325632456e+01
5.313305182530135085e+01
5.308843075638916531e+01
5.325072177350060088e+01
5.344882404929663977e+01
5.315757002921463936e+01
5.265456263962880001e+01
5.264174133994549720e+01
5.270219969066850041e+01
5.283372818108167479e+01
5.269482974492426308e+01
5.246219281663515943e+01
5.248899418162178421e+01
5.241438023224412746e+01
5.241381435199960492e+01
5.249513171138880097e+01
5.261151646085483691e+01
5.247008690742150350e+01
5.245843051088797893e+01
5.211342891513023545e+01
5.193499128470772774e+01
5.186657624039476389e+01
5.222363317212088418e+01
5.228554611739866687e+01
5.239983796921415404e+01
5.248788083372204483e+01
