6.059527913707962732e-01
1.412929172174836046e+00
1.327497773996810349e+00
1.138528084843584587e+00
8.335334049292019154e-01
6.374640677201014460e-01
3.973719521117887732e-01
3.014169533395008038e-01
2.518880723432435076e-01
2.265612405100337623e-01
2.267410569236759932e-01
2.448529101736406366e-01
2.473628992854467745e-01
2.601472262388110912e-01
2.569936183774855221e-01
2.568671268313371669e-01
2.575839122595110497e-01
2.532261544833812605e-01
2.448057858721344182e-01
2.136119785013975980e-01
1.896257090347207019e-01
1.883967568559658246e-01
2.192420924181959219e-01
2.052697370215953443e-01
2.111863170870237061e-01
2.140770209504723465e-01
2.084481471468715708e-01
2.117505685919010561e-01
2.154535465997336197e-01
1.960284134735818806e-01
1.690162678049252354e-01
1.533127143845690321e-01
1.400199410202163375e-01
1.636465776596087718e-01
1.497411883756749329e-01
1.664318719012671532e-01
1.636726200367569495e-01
1.747666727018842292e-01
1.702328188517047702e-01
1.778942381860616206e-01
1.892673163206337605e-01
1.811309336316218876e-01
1.755752265066755358e-01
1.429924923547021276e-01
1.456636961821874965e-01
1.501839087871940925e-01
1.393974041950549192e-01
1.558214633831776219e-01
1.558933899486344976e-01
1.580338253275758997e-01
1.571570652969203064e-01
1.563423109261413424e-01
1.680192167941089720e-01
1.550153898047813839e-01
1.550525932007073560e-01
1.322233493473284338e-01
1.164230670975646698e-01
1.158005302724032654e-01
1.231134777982534206e-01
1.389249210667949652e-01
1.818303574750303186e-01
1.633973149069047059e-01
1.422347831910096838e-01
1.503885274647869807e-01
1.616574360907663543e-01
1.557110933085971982e-01
1.386806187668810364e-01
1.130301173891152811e-01
1.105970152955561836e-01
1.137270610061286435e-01
1.140817333806229822e-01
1.192356438295687632e-01
1.203877089900766140e-01
1.269615490501972976e-01
1.345733638566528334e-01
1.407466473539704666e-01
1.372482880237308189e-01
1.392064267626348939e-01
1.237174129254518390e-01
1.210338079659911414e-01
1.183142397238019922e-01
1.201322456713848907e-01
1.249029611422930730e-01
1.272095716897038431e-01
1.321042984803652842e-01
1.484936344989570556e-01
1.498974426385640546e-01
1.599572408969490711e-01
1.535855392880262071e-01
1.620393909556064327e-01
1.626110831396689882e-01
1.330802675668235069e-01
1.182943979126414719e-01
1.180686973106905152e-01
1.204670762347187091e-01
1.237856191513161258e-01
1.400571444161423096e-01
1.325681008162425123e-01
1.265485913554189323e-01
1.329860189638110146e-01
1.376761270768795675e-01
1.232114467408585018e-01
1.247107435966754996e-01
1.104717638626053766e-01
8.504820319998809830e-02
8.504448286039549554e-02
8.823281389125199603e-02
1.036474209365830929e-01
1.001689034175039517e-01
1.065182829888712268e-01
1.028525083769646492e-01
1.037478701055832425e-01
8.969366723794547358e-02
9.891638908799595120e-02
9.382572441212433390e-02
9.147446978960240005e-02
7.854876993171937272e-02
7.047811324217674589e-02
6.477483264672399821e-02
7.701350979317392320e-02
9.997544575868885786e-02
8.425949120635731204e-02
8.560005357289013350e-02
8.544875976279114882e-02
8.280855876524409465e-02
8.242040333441635891e-02
8.570174285508781742e-02
7.591600961335751019e-02
6.369593416487057125e-02
5.430827725954825297e-02
5.783763941972622918e-02
6.307959790569683811e-02
7.395787087445342134e-02
7.745250986510048008e-02
7.775757771169351795e-02
8.026136625751198461e-02
8.600061013569318402e-02
8.223438635478647063e-02
8.157588624689661450e-02
8.335296845896093820e-02
6.833271741044522063e-02
5.823199541654162231e-02
5.837336832106034684e-02
6.239257519426373577e-02
6.902718080106351461e-02
6.867622876616177874e-02
7.092579410648604255e-02
7.513101795931932669e-02
7.778734042843431229e-02
7.778237997564417527e-02
8.130182123024189134e-02
8.231003325983596297e-02
6.064153535934760364e-02
4.807918866834164778e-02
4.753725920101986580e-02
5.215792097502659763e-02
6.342062903501831383e-02
6.151953550320073127e-02
6.705168047739397397e-02
6.922559891266874543e-02
6.263563738098013034e-02
6.057084890708824138e-02
6.895897457519922780e-02
5.635074369588456006e-02
5.113606770025967696e-02
4.999144321893702475e-02
4.980666635250465685e-02
5.302227987370686929e-02
6.220407798823876511e-02
6.646882727455362405e-02
6.555982430076216783e-02
6.032902683356936718e-02
6.686938383735667457e-02
6.407168846372296445e-02
7.595321300928348229e-02
7.650382326898799712e-02
6.984069505864495819e-02
5.957875834906210116e-02
4.989967484231960793e-02
4.779396263290913022e-02
8.077725334768558196e-02
6.196721636751002793e-02
6.036375000310028466e-02
6.290350183164719611e-02
6.346775333652455997e-02
6.820498575109935901e-02
6.630885267207191347e-02
6.350371661925301170e-02
6.421058114184663435e-02
5.538097517541400866e-02
4.712802184583408938e-02
4.280498723923519683e-02
4.417655243570633300e-02
5.075287272222208518e-02
5.123651686925982662e-02
5.400568963935027667e-02
5.358529126538670584e-02
5.377626869780673807e-02
5.600971256656307740e-02
5.183921188326070378e-02
5.405281394085652280e-02
5.140145192453167422e-02
3.794250339170959774e-02
2.724156661020018036e-02
3.425192651585236975e-02
4.247635724188904283e-02
4.439853269806467995e-02
4.929573971512119651e-02
4.904771707561466493e-02
4.909112103752830830e-02
5.152546324428494001e-02
4.944207307243005112e-02
4.853679043823120459e-02
4.835201357179883669e-02
3.796854576885778237e-02
3.716743264325167440e-02
4.075259989731862958e-02
4.269213693825972544e-02
4.966777367438100083e-02
7.070505395732522291e-02
7.296826054282234963e-02
7.101136191711579504e-02
7.945033222632562342e-02
7.333781427568708544e-02
7.704575273630977217e-02
7.307367016461262244e-02
6.736542911636973774e-02
5.349972345475695334e-02
5.331618670152211276e-02
5.335587032384316031e-02
5.704148674691025822e-02
6.482939762741543599e-02
6.607943173052836794e-02
7.324232555947707279e-02
6.767669752895044688e-02
7.109816984094308179e-02
7.245857401863642355e-02
7.103988452065904124e-02
6.827567220335872822e-02
4.998896299254195624e-02
7.712511998095186727e-02
5.791204621157819421e-02
5.351956526591747365e-02
6.042203532338431826e-02
6.571731867684882378e-02
7.608094466862935779e-02
7.617643338483937043e-02
8.522925972682786344e-02
8.376964649333190627e-02
9.300228924896264404e-02
9.071428039951487388e-02
8.045606402952461267e-02
6.531428188765070475e-02
5.997931491186515168e-02
6.691774825206045496e-02
6.647750806693634995e-02
8.114680708055031777e-02
8.633916103861960512e-02
8.962918135167377565e-02
8.573894625101378952e-02
8.157836647329168300e-02
8.292512940581216185e-02
7.898901011684346385e-02
7.387354317702120310e-02
7.546956886224574779e-02
6.799664673391386804e-02
6.582024807224402807e-02
6.092800150797764852e-02
7.055376014722623823e-02
7.703211149113690925e-02
7.165622077983278826e-02
8.231871405221868887e-02
7.976408086530138719e-02
7.940816837760951430e-02
8.318555317729402210e-02
8.635404239699000228e-02
9.034348655345260382e-02
9.419651825818660396e-02
1.010208611842088877e-01
9.537214556944757782e-02
9.193579189908454574e-02
9.294152370228354887e-02
1.061288874448459707e-01
1.051491980187951591e-01
1.084280573130715353e-01
1.241440118654030672e-01
1.230390710064014625e-01
1.177760305960728060e-01
1.246164949936630212e-01
1.154768607278472414e-01
1.021679658919266154e-01
8.244396548516948198e-02
7.196252873962334651e-02
7.263715031908112019e-02
8.060239738683347421e-02
8.788310196954778053e-02
9.040053176053909623e-02
9.311761977633317700e-02
1.065926897807231849e-01
1.041000622536825126e-01
1.451416085260262556e-01
1.173010672414177974e-01
9.408862841000126265e-02
7.744258895952021993e-02
6.467190325132878004e-02
6.548665762210774399e-02
6.615383852238032603e-02
7.319892159756342942e-02
7.980748482721503057e-02
8.292884974540476462e-02
8.254689488056470015e-02
8.581335304286574761e-02
8.640364692489130305e-02
7.849544506422546919e-02
7.800560035120006341e-02
7.718712564082849670e-02
6.682349964904796269e-02
6.434823370677275611e-02
6.475251060916840939e-02
7.798947887963213199e-02
7.520294452477621627e-02
8.091738613900677224e-02
8.783473755484400014e-02
9.057662783458873823e-02
8.265974518154016459e-02
8.716879676776896624e-02
9.790941717159942770e-02
8.338149106250418441e-02
7.174922926964773240e-02
6.297046794431396255e-02
5.828904062362812166e-02
5.940638261460506192e-02
6.540977060386071740e-02
7.611814806455532989e-02
7.592593051893777034e-02
8.435373980936980431e-02
8.386389509634439854e-02
9.052826341988497172e-02
8.275895423734278000e-02
9.073784255026798307e-02
7.960534637601719699e-02
6.546681581094722369e-02
5.227077127600207596e-02
5.680710535257658261e-02
6.133599874996589763e-02
6.184940561374441953e-02
6.795200265880269042e-02
7.133007100888169583e-02
7.500700663956605396e-02
7.514341909129465535e-02
7.405583981705850249e-02
7.578455761441904581e-02
9.034968711944026121e-02
8.247496831510779669e-02
6.076058622631073936e-02
4.897207017056517259e-02
4.893982722742931668e-02
5.496925759383316373e-02
6.325817420614153475e-02
7.238664745317952010e-02
1.073417181520329167e-01
8.913437618585824673e-02
8.907237052598161731e-02
8.804059634563442260e-02
8.735605386059638877e-02
8.708818940992933688e-02
9.138394152618251054e-02
8.282716046320708070e-02
6.678381602672692208e-02
7.269295541297009222e-02
6.962615547547179595e-02
7.564194459670278703e-02
8.367167755072682511e-02
8.250349091865105677e-02
8.442194603523409113e-02
8.292512940581216185e-02
8.644829100000248068e-02
8.621638983206386664e-02
8.500603935127198918e-02
8.021176172961068385e-02
8.074749063094478763e-02
6.872955363365568227e-02
5.685050931449022599e-02
5.509946947957409386e-02
5.771858855276309347e-02
5.647723524203289436e-02
6.084491392374295760e-02
5.962836287696340887e-02
5.653056010952679789e-02
6.815662133639559250e-02
5.922780631416035835e-02
5.639414765779820343e-02
5.581377468135291509e-02
5.678850365461359656e-02
4.143590226915912916e-02
3.855015885850060497e-02
3.911689058977303735e-02
4.368670772268092722e-02
4.971737820228230159e-02
5.344887881365811139e-02
5.170155931833457508e-02
5.275193519664474889e-02
5.536609381704361843e-02
5.369318111357204715e-02
5.052593200707360815e-02
5.049244895074022493e-02
5.704024663371272397e-02
4.508183506990517952e-02
3.857620123564878961e-02
3.554660469407647239e-02
3.994652631892239153e-02
4.381071904243419302e-02
5.023078506606083043e-02
4.777040048215601409e-02
4.774063776541522669e-02
5.424875182606668511e-02
4.809655025310710652e-02
5.137044909459335257e-02
4.407238292711358751e-02
4.718134671332799290e-02
6.789495745171619800e-02
4.742068856045179859e-02
3.734104849090624789e-02
4.178933453045594049e-02
4.810275081909476391e-02
4.680683252767312702e-02
5.412102016672081656e-02
5.543802038250051495e-02
5.925508880450607724e-02
5.265520636723720199e-02
5.153786437626026173e-02
5.446825186202996355e-02
5.629245837560052645e-02
4.931806175267678533e-02
4.345728678113738169e-02
4.074143887854083518e-02
3.560116967476791017e-02
3.746629992385704794e-02
4.530009499267093065e-02
4.692340316824119423e-02
4.919281031972598528e-02
4.821808134646530380e-02
4.643107822882072688e-02
5.014645736862860526e-02
4.854175089102133467e-02
4.767739199234106301e-02
5.331122624873198268e-02
4.241435158201240646e-02
3.966874096267507255e-02
3.688716706060929384e-02
3.857744134884632387e-02
4.291783754021066821e-02
4.604540302438806659e-02
5.974865385712407884e-02
6.338714597868493061e-02
6.858198016314928647e-02
6.697231323275187886e-02
7.547328920183835055e-02
6.664492334860326606e-02
7.543484569271483031e-02
7.256274352722916210e-02
6.811693771407453801e-02
5.791948689076338586e-02
5.278541825297813211e-02
5.851846156517166719e-02
6.217555538469551196e-02
7.006391543420083245e-02
6.951950574048398890e-02
6.961251423029894692e-02
7.070257373093015441e-02
6.676273410236886752e-02
7.020652845191709124e-02
6.388443137089554191e-02
6.654199395320804789e-02
7.149128572456094066e-02
6.728110141893751950e-02
5.242826565208872497e-02
5.235261874703923263e-02
4.961072846729449454e-02
5.581005434176031926e-02
7.380409683795936815e-02
6.630389221928177645e-02
5.965688548050666201e-02
6.008348442045789717e-02
6.136080101391654801e-02
5.916084020149359191e-02
5.935429786030868571e-02
5.954775551912378645e-02
5.486384797204289093e-02
4.691968282864859840e-02
4.064843038872588410e-02
3.596452284164498858e-02
4.358625855368077756e-02
4.934038379023237414e-02
5.030147151832019270e-02
5.340919519133706383e-02
5.267132783880512648e-02
5.474231687868468671e-02
5.356048900143604852e-02
5.553722943830313036e-02
5.258576002817537398e-02
5.310412734474402596e-02
4.100930332920788707e-02
3.678423766521408261e-02
3.284563814985031610e-02
3.869029164982179525e-02
4.618305558931419530e-02
4.978310420175153378e-02
4.865832153158940188e-02
5.439136484378294389e-02
4.687503875353742078e-02
4.823296270483569403e-02
5.211699723950802277e-02
5.356296922783111703e-02
4.936394594098549027e-02
5.565007973927860174e-02
4.009037944983617763e-02
3.762627452633876546e-02
3.810123788099377407e-02
4.104154627234374297e-02
4.884061817162670821e-02
5.412598061951094663e-02
5.245802836882950543e-02
5.464806827567220138e-02
5.088804506075314538e-02
5.563023792811808144e-02
6.429986929206897572e-02
6.427134668852572952e-02
6.202922202738665736e-02
4.071663661459017786e-02
3.957201213326752565e-02
4.093489653735592898e-02
4.179181475685100206e-02
4.634799064458603596e-02
5.239602270895287600e-02
6.003015955296399364e-02
5.561907690934028703e-02
5.380107096175738846e-02
4.867692322955239487e-02
4.968265503275139106e-02
7.838259476324999087e-02
5.903558876854279186e-02
4.653524773741347237e-02
3.704342132349840860e-02
3.442802258990200481e-02
3.676935630684368544e-02
3.829097520021627898e-02
4.447789994270676811e-02
5.858418756464089938e-02
5.536237347745102261e-02
6.898501695234740549e-02
6.563919154540426293e-02
6.538868867950266284e-02
7.350522955735400155e-02
7.367884540500857504e-02
8.291272827383683319e-02
8.228895133547790841e-02
6.584257010979961688e-02
6.783171167864202045e-02
7.208033949338896185e-02
7.550429203177666526e-02
7.522402644913427083e-02
8.291520850023190170e-02
7.298438201439026718e-02
7.512233716693660079e-02
7.243749209427836899e-02
6.698347425152967327e-02
7.004531373623784640e-02
6.693883017641850952e-02
6.901725989548325446e-02
6.892797174526091308e-02
5.204631078724866050e-02
4.721606988285891038e-02
4.492310058062099626e-02
5.111126543630902658e-02
5.279781938495346078e-02
5.375890711304127934e-02
5.903806899493786037e-02
6.206890564970770491e-02
6.111773882720014650e-02
6.035134887112495600e-02
5.180076837413719049e-02
6.146869086210188932e-02
6.423290317940220928e-02
5.506722653643824489e-02
4.777536093494614416e-02
4.517980401251026068e-02
4.761042587967429657e-02
5.032379355587578151e-02
5.749908851679981503e-02
5.879624692141898618e-02
6.421058114184663435e-02
6.380878446584603569e-02
5.938158035065440460e-02
5.761565915736788224e-02
6.086847607449608066e-02
5.583361649251343539e-02
5.348980254917668625e-02
4.031483993858959308e-02
3.607365280302785721e-02
7.144664164944976303e-02
5.682694716373710292e-02
5.744948398889850733e-02
5.698196131342869036e-02
5.886073280769068411e-02
6.068865966085384284e-02
6.349875616646287468e-02
6.336110360153675292e-02
5.549754581598208281e-02
5.340919519133706383e-02
4.407114281391605326e-02
3.557264707122466396e-02
3.245872283222012850e-02
3.253064939767701808e-02
3.789909942979595436e-02
5.702040482255220366e-02
1.030534067149649485e-01
1.157955698196131283e-01
1.372036439486196413e-01
1.306856089823879019e-01
1.369692625542859588e-01
1.356510222253087261e-01
1.293066031067315880e-01
1.288378403180642229e-01
1.219316499210047894e-01
8.763755955643631745e-02
7.205305700304323602e-02
7.282688763830362511e-02
8.479149976809882694e-02
9.390633176996396325e-02
1.007393554883689729e-01
1.151643522020689980e-01
1.131615693880537454e-01
9.306181468244421884e-02
7.893568524934956032e-02
6.969436170133609665e-02
7.188688183457385417e-02
6.644526512380050098e-02
5.741476081936758985e-02
4.094233721654112756e-02
3.926446406027941927e-02
4.469119941268238916e-02
5.179332769495199190e-02
1.216588250175476005e-01
1.281396565878533400e-01
1.337176857503552807e-01
1.411844073126995169e-01
1.447026084540996849e-01
1.403138478480315809e-01
1.326177053441438269e-01
1.270930010491357620e-01
1.235586784361676488e-01
6.489884396647725706e-02
5.591174362395799624e-02
6.110037724243468776e-02
7.105972633181957543e-02
7.724045050832240022e-02
9.761675045698171849e-02
1.171138101485903610e-01
1.152821629558346134e-01
1.601916222912827537e-01
1.382565000533248767e-01
1.330815076800210273e-01
1.407206049768222889e-01
1.320075696509577512e-01
1.089985093839365704e-01
7.808744782223721315e-02
8.151016024742738231e-02
8.909593267673472650e-02
1.091584839864182810e-01
1.233205767022413774e-01
1.368626128192981517e-01
1.398971698136605990e-01
1.402245596978092257e-01
1.523441859772960150e-01
1.474891428089556145e-01
1.568197545071914056e-01
1.676496630612442362e-01
1.542948840370149122e-01
8.608245760673034763e-02
8.982511923688393796e-02
9.155755737383708404e-02
1.125340721101022040e-01
1.267209670898759577e-01
1.336246772605403366e-01
1.507841235747998943e-01
1.685475050162578703e-01
1.881450138768666902e-01
1.913097827569700538e-01
2.120940799476176142e-01
2.208480390090007406e-01
2.203271914660370201e-01
1.644427303324247358e-01
1.259880601901341435e-01
1.158588155926873059e-01
1.284484447740389668e-01
1.459253600668669049e-01
1.739543985575003338e-01
2.025886122885297014e-01
2.389189685234468230e-01
2.602451951814161446e-01
2.838656312548209493e-01
2.956057828958627565e-01
3.228882732415814805e-01
3.304107998978146887e-01
3.260580025744749810e-01
2.839040747639444695e-01
2.596176979034646171e-01
2.496261058709438874e-01
2.498766087368455013e-01
2.955016133872699902e-01
2.880733353340492742e-01
2.968483763197904968e-01
2.922487964701417917e-01
2.970554752237784535e-01
2.999300576156591625e-01
2.948654353169357090e-01
3.005773967047712381e-01
3.049289539149133699e-01
2.961303507784190381e-01
2.329379025717467355e-01
2.022562619515909377e-01
2.014043041848860016e-01
2.229401099732383484e-01
2.895503101523106970e-01
2.977586194067794456e-01
2.833336226930794344e-01
2.739583669197324101e-01
2.584110677622653562e-01
2.502957669976115240e-01
2.612385258526398468e-01
2.748859715914868662e-01
2.774939296458980853e-01
2.663477922264744224e-01
2.326464759703265606e-01
2.065371327094737142e-01
2.133217920131749712e-01
2.340564846759212170e-01
2.373440247625803190e-01
2.616093196987021030e-01
2.909280759147694906e-01
2.880187703533578780e-01
2.900426350917311713e-01
2.768974351978848447e-01
2.657413768728809633e-01
2.435582319954165409e-01
2.349047221030335642e-01
1.639987698077080558e-01
1.262906478103321406e-01
1.268375377304440388e-01
1.709409234874959271e-01
1.794282582114095359e-01
2.091785738202183165e-01
2.665586114700549958e-01
2.932966921220568901e-01
3.062447140174955340e-01
3.141082718030501764e-01
3.046536487850611263e-01
2.911314544791648307e-01
2.893680135122734254e-01
2.077970877181669063e-01
1.566597799047096951e-01
1.466867895701519653e-01
1.566771414894751469e-01
1.928772858386513522e-01
2.015766799193430270e-01
1.821019422652899733e-01
1.713055167675705537e-01
1.643472416162147232e-01
1.664851967687610568e-01
1.650454253464256338e-01
1.587134073598238104e-01
1.729784294710421111e-01
1.427767126583314450e-01
1.125526738080652039e-01
9.848606980845212022e-02
1.025958049450753917e-01
1.012019177110486667e-01
1.068270711750568536e-01
1.108537187274454411e-01
1.348325475149371733e-01
1.197341693349768948e-01
1.122166031315338514e-01
1.246437774840087470e-01
1.237645372269580712e-01
1.147526346204881531e-01
8.698277978813906408e-02
5.804721855010925441e-02
5.725230599049081076e-02
6.542961241502123770e-02
6.866630786058151859e-02
8.885907105600598932e-02
9.567473318964554718e-02
1.091646845524059384e-01
1.166239654355649552e-01
1.178764797650729557e-01
1.266974049391228485e-01
1.267966139949254500e-01
1.360354573165438452e-01
1.271227637658765564e-01
8.794510762942440996e-02
7.984592833633853692e-02
8.543387840442075165e-02
9.308165649360473914e-02
1.006426266589614260e-01
1.073776814347613684e-01
1.124497444126699858e-01
1.202140931424220405e-01
1.265981958833202192e-01
1.242804243171316686e-01
1.214318843023991235e-01
1.302726512876095366e-01
1.284546453400266242e-01
1.106652215214204704e-01
8.949400901314272239e-02
9.449662565198951869e-02
9.346113113204973510e-02
1.058659834469690419e-01
1.125477133552750669e-01
1.195444320157544038e-01
1.244441192592059819e-01
1.182199911207894999e-01
1.228096500648579170e-01
1.413257802172182276e-01
1.436447918966043125e-01
1.432529161261839878e-01
1.282649080208041470e-01
1.043840481759174960e-01
7.921843105838700938e-02
8.108232119427861984e-02
8.602541239964384134e-02
1.015999940474566487e-01
1.105598118996301976e-01
1.189851409636671631e-01
1.207461017041635554e-01
1.268015744477155871e-01
1.185697030424937154e-01
1.175416492017391373e-01
1.190855901326673127e-01
1.083313284836639884e-01
1.091386421752577607e-01
8.553680779981596982e-02
8.475553648537038909e-02
8.355386679696122365e-02
8.113688617497005762e-02
9.295640506065393216e-02
1.017661692159260306e-01
1.023725845695195036e-01
1.047163985128562597e-01
1.073888424535391628e-01
1.179372453117520508e-01
1.202847795946813958e-01
1.200218755968044809e-01
1.007381153751714525e-01
5.409745801596770043e-02
5.654420135469965386e-02
6.429738906567392109e-02
7.141439870631391407e-02
7.454816475647897678e-02
7.884887732552227357e-02
9.357894188581533657e-02
9.791685785078461934e-02
1.061028450676977791e-01
1.031476553179774269e-01
1.114068092135450105e-01
1.278556706656183706e-01
1.139254791177338605e-01
9.307669604081460213e-02
6.253146787238739179e-02
6.258231251348622681e-02
6.382490593741396712e-02
7.708171601903822390e-02
8.550828519627270974e-02
9.107639345319440416e-02
9.939383266904602832e-02
1.152747222766494078e-01
1.069845655511435095e-01
1.253642832517752326e-01
1.142565893414750899e-01
1.255775827217508467e-01
1.392783533280917974e-01
1.171658949028867303e-01
7.545344739067781636e-02
7.057980252437442981e-02
7.054507935484351233e-02
7.996001875051154950e-02
9.144842741245420847e-02
9.234502925427033604e-02
9.942235527258928840e-02
1.050958731513012556e-01
1.026478896993717610e-01
1.075537775088110104e-01
1.161738043448606039e-01
