3.473406439337038520e+00
8.810537779780681644e-01
9.072041960843222341e-01
1.465274648239947852e-01
1.264258174352811681e-01
8.795127935506484584e-02
5.847478844324269925e-02
5.434004306244053645e-02
5.129062140103149425e-02
5.222322367432777335e-02
5.173376395773872372e-02
5.312327875419357859e-02
5.300685994692303643e-02
5.261879725602123387e-02
5.532772520154223550e-02
5.472935756847428779e-02
4.975714786440338377e-02
5.258750187772269491e-02
5.413724901106604231e-02
5.505733313304290999e-02
5.239722597766761913e-02
5.582719943918681982e-02
5.586099844774923551e-02
5.241099594411897239e-02
5.431375494466977177e-02
5.701016473887136199e-02
5.381928796755295480e-02
5.122677882930248838e-02
5.412723449001051457e-02
5.064218116268589392e-02
4.756271593811026155e-02
5.141079565369786192e-02
5.503730409093185449e-02
5.065219568374142167e-02
5.198537879925892863e-02
5.555805918581943614e-02
5.253742927244504229e-02
5.227579990986930963e-02
5.150342997346151613e-02
5.264132992839617303e-02
5.172124580641930536e-02
5.089379600420609884e-02
4.872690401081568312e-02
5.167492864653747825e-02
5.447148365129437370e-02
5.197035701767562660e-02
5.251239296980621946e-02
5.190275900055079522e-02
5.385308697611537049e-02
5.132692403985779361e-02
5.572204696810374724e-02
5.404461469130238810e-02
5.230459165790395798e-02
5.263006359220870345e-02
5.672475088878874139e-02
5.702143107505883851e-02
5.132567222472585178e-02
5.199539332031445638e-02
5.451404536578038224e-02
4.962445546041760469e-02
6.431826147914475322e-02
5.977542436532972542e-02
4.503029392619298243e-02
4.689800210304942429e-02
4.956061288868859882e-02
5.254494016323669331e-02
5.300310450152721786e-02
5.694632216714235612e-02
5.401206749787191425e-02
5.633668819788693882e-02
5.515497471333433155e-02
5.700265384807971791e-02
5.267512893695858872e-02
5.279905863502078189e-02
5.804917129838265549e-02
6.494667267537930500e-02
5.308322066997146066e-02
6.178333583696359738e-02
6.456236542987331406e-02
4.972084522557708441e-02
4.288217915978168038e-02
5.190025537028691849e-02
5.373166090831706099e-02
4.786064793951229357e-02
5.171123128536377761e-02
5.938360622903209735e-02
6.554629212357919454e-02
5.370662460567823121e-02
5.245355765860497399e-02
4.415151970357017452e-02
4.389740123178609288e-02
4.805467928496319485e-02
4.760402583746432131e-02
4.948800761103600010e-02
4.751139151770066710e-02
5.308947974563116290e-02
5.157227980571828935e-02
4.811601822642832399e-02
4.985729307495868901e-02
4.853412448049672367e-02
5.184392368934955669e-02
5.048570427119322690e-02
4.552476090330979941e-02
5.131065044314255669e-02
5.463171598818286623e-02
4.485003254719342747e-02
5.003755445395823703e-02
4.883330829703069753e-02
5.062340393570677333e-02
4.981222773020880373e-02
5.036177457313104067e-02
4.373341344950177484e-02
4.883831555755845794e-02
5.070727554954684163e-02
5.133693856091332136e-02
5.150593360372539981e-02
5.358269490761604498e-02
4.853913174102448408e-02
5.015898052175654653e-02
5.069976465875519755e-02
6.237794802463571958e-02
5.201417054729357697e-02
4.471734014320764838e-02
4.569000050072605235e-02
5.059210855740824131e-02
5.122427519903860471e-02
5.199914876571028188e-02
4.800836212508136774e-02
4.780807170397075728e-02
5.064593660808171943e-02
5.219568374142506684e-02
4.675779880827199420e-02
4.782935256121376155e-02
4.789319513294276742e-02
4.545340744078914252e-02
5.140704020830203641e-02
4.540583846577537358e-02
4.338165339742626470e-02
4.790696509939412068e-02
4.699314005307696218e-02
4.825747333633768898e-02
4.834384858044164096e-02
5.270392068499323707e-02
4.887962545691252464e-02
4.735491462620800007e-02
4.870311952330879518e-02
5.014521055530519328e-02
5.097516398778228347e-02
5.177507385709278348e-02
4.881828651544739550e-02
4.573756947573982129e-02
4.954308747684142006e-02
4.896474888588453478e-02
4.885584096940563670e-02
5.079365079365079361e-02
4.843773471533723701e-02
4.677907966551499847e-02
4.685919583395924126e-02
4.636097341144659878e-02
4.852661358970507266e-02
4.751514696309649260e-02
4.820740073106003637e-02
4.806344199088678770e-02
4.792323869610935760e-02
4.970707525912573116e-02
4.401131640879275136e-02
5.147839367082269330e-02
4.580391567773271083e-02
4.716213509588904063e-02
5.128436232537179201e-02
4.888588453257222688e-02
4.612438035150968896e-02
4.722973311301387200e-02
5.108407190426118155e-02
4.681162685894547232e-02
4.736242551699965109e-02
4.689675028791748246e-02
4.870812678383656252e-02
4.662635821941815695e-02
4.827875419358069325e-02
6.078939462220219608e-02
5.051199238896399851e-02
4.623829552851634744e-02
4.928270992939762923e-02
4.763907666115867884e-02
5.229457713684843023e-02
4.622702919232887786e-02
4.743628260978418471e-02
4.900105152471083414e-02
4.944043863602223116e-02
4.949426668669570928e-02
5.075234089429672690e-02
4.851659906864954491e-02
4.920009013068950277e-02
4.783936708226928930e-02
4.809598918431726156e-02
5.075484452456061057e-02
4.953182114065395047e-02
4.519678533874117721e-02
4.466351209253417720e-02
5.543913674828501031e-02
5.312453056932552042e-02
4.758650042561714255e-02
5.053828050673476319e-02
4.971834159531320074e-02
5.170372039457212660e-02
4.800961394021330958e-02
5.530268889890341266e-02
4.682038956486905823e-02
4.416904511541735329e-02
5.185769365580090995e-02
4.656126383255720924e-02
5.036052275799909883e-02
5.891292373942216137e-02
5.201917780782134432e-02
5.458039156777327178e-02
5.997821841670421955e-02
4.807470832707425729e-02
4.902608782734965698e-02
4.800335486455360040e-02
5.008136798357618741e-02
4.667267537929998406e-02
5.117920985428871944e-02
4.888588453257222688e-02
4.397501376996645200e-02
4.610935856992639387e-02
4.792949777176906678e-02
4.808847829352561054e-02
4.617820840218316708e-02
4.826623604226128184e-02
5.036427820339492434e-02
4.910995944118972528e-02
4.974963697361173970e-02
5.268639527314606524e-02
4.815357268038655825e-02
5.256872465074358125e-02
5.087251514696309457e-02
5.422863151569776163e-02
5.151094086425316715e-02
5.149967452806569757e-02
5.845851484652746233e-02
5.113664813980271090e-02
5.232462070001502041e-02
4.533323318812277486e-02
4.949927394722347662e-02
4.730609383606228929e-02
4.054003304791948398e-02
5.331355465424866130e-02
4.802839116719243018e-02
4.953182114065395047e-02
4.412648340093135169e-02
4.382729958439737783e-02
4.870186770817685334e-02
4.750388062690901608e-02
4.360698012117570493e-02
4.764909118221421352e-02
4.644108957989084158e-02
5.194907616043262927e-02
4.820364528566421086e-02
4.740123178608982718e-02
4.734364829002053049e-02
4.990235841970857428e-02
4.912748485303690404e-02
5.202042962295327921e-02
5.215437384207100013e-02
4.739497271043012494e-02
4.465975664713835169e-02
4.888588453257222688e-02
4.719092684392368897e-02
4.757648590456161480e-02
4.222497621551249414e-02
5.065595112913724718e-02
4.925892544189074129e-02
4.779555355265134586e-02
4.870437133844073702e-02
4.722347403735416282e-02
5.194031345450903642e-02
4.699939912873667136e-02
4.536327675128937198e-02
4.637349156276601020e-02
5.333984277201942598e-02
4.866556506935056092e-02
4.668644534575133731e-02
4.494642231235291413e-02
4.578639026588553207e-02
4.550473186119873698e-02
4.546842922237243761e-02
4.731861198738170071e-02
4.614440939362075139e-02
4.972960793150067726e-02
4.730859746632617296e-02
4.962821090581343020e-02
5.442641830654448842e-02
5.076611086074808710e-02
4.489134244654749417e-02
4.900981423063442005e-02
5.108907916478894196e-02
4.730233839066646379e-02
4.815357268038655825e-02
5.189649992489109298e-02
6.010715537529417313e-02
5.130439136748284751e-02
4.304741875719794025e-02
4.775674728356116283e-02
4.684167042211206250e-02
4.895473436482900009e-02
4.625957638575935171e-02
4.645736317660607850e-02
4.856541985879525569e-02
5.095513494567122104e-02
4.702568724650743603e-02
4.736618096239547659e-02
4.894597165890541418e-02
5.039432176656151452e-02
5.191652896700215541e-02
4.661008462270292002e-02
4.713835060838215268e-02
4.687672124580642002e-02
4.816984627710179517e-02
4.706324170046567723e-02
4.879825747333634001e-02
4.932151619848780533e-02
4.874568123779480372e-02
4.744128987031195205e-02
4.297606529467728337e-02
4.896850433128035335e-02
4.909493765960643019e-02
4.800210304942165856e-02
4.765409844274197393e-02
4.832632316859446220e-02
4.707701166691703049e-02
4.443192629312503472e-02
4.541835661709478500e-02
4.869811226278103478e-02
4.665014270692503795e-02
4.802964298232437201e-02
5.014896600070101879e-02
4.466977116819387944e-02
4.537829853287266707e-02
4.808597466326172687e-02
4.662510640428621511e-02
4.837138851334434747e-02
4.940288418206398996e-02
5.094512042461569329e-02
4.673776976616093176e-02
5.126057783786490407e-02
4.965324720845225304e-02
4.873316308647539230e-02
4.837138851334434747e-02
4.102573731911271504e-02
4.821491162185168738e-02
4.478744179059636343e-02
5.096890491212257429e-02
5.036302638826298250e-02
4.896975614641229518e-02
4.967327625056331547e-02
5.412973812027439824e-02
4.823118521856692431e-02
4.721721496169445365e-02
5.109283461018476746e-02
5.961018476791347248e-02
4.933778979520304225e-02
4.408266987131340131e-02
4.911371488658555079e-02
4.620825196534975726e-02
4.742626808872865696e-02
4.694056381753542589e-02
5.265885534024335179e-02
5.013269240398578186e-02
4.480496720244354220e-02
4.827374693305292591e-02
5.202919232887687206e-02
4.887336638125281546e-02
4.959691552751489818e-02
4.589029092183666281e-02
4.693430474187571672e-02
4.512042461569275298e-02
4.428170847729207688e-02
5.099894847528917141e-02
4.624705823443994029e-02
4.542461569275449418e-02
4.878073206148916124e-02
5.609633969255420349e-02
4.980847228481297823e-02
4.876946572530168472e-02
4.639977968053677487e-02
4.742501627359671512e-02
5.250112663361874987e-02
5.214185569075158871e-02
4.985353762956286350e-02
4.879950928846828184e-02
4.882329377597516284e-02
4.826623604226128184e-02
5.001752541184718154e-02
4.862550698512843605e-02
5.381803615242101296e-02
5.066471383506084003e-02
4.746882980321465856e-02
4.853537629562865857e-02
4.681287867407741415e-02
5.059085674227629947e-02
4.462720945370787784e-02
4.788693605728305824e-02
4.817234990736567884e-02
4.998748184868058442e-02
4.825747333633768898e-02
4.471859195833959022e-02
4.599293976265585171e-02
5.042311351459616287e-02
5.072605277652596223e-02
4.822242251264333146e-02
4.963697361173701611e-02
5.074608181863702466e-02
4.523684342296329514e-02
5.165865504982224132e-02
4.882329377597516284e-02
4.970457162886184749e-02
5.170121676430824986e-02
5.165114415903059725e-02
5.000375544539582134e-02
5.776375744830003489e-02
5.257122828100745798e-02
4.768163837564468738e-02
4.451704972209703792e-02
5.219443192629312500e-02
5.006133894146512497e-02
4.943167593009864524e-02
4.745380802163136347e-02
4.779179810725552036e-02
4.797331130138701022e-02
5.075359270942866874e-02
4.679910870762606090e-02
4.935531520705022102e-02
4.997371188222923116e-02
5.086375244103950866e-02
4.636723248710630102e-02
4.619698562916228768e-02
4.611436583045416121e-02
4.917630564318261482e-02
4.658880376545991575e-02
4.525562064994241573e-02
4.663011366481398245e-02
4.750513244204095792e-02
4.802338390666466283e-02
4.567623053427469909e-02
4.700565820439637360e-02
4.925516999649491579e-02
5.028416203495068154e-02
4.826748785739321673e-02
4.795828951980371513e-02
5.048695608632516874e-02
5.173376395773872372e-02
4.876821391016974289e-02
4.682915227079265108e-02
4.943668319062640565e-02
4.871688948976015537e-02
4.618822292323869483e-02
5.181262831105102468e-02
4.495643683340844188e-02
4.985729307495868901e-02
5.125682239246907856e-02
4.789194331781082559e-02
5.115041810625407109e-02
4.992363927695157855e-02
5.563942716939562078e-02
4.401382003905663504e-02
4.573882129087176313e-02
4.849406639627459881e-02
5.224450453157077762e-02
4.653497571478643763e-02
4.622828100746081970e-02
5.078613990285914259e-02
5.140578839317009457e-02
4.952055480446647395e-02
4.803965750337989976e-02
4.434805467928496642e-02
4.813229182314356092e-02
4.500150217815832715e-02
5.347879425166491424e-02
4.450578338590956834e-02
5.954258675078864110e-02
4.925141455109909028e-02
4.744003805518001021e-02
4.945420860247358441e-02
4.904862049972460308e-02
4.825496970607380531e-02
4.695433378398677915e-02
5.106529467728206095e-02
4.777802814080416710e-02
5.063967753242201025e-02
4.812853637774773541e-02
4.986480396575034002e-02
4.578764208101747391e-02
4.353061939812728764e-02
4.959316008211907267e-02
4.855290170747583733e-02
4.791072054478994618e-02
5.189900355515497665e-02
4.885709278453757853e-02
4.747884432427019324e-02
4.460467678133293173e-02
4.704696810375044030e-02
5.137699664513544623e-02
4.905863502078013083e-02
4.993615742827098997e-02
4.811601822642832399e-02
5.234214611186219918e-02
4.706449351559761907e-02
4.881828651544739550e-02
4.924265184517550437e-02
4.692929748134795631e-02
5.069350558309548838e-02
4.870562315357267885e-02
4.864803965750338216e-02
4.993240198287517140e-02
4.952055480446647395e-02
5.299058635020779950e-02
4.215988182865154643e-02
4.737244003805517883e-02
5.129062140103149425e-02
4.886961093585698995e-02
4.863176606078814523e-02
4.854539081668419326e-02
5.112663361874718315e-02
4.841269841269841417e-02
4.778428721646386934e-02
5.191903259726603909e-02
5.128936958589955242e-02
4.918506834910620074e-02
4.450828701617345201e-02
4.949927394722347662e-02
4.841770567322617458e-02
4.666891993390415855e-02
4.909618947473837203e-02
4.470607380702017880e-02
5.056081317910970929e-02
4.567372690401081542e-02
5.147088278003104228e-02
4.494266686695708862e-02
4.397125832457062650e-02
6.182840118171348265e-02
4.797581493165089389e-02
4.669270442141104649e-02
4.853287266536478184e-02
5.014020329477742594e-02
4.952556206499424130e-02
4.842521656401782559e-02
4.932401982875168900e-02
4.806093836062290403e-02
5.080742076010214686e-02
5.121676430824696064e-02
4.713960242351409452e-02
4.816859446196985334e-02
4.912372940764107854e-02
5.010139702568724984e-02
4.782309348555405237e-02
4.720094136497921672e-02
4.902608782734965698e-02
4.793951229282459453e-02
4.726478393670822953e-02
4.935281157678633734e-02
4.756647138350608706e-02
5.339116719242902043e-02
4.582895198037154061e-02
4.738370637424264842e-02
4.552476090330979941e-02
4.931275349256421942e-02
5.659331029993490414e-02
5.254494016323669331e-02
4.447198437734715265e-02
4.353187121325922254e-02
5.024285213559661484e-02
5.075609633969255241e-02
4.425041309899353792e-02
5.017275048820789979e-02
4.963572179660507427e-02
4.929272445045315698e-02
4.899479244905112496e-02
4.518677081768564252e-02
4.840769115217064683e-02
5.041184717840869328e-02
4.742126082820088961e-02
4.863426969105202891e-02
4.746507435781883999e-02
4.765159481247809026e-02
4.926643633268239231e-02
5.442015923088478618e-02
4.860422612788543179e-02
5.210179760652947079e-02
5.007761253818036190e-02
5.187146362225226320e-02
4.521431075058835597e-02
4.578013119022582983e-02
5.492964798958489825e-02
4.643483050423113240e-02
5.083996795353262071e-02
4.949927394722347662e-02
4.229883330829702776e-02
4.971083070452155667e-02
4.743753442491612654e-02
5.895798908417204665e-02
4.954183566170947822e-02
4.369961444093935915e-02
5.145335736818386352e-02
5.103525111411547077e-02
4.459215863001352032e-02
5.553677832857643881e-02
5.336362725952631392e-02
4.862175153973261055e-02
4.822117069751138962e-02
4.867683140553803051e-02
5.094512042461569329e-02
4.750888788743678343e-02
5.054829502779029787e-02
5.148340093135046064e-02
4.383856592058484741e-02
4.992864653747934589e-02
4.742000901306894778e-02
5.024785939612438218e-02
5.059961944819989232e-02
4.998748184868058442e-02
5.187271543738420504e-02
4.840518752190676316e-02
4.991988383155575304e-02
4.866932051474637949e-02
4.865555054829502624e-02
4.961569275449401878e-02
4.803715387311601609e-02
5.044439437183916713e-02
4.900480697010665271e-02
4.950803665314706253e-02
4.925266636623103211e-02
4.820990436132392004e-02
4.817234990736567884e-02
4.326773822041960621e-02
4.410144709829252191e-02
4.742000901306894778e-02
4.754268689599919911e-02
4.595538530869761051e-02
5.294301737519403056e-02
5.042060988433227919e-02
5.167242501627359458e-02
5.327975564568624561e-02
4.605553051925291574e-02
4.810600370537278930e-02
4.789945420860247660e-02
4.796580041059536614e-02
4.812352911721996807e-02
4.713459516298632718e-02
4.691177206950077755e-02
4.982099043613238964e-02
5.111161183716388806e-02
5.227955535526513514e-02
5.301812628311051295e-02
5.158229432677382403e-02
4.501902759000550591e-02
4.528941965850483142e-02
5.140578839317009457e-02
4.939036603074457854e-02
4.560738070201792588e-02
6.567397726703720628e-02
4.748760703019377916e-02
4.627209453707876313e-02
4.522182164138000005e-02
4.461969856291622682e-02
4.958439737619548676e-02
5.010139702568724984e-02
4.725101397025686933e-02
4.639602423514095630e-02
4.786690701517200275e-02
4.886460367532922955e-02
4.759901857693656091e-02
4.569125231585799418e-02
5.169245405838465701e-02
4.919508287016173542e-02
4.829127234490010467e-02
4.820114165540032719e-02
4.974963697361173970e-02
4.812227730208802623e-02
4.572630313955235171e-02
4.965449902358419487e-02
4.969455710780631974e-02
4.972334885584096809e-02
5.246857944018827602e-02
4.599168794752390987e-02
4.901106604576636189e-02
4.730609383606228929e-02
4.673401432076510625e-02
5.344875068849832406e-02
4.851033999298983573e-02
5.067848380151219329e-02
4.772795553552651449e-02
4.479870812678383996e-02
4.687046217014671085e-02
4.468354113464523270e-02
4.815232086525461641e-02
5.121050523258725146e-02
5.088378148315057109e-02
5.014020329477742594e-02
4.288343097491362221e-02
5.071979370086625305e-02
4.756146412297831971e-02
5.597240999449201032e-02
5.394697311101096654e-02
4.805092383956736934e-02
5.078238445746332402e-02
4.599544339291973538e-02
5.139702568724650866e-02
4.588903910670472097e-02
4.731610835711782398e-02
5.242351409543838381e-02
4.791572780531771353e-02
4.932652345901557267e-02
4.730484202093034746e-02
4.863802513644784747e-02
5.171749036102348679e-02
4.558234439937910304e-02
4.654749386610585599e-02
4.617946021731510892e-02
5.203920684993239981e-02
5.975664713835061176e-02
5.368909919383105245e-02
4.979595413349356681e-02
5.053828050673476319e-02
4.674528065695258278e-02
4.976716238545891846e-02
5.199664513544639821e-02
5.144334284712833577e-02
5.007260527765259456e-02
5.099519302989334590e-02
5.343498072204697080e-02
5.013394421911772370e-02
5.242476591057032564e-02
5.281783586199990249e-02
5.143332832607280802e-02
4.904486505432877758e-02
5.153096990636422958e-02
4.439061639377096802e-02
5.083120524760903480e-02
4.676781332932752194e-02
4.756021230784637788e-02
4.995117920985429200e-02
4.821115617645586188e-02
5.041810625406840246e-02
4.780556807370687361e-02
5.193155074858545051e-02
5.177006659656501614e-02
5.164864052876671358e-02
4.950678483801512070e-02
4.733738921436082131e-02
4.976340694006309295e-02
5.011892243753442167e-02
5.063091482649842434e-02
4.871563767462821354e-02
5.085749336537979948e-02
5.224575634670271945e-02
4.903735416353712656e-02
4.658504832006409024e-02
4.882204196084322101e-02
4.764158029142256251e-02
5.081493165089379788e-02
5.047068248960993181e-02
5.017400230333984162e-02
5.325847478844324134e-02
4.521431075058835597e-02
4.761904761904761640e-02
4.770417104801962654e-02
4.960192278804265859e-02
5.003004356316659296e-02
4.623704371338440561e-02
5.028416203495068154e-02
4.746257072755495632e-02
5.099894847528917141e-02
4.964198087226478345e-02
4.623078463772470337e-02
5.174002303339842596e-02
4.563617245005257422e-02
5.027289569876320502e-02
4.759401131640879357e-02
4.926142907215462496e-02
6.165815432376946237e-02
5.298432727454809726e-02
4.481873716889489545e-02
5.228080717039707698e-02
5.012392969806218901e-02
5.296429823243703483e-02
4.844149016073306252e-02
4.506284111962345629e-02
5.075484452456061057e-02
4.604301236793350433e-02
4.798833308297030531e-02
4.636222522657854062e-02
4.323143558159330685e-02
4.292474087426768892e-02
5.176005207550948839e-02
4.732236743277752622e-02
4.588403184617695363e-02
4.783310800660958706e-02
4.603049421661409291e-02
4.964198087226478345e-02
5.593110009513795056e-02
5.084247158379650439e-02
5.034049371588803640e-02
4.779430173751940403e-02
5.236843422963297079e-02
4.709203344850032558e-02
5.291422562715938221e-02
5.149967452806569757e-02
4.767287566972109453e-02
4.391367482850132981e-02
5.117420259376095210e-02
4.687046217014671085e-02
4.398502829102197975e-02
5.080116168444244462e-02
5.103149566871964526e-02
4.676906514445946378e-02
4.356441840668970333e-02
5.254118471784086780e-02
5.195032797556457110e-02
4.931275349256421942e-02
5.041560262380451879e-02
5.020905312703419915e-02
4.875444394371838963e-02
4.853036903510089817e-02
4.655500475689750006e-02
4.725226578538881117e-02
4.722222222222222099e-02
4.719718591958339815e-02
5.010515247108306841e-02
4.532321866706724711e-02
4.953432477091783415e-02
4.425917580491713077e-02
4.900230333984276904e-02
4.803465024285213242e-02
5.146963096489910044e-02
4.537579490260878340e-02
5.039557358169345636e-02
4.550973912172650432e-02
4.866306143908667725e-02
3.977141855690751598e-02
5.757974062390466136e-02
4.686044764909118310e-02
4.970832707425767300e-02
4.851033999298983573e-02
4.652245756346702621e-02
4.668143808522357691e-02
4.723974763406939975e-02
4.970081618346602892e-02
4.952305843473035762e-02
4.720594862550698406e-02
4.664513544639727755e-02
4.836387762255270339e-02
4.913875118922437363e-02
4.739246908016624127e-02
5.051699964949176586e-02
5.167618046166942009e-02
5.231836162435531817e-02
4.969330529267437790e-02
4.844149016073306252e-02
5.109408642531670930e-02
4.650493215161984745e-02
5.244980221320915542e-02
4.945796404786940992e-02
4.799834760402584000e-02
5.169245405838465701e-02
4.681788593460517456e-02
4.948800761103600010e-02
4.177432276801362060e-02
4.763281758549897660e-02
4.933278253467528185e-02
4.290220820189274281e-02
4.615317209954433730e-02
4.947799308998047235e-02
5.153722898202393182e-02
4.970957888938961483e-02
5.027665114415903053e-02
4.903109508787742432e-02
4.811977367182414256e-02
4.705322717941014254e-02
4.836387762255270339e-02
4.878323569175304492e-02
4.871438585949627170e-02
4.566371238295528767e-02
4.930148715637674289e-02
4.747508887887436774e-02
4.505533022883180527e-02
4.884207100295428344e-02
5.465925592108557274e-02
4.886710730559311322e-02
4.707325622152120498e-02
4.467978568924941413e-02
4.503154574132492427e-02
4.982850132692404066e-02
