8.369554716981132003e+01
7.811302177068215258e+01
7.763768940493469017e+01
7.596261248185776083e+01
7.316045283018867451e+01
7.137689404934687332e+01
6.946131785195936459e+01
6.845840348330914082e+01
6.692437735849055969e+01
6.609691727140783257e+01
6.510423222060957471e+01
6.465490856313498114e+01
6.433201741654572459e+01
6.401721915820029096e+01
6.393550072568940834e+01
6.311793323657474275e+01
6.347508853410739960e+01
6.300276342525398832e+01
6.275960522496371397e+01
6.242988679245282668e+01
6.223312626995645758e+01
6.220416835994194571e+01
6.258988679245283038e+01
6.340190420899855184e+01
6.361861248185776674e+01
6.380661828737300567e+01
6.412346008708273359e+01
6.438885341074019664e+01
6.489573294629897759e+01
6.510230478955007527e+01
6.498181712626995932e+01
6.516736139332365951e+01
6.555241799709723693e+01
6.572496952104499712e+01
6.578877213352684805e+01
6.626835413642960759e+01
6.644869666182873402e+01
6.695975616835994515e+01
6.671910595065311611e+01
6.728065021770682108e+01
6.746798258345428678e+01
6.773632510885340707e+01
6.816667634252540608e+01
6.866502177068214507e+01
6.915691146589259120e+01
6.950575326560232270e+01
6.989332946298983984e+01
7.000624673439767776e+01
7.052333236574746422e+01
7.104992743105950126e+01
7.106415094339622840e+01
7.129977358490566530e+01
7.154107402031930008e+01
7.168829027576197177e+01
7.188552685050798630e+01
7.207342815674891767e+01
7.216035994194484715e+01
7.250268795355587770e+01
7.261789259796806562e+01
7.275852539912916939e+01
7.334768069666182555e+01
7.373445573294630151e+01
7.398527721335268836e+01
7.412053410740203674e+01
7.435957039187228190e+01
7.463569230769230956e+01
7.480171843251088148e+01
7.505452539912917587e+01
7.536164876632801679e+01
7.570181712626995818e+01
7.577900725689404737e+01
7.611014223512336230e+01
7.409826415094339325e+01
7.182364005805514751e+01
7.023513497822931129e+01
6.835761973875180786e+01
6.740550362844702192e+01
6.581070537010160137e+01
6.543234833091436542e+01
6.433128592162555037e+01
6.395399709724237880e+01
6.385416545718432246e+01
6.326415094339622414e+01
6.319861828737300158e+01
6.283376487663279875e+01
6.252898693759070881e+01
6.255922206095790727e+01
6.232788388969520810e+01
6.160563134978229272e+01
6.154478955007257213e+01
6.110120174165457030e+01
6.114944557329462782e+01
6.135337010159651783e+01
6.199778229317851697e+01
6.289808998548620878e+01
6.332190420899854644e+01
6.355666763425254118e+01
6.394204934687953568e+01
6.435468214804063791e+01
6.468179970972423121e+01
6.500679245283018304e+01
6.542298984034833609e+01
6.550894629898402854e+01
6.613084470246734270e+01
6.637397968069666376e+01
6.686880696661829404e+01
6.731436865021770188e+01
6.732703628447025324e+01
6.792328592162554912e+01
6.833400290275761790e+01
6.884053410740203560e+01
6.952371552975326097e+01
6.971986066763425072e+01
7.005291146589259199e+01
7.062910885341074163e+01
7.098143396226414836e+01
7.174779680696661899e+01
7.233735849056603229e+01
7.278909724238026513e+01
7.332783744557329442e+01
7.402129462989840647e+01
7.428810449927431137e+01
7.448058055152394275e+01
7.467981422351233789e+01
7.474908563134978579e+01
7.499831640058054916e+01
7.518271117561683070e+01
7.527756168359941569e+01
7.548669956458635966e+01
7.546541654571842628e+01
7.559116400580550987e+01
7.562699564586357326e+01
7.594618287373003795e+01
7.603510014513787496e+01
7.598231640058055802e+01
7.593613933236574098e+01
7.607967489114659543e+01
7.595512336719883706e+01
7.608319303338171835e+01
7.633952975326560875e+01
7.634172423802613139e+01
7.639035123367199276e+01
7.669784615384615734e+01
7.650888824383163467e+01
7.655952394775036396e+01
7.641404934687953698e+01
7.645815965166909223e+01
7.652232220609579372e+01
7.679258055152395457e+01
7.659368359941944959e+01
7.657271407837446020e+01
7.671388098693759616e+01
7.461808998548620764e+01
7.239418287373004546e+01
7.058943396226415246e+01
6.890128301886792883e+01
6.761272568940493954e+01
6.677428156748911192e+01
6.567794484760521811e+01
6.516575907111756294e+01
6.418492888243831374e+01
6.410275761973875319e+01
6.421130914368650622e+01
6.432132365747460767e+01
6.503301015965166698e+01
6.566958490566037199e+01
6.601781132075471703e+01
6.623593613933236668e+01
6.664907982583454782e+01
6.728939332365747816e+01
6.766798258345427541e+01
6.812723367198839242e+01
6.836408708272858803e+01
6.880498113207546851e+01
6.905595355587809081e+01
6.960170682148040555e+01
7.010501015965166971e+01
7.071735268505079830e+01
7.125242380261248343e+01
7.144300725689404885e+01
7.237714949201742343e+01
7.290759941944847355e+01
7.313199419448476135e+01
7.345112336719883217e+01
7.401874020319303327e+01
7.425089114658925382e+01
7.457276052249636678e+01
7.506340783744556688e+01
7.544616545718432121e+01
7.576204354136429231e+01
7.605314368650218171e+01
7.656715239477503587e+01
7.677948330914368569e+01
7.701985486211901843e+01
7.732435413642960498e+01
7.723767779390421140e+01
7.742389550072569193e+01
7.752719883889695041e+01
7.746927140783743937e+01
7.768372714078374486e+01
7.804280986937590114e+01
7.815750362844703147e+01
7.840466763425253305e+01
7.839901306240929557e+01
7.860098693759070443e+01
7.865357329462989355e+01
7.890706531204644136e+01
7.910955007256893623e+01
7.935408998548621184e+01
7.940996226415094839e+01
7.944170682148040896e+01
7.962943396226414450e+01
7.969194775036284284e+01
7.971183744557329476e+01
7.997501306240928898e+01
7.986657764876632370e+01
7.975873439767779871e+01
7.974350072568940107e+01
7.981613933236575065e+01
7.990330333817125563e+01
7.967593613933236441e+01
7.957557039187227588e+01
7.952141654571843787e+01
7.775865312046444444e+01
7.524928882438315725e+01
7.348840638606675668e+01
7.105497822931785379e+01
6.998364005805515831e+01
6.826480116110305119e+01
6.714304789550072883e+01
6.651197677793904006e+01
6.532582873730044071e+01
6.456717561683599627e+01
6.418157329462989935e+01
6.339389259796806897e+01
6.299983744557329146e+01
6.292287953555877777e+01
6.285813642960813041e+01
6.220074310595065015e+01
6.191969811320754502e+01
6.119121044992743208e+01
6.132574746008707933e+01
6.151181422351233863e+01
6.200333236574746110e+01
6.244249637155297705e+01
6.271226705370101939e+01
6.286590420899855047e+01
6.339438026124818748e+01
6.344961393323657717e+01
6.360334397677793561e+01
6.405251669085630795e+01
6.465704499274310990e+01
6.512950943396226933e+01
6.555678374455733604e+01
6.584903338171262988e+01
6.663551814223512793e+01
6.701012481857765124e+01
6.771629608127720701e+01
6.815541364296080928e+01
6.833433962264150807e+01
6.912979970972423871e+01
6.950907402031930360e+01
6.969814804063859981e+01
7.032228737300435739e+01
7.080095210449927379e+01
7.134156168359942285e+01
7.169864731494919852e+01
7.162127140783744039e+01
7.198490566037736471e+01
7.242071407837445918e+01
7.270554426705369622e+01
7.297446734397678370e+01
7.341092597968069811e+01
7.368803483309143587e+01
7.420462119013062363e+01
7.462545137880987056e+01
7.506318722786647868e+01
7.546997968069666740e+01
7.589923947750362743e+01
7.621890275761974465e+01
7.643709724238026126e+01
7.703258055152394945e+01
7.732995065312046279e+01
7.737128592162554241e+01
7.734706531204643909e+01
7.745750943396225807e+01
7.723936139332366224e+01
7.733545428156749324e+01
7.732382002902757279e+01
7.775530914368650315e+01
7.783735268505080285e+01
7.795218577648766711e+01
7.797901886792452331e+01
7.838899274310594478e+01
7.853392162554426648e+01
7.883960522496371937e+01
7.882507982583454975e+01
7.895588969521044476e+01
7.904745428156748233e+01
7.910347750362844010e+01
7.919338171262700143e+01
7.935456603773585016e+01
7.713321335268504697e+01
7.520730333817125768e+01
7.303878084179970642e+01
7.095450798258345060e+01
7.014634542815674934e+01
6.894858635703918992e+01
6.838425544267053624e+01
6.762759941944847242e+01
6.672009288824382622e+01
6.637469956458635068e+01
6.550345428156748540e+01
6.517179680696661137e+01
6.493778809869375834e+01
6.433661538461538498e+01
6.428858055152394968e+01
6.368009288824383418e+01
6.345199419448476164e+01
6.292059216255442777e+01
6.268422641509433646e+01
6.238869085631349520e+01
6.212642089985486393e+01
6.225027576197387447e+01
6.277934397677793754e+01
6.376377358490565683e+01
6.388244992743106110e+01
6.423360232220609589e+01
6.472114949201741751e+01
6.497856603773584538e+01
6.532290275761974385e+01
6.562670537010158966e+01
6.596602612481858330e+01
6.616793033381712519e+01
6.692225253991291822e+01
6.720217126269956509e+01
6.752255442670536922e+01
6.775266182873730259e+01
6.795254571843251767e+01
6.814903918722787068e+01
6.806074891146589323e+01
6.877083309143687018e+01
6.874107402031930292e+01
6.910547460087082072e+01
6.940882438316400282e+01
6.942866763425253396e+01
6.976852249637155978e+01
7.011650507982582781e+01
7.022670537010159819e+01
7.040312336719884456e+01
7.106158490566038211e+01
7.125485050798258158e+01
7.192016255442671024e+01
7.204780261248185980e+01
7.246458055152395161e+01
7.262416255442670376e+01
7.304161393323657592e+01
7.332380841799709970e+01
7.363023512336719989e+01
7.399705079825834275e+01
7.433740493468795307e+01
7.444628156748910897e+01
7.438261828737300618e+01
7.434694920174165134e+01
7.452250798258344844e+01
7.464658345428156849e+01
7.507959361393324116e+01
7.507895500725689431e+01
7.550891146589259506e+01
7.578000580551524479e+01
7.588832510885340810e+01
7.631486792452830059e+01
7.651966328011610585e+01
7.672931204644412162e+01
7.714274600870827214e+01
7.754651959361393665e+01
7.753760232220609794e+01
7.784141654571843105e+01
7.798353555878084364e+01
7.809896081277213398e+01
7.822931785195936527e+01
7.829337590711175210e+01
7.830771552975326699e+01
7.848243831640057522e+01
7.848573584905660994e+01
7.863094339622641371e+01
7.875093178519593096e+01
7.872430769230768988e+01
7.891299854862118934e+01
7.898540493468794921e+01
7.929163425253990738e+01
7.951952394775035771e+01
7.966461538461538794e+01
7.980373875181422250e+01
7.998849346879535460e+01
8.021831059506531858e+01
8.048650217706821763e+01
8.062274600870827612e+01
8.075474020319303747e+01
8.089770682148041203e+01
8.082467343976777840e+01
8.116906821480407075e+01
8.127672568940494102e+01
8.126287373004353753e+01
8.126379100145138068e+01
8.124666473149491708e+01
8.117995936139332969e+01
8.118971262699564306e+01
8.118163134978229323e+01
8.117659216255442800e+01
8.121161103047894869e+01
8.121641799709723841e+01
8.126977068214803523e+01
8.121932075471697488e+01
8.124101015965166539e+01
8.103839767779390968e+01
8.103721335268505754e+01
8.108069666182873902e+01
8.095506531204644318e+01
8.097755587808417488e+01
8.108156748911466138e+01
8.101829898403482844e+01
8.093627866473148913e+01
7.917403773584905480e+01
7.723876923076923617e+01
7.478339622641509266e+01
7.282905079825835060e+01
7.087382293178519888e+01
7.001769521044992928e+01
6.883874600870827010e+01
6.812624673439768230e+01
6.714957329462990288e+01
6.623043251088533623e+01
6.576476052249637405e+01
6.533626705370102172e+01
6.509098403483308459e+01
6.482462699564585762e+01
6.443627285921625969e+01
6.429163425253990738e+01
6.423636574746008421e+01
6.335021190130623836e+01
6.308898693759071108e+01
6.325130914368650537e+01
6.335624963715530100e+01
6.392225253991291822e+01
6.388373875181422079e+01
6.410251378809869038e+01
6.430397677793904165e+01
6.416507402031930951e+01
6.438491727140784349e+01
6.463366037735849545e+01
6.481676632801161020e+01
6.539086211901306456e+01
6.549553555878084410e+01
6.590870246734397142e+01
6.612423802612481438e+01
6.635575036284470229e+01
6.656784905660377660e+01
6.692668795355588429e+01
6.728107982583453861e+01
6.776515529753265810e+01
6.810171262699564920e+01
6.846815674891146841e+01
6.905611611030478514e+01
6.976656023222061265e+01
7.034379100145137897e+01
7.095357910014513436e+01
7.144751233671988189e+01
7.170108563134978397e+01
7.209697532656022645e+01
7.232078955007257548e+01
7.273179680696661364e+01
7.291194194484761226e+01
7.296550362844702420e+01
7.317530333817126120e+01
7.336303047895501095e+01
7.394879535558780503e+01
7.427418287373004091e+01
7.434707692307692639e+01
7.467706240928882266e+01
7.516039477503628063e+01
7.517582583454282030e+01
7.560524818577648887e+01
7.590044702467343996e+01
7.613841509433962074e+01
7.651652830188679388e+01
7.679421770682148463e+01
7.700919593613933500e+01
7.735494920174166111e+01
7.752870827285921962e+01
7.775989550072569045e+01
7.786281567489115218e+01
7.782943396226414734e+01
7.800726850507982135e+01
7.807240638606675986e+01
7.810599709724237982e+01
7.810274600870826589e+01
7.822503338171262044e+01
7.814519593613933068e+01
7.809615094339622487e+01
7.820090566037735869e+01
7.825872859216255506e+01
7.820573584905660880e+01
7.834950362844702454e+01
7.845955297532655948e+01
7.854841219158200261e+01
7.862852830188678865e+01
7.856762844702467419e+01
7.848832510885341662e+01
7.883170972423802425e+01
7.889418867924528911e+01
7.898867924528302353e+01
7.896997387518142375e+01
7.897446734397678370e+01
7.889507111756168456e+01
7.893364296081277587e+01
7.883676052249637678e+01
7.894775036284470104e+01
7.887231349782292966e+01
7.891415965166908109e+01
7.898071407837446145e+01
7.896524818577648830e+01
7.647508853410739960e+01
7.447179100145137909e+01
7.277804354136429765e+01
7.099420609579100017e+01
6.919809579100144958e+01
6.787410159651669517e+01
6.682011030478955149e+01
6.623050217706821741e+01
6.533769521044992246e+01
6.483196516690856015e+01
6.443307982583453963e+01
6.341324818577648870e+01
6.294172423802612570e+01
6.247722496371552836e+01
6.216838316400580311e+01
6.177303918722786591e+01
6.143516981132075472e+01
6.073531494920174367e+01
5.970116690856313824e+01
5.933681277213352701e+01
5.970739042089985560e+01
6.042974746008708564e+01
6.045127431059506762e+01
6.072022060957910128e+01
6.093910014513787843e+01
6.128530624092888246e+01
6.186723947750363095e+01
6.205558200290276005e+01
6.248008127721335114e+01
6.291237155297532979e+01
6.333087953555877903e+01
6.388150943396226467e+01
6.406836574746009205e+01
6.470120174165457172e+01
6.550159651669085292e+01
6.576712917271407832e+01
6.624673439767779826e+01
6.694142235123366902e+01
6.726115529753265321e+01
6.761774165457184438e+01
6.786793613933237168e+01
6.820798838896952532e+01
6.894221190130623711e+01
6.921151814223512133e+01
6.947164005805515785e+01
6.968485341074020312e+01
6.985956458635703825e+01
7.033961103047894881e+01
7.092242670537009985e+01
7.135648185776487651e+01
7.151053701015965203e+01
7.195680696661828790e+01
7.252294920174165327e+01
7.293295791001450823e+01
7.327479825834542737e+01
7.365152975326560636e+01
7.389177358490566405e+01
7.440617706821480226e+01
7.475248766328012096e+01
7.509329462989840920e+01
7.513743976777938371e+01
7.557426995645863599e+01
7.582203773584905093e+01
7.593705660377358413e+01
7.616146298984034502e+01
7.609249346879535381e+01
7.635759651669086168e+01
7.637352685050798584e+01
7.642514949201741103e+01
7.645929753265602358e+01
7.669284179970972559e+01
7.678269956458635193e+01
7.712063860667633719e+01
7.722996806966618522e+01
7.735002612481858364e+01
7.759443831640058420e+01
7.749150653120464938e+01
7.778716981132075148e+01
7.801130914368650338e+01
7.819890856313497807e+01
7.844911465892597846e+01
7.834185195936139223e+01
7.831789840348331211e+01
7.821212191582003470e+01
7.824303047895500640e+01
7.832082438316400896e+01
7.825006676342525225e+01
7.836312336719883831e+01
7.824561973875181309e+01
7.820708272859216947e+01
7.800082438316400157e+01
7.790705370101596827e+01
7.790807547169811187e+01
7.793741654571843469e+01
7.785808998548621673e+01
7.779160522496371755e+01
7.782481277213352655e+01
7.782595065312045790e+01
7.797462989840347802e+01
7.811735268505080398e+01
7.604898693759071193e+01
7.352084760522495799e+01
7.211749201741655213e+01
7.013726560232220208e+01
6.866449927431060019e+01
6.736517851959361280e+01
6.677993613933236361e+01
6.606240928882438368e+01
6.497394484760522460e+01
6.511914078374455528e+01
6.520289114658926621e+01
6.563326560232221141e+01
6.596564296081277234e+01
6.668119593613933205e+01
6.666115529753265889e+01
6.701348040638606562e+01
6.704121915820029187e+01
6.776822060957910310e+01
6.818680986937590660e+01
6.851550653120465029e+01
6.859347460087082027e+01
6.923270827285921314e+01
6.944191582002902408e+01
6.976091727140783405e+01
7.027328882438315816e+01
7.052616545718431951e+01
7.104445863570391850e+01
7.176025544267054102e+01
7.177456023222060821e+01
7.243269666182874289e+01
7.240819738751814327e+01
7.293612772133526789e+01
7.300979970972423416e+01
7.311880406386066511e+01
7.320489985486211992e+01
7.308775616835994526e+01
7.340282148040638788e+01
7.363952394775036225e+01
7.379069956458636170e+01
7.369443251088533486e+01
7.367294049346880058e+01
7.370489404934687627e+01
7.393344557329463385e+01
7.413886792452829866e+01
7.466552104499274378e+01
7.470624092888243695e+01
7.521127431059505852e+01
7.557306240928882346e+01
7.576413352685051450e+01
7.613204063860668214e+01
7.636478374455732876e+01
7.661625544267053556e+01
7.676570101596516338e+01
7.691845573294629901e+01
7.708862699564586762e+01
7.734584615384615347e+01
7.713243541364296618e+01
7.748784905660377831e+01
7.736451669085631977e+01
7.731297532656023463e+01
7.761039187227866876e+01
7.777119303338170653e+01
7.786107402031930746e+01
7.804239187227867092e+01
7.813284179970972332e+01
7.832248476052249941e+01
7.836162554426705640e+01
7.859355587808417454e+01
7.874303628447025005e+01
7.875241799709723978e+01
7.883664441219158903e+01
7.919681857764877009e+01
7.928992743105951035e+01
7.936429608127721735e+01
7.952253120464440883e+01
7.972717561683599286e+01
7.984289114658926678e+01
7.997964586357039707e+01
7.988030188679245214e+01
7.964185776487663304e+01
7.945976197387517459e+01
7.922692597968070061e+01
7.936081277213352791e+01
7.945932075471698397e+01
7.939741074020319900e+01
7.942354716981131446e+01
7.931051378809868879e+01
7.928953265602322631e+01
7.942993323657474036e+01
7.950180551523948225e+01
7.732035994194484374e+01
7.536197387518141966e+01
7.335405515239477836e+01
7.171151233671987768e+01
6.997518722786647061e+01
6.880017416545717879e+01
6.761301596516690893e+01
6.720189259796806880e+01
6.589581422351233186e+01
6.554989840348331143e+01
6.519563425253991795e+01
6.470287373004353526e+01
6.434513788098693965e+01
6.401697532656022815e+01
6.362372133526850604e+01
6.371275471698113080e+01
6.331832801161102964e+01
6.274276923076923396e+01
6.242567198838897014e+01
6.173364296081277303e+01
6.147645863570392066e+01
6.179471698113207623e+01
6.230474310595065646e+01
6.235735268505079887e+01
6.280258925979680384e+01
6.306654281567489306e+01
6.302747169811321015e+01
6.319743396226414944e+01
6.323020029027576072e+01
6.362944557329463180e+01
6.415650507982583406e+01
6.404422641509434300e+01
6.419598258345428121e+01
6.428267053701016209e+01
6.468925399129172149e+01
6.502634542815674479e+01
6.523030478955007538e+01
6.525537300435414068e+01
6.572311175616836465e+01
6.602173584905659709e+01
6.666602031930334249e+01
6.703547169811321282e+01
6.750237445573294792e+01
6.800755878084180495e+01
6.869447895500725565e+01
6.899092017416545275e+01
6.969712626995645621e+01
7.017923947750362856e+01
7.077065892597967434e+01
7.089226124818577546e+01
7.151706240928882607e+01
7.194545137880986374e+01
7.223829317851959786e+01
7.230989840348330233e+01
7.259092017416546128e+01
7.281092597968068958e+01
7.334329172714078027e+01
7.350690275761974135e+01
7.360152104499273662e+01
7.377680116110305164e+01
7.427170972423802198e+01
7.439616835994193877e+01
7.496096371552975768e+01
7.491674891146588777e+01
7.529104208998548131e+01
7.559419448476052139e+01
7.579788679245282879e+01
7.626159651669085804e+01
7.650226995645863326e+01
7.661271407837445224e+01
7.680019738751813918e+01
7.702396516690856743e+01
7.696474891146588959e+01
7.712941654571842776e+01
7.722517271407836859e+01
7.727397387518142580e+01
7.738302467343976332e+01
7.727578519593613748e+01
7.741641799709724125e+01
7.738756458635704405e+01
7.712779100145138500e+01
7.737544267053701219e+01
7.732978809869375425e+01
7.752471407837445838e+01
7.755712046444122620e+01
7.764791872278664187e+01
7.790101596516690563e+01
7.813159941944847731e+01
7.819385776487663975e+01
7.825217997097242062e+01
7.840806966618286822e+01
7.865155297532656675e+01
7.880112626995645542e+01
7.882485921625544734e+01
7.880964876632801008e+01
7.878856313497823294e+01
7.870166618287373694e+01
7.864849927431059484e+01
7.882728592162554548e+01
7.887908272859216652e+01
7.883918722786647493e+01
7.869141364296081065e+01
7.855879245283018975e+01
7.854157329462989878e+01
7.836522496371553359e+01
7.832467924528302206e+01
7.829370101596516918e+01
7.814051669085631602e+01
7.858929462989840431e+01
7.862924818577648978e+01
7.871933817126270583e+01
7.870366328011610335e+01
7.870563715529753779e+01
7.863912917271407821e+01
7.866348911465892968e+01
7.860308853410739971e+01
7.858322206095790818e+01
7.837750943396225978e+01
7.820139332365747009e+01
7.795486792452830116e+01
7.739990711175616411e+01
7.717259796806966676e+01
7.692999709724237789e+01
7.694029608127721076e+01
7.688448185776488231e+01
7.698072568940493454e+01
7.698124818577649364e+01
7.698532365747459494e+01
7.704137010159651311e+01
7.703042089985486029e+01
7.707513497822931470e+01
7.708090566037735414e+01
7.700897532656023259e+01
7.700335558780841438e+01
7.719375326560232509e+01
7.726214223512336332e+01
7.739786357039187692e+01
7.745919303338170891e+01
7.742180551523948395e+01
7.748548040638605983e+01
7.756679245283018531e+01
7.747144267053701583e+01
7.748140493468795853e+01
7.744474891146589357e+01
7.732669956458636307e+01
7.715173294629897782e+01
7.703054862119013535e+01
7.706627576197386986e+01
7.700365747460087107e+01
7.670829608127721144e+01
7.657800870827286133e+01
7.444809288824383486e+01
7.252705950653120226e+01
7.017615094339622317e+01
6.869932075471697885e+01
6.694703047895501413e+01
6.595159361393324104e+01
6.488502757619738759e+01
6.404095210449926867e+01
6.310773875181422454e+01
6.265148330914368557e+01
6.247883889695210513e+01
6.199231349782293421e+01
6.179933817126269702e+01
6.187484470246734247e+01
6.195451959361393079e+01
6.203914078374455698e+01
6.222417416545718538e+01
6.157635994194485107e+01
6.163782873730043832e+01
6.145391001451378798e+01
6.203485631349782636e+01
6.291444992743105757e+01
6.385105370101596378e+01
6.424448185776488174e+01
6.534509143686501886e+01
6.556267053701016323e+01
6.592790711175616991e+01
