7.518514890039162957e+00
3.877350324537623960e-01
4.051263799359605677e-01
4.248875837386436594e-01
3.965609180806023981e-01
9.436889399264364320e-02
7.221551183192001511e-02
4.583582389400504137e-02
4.244783463834578968e-02
5.073427102425909219e-02
4.647076185114177443e-02
4.728551622192073839e-02
5.172636158228523240e-02
4.926597699838040911e-02
4.967769457996126098e-02
5.183549154366810796e-02
4.737356425894555939e-02
5.196942376900163391e-02
5.014645736862860526e-02
4.939246854452874341e-02
4.952020020387461197e-02
4.906259843398505516e-02
4.964917197641800783e-02
5.427231397681980124e-02
4.983270872965284148e-02
5.350716413394214499e-02
5.376634779222647098e-02
4.916304760298519788e-02
4.801842312166254567e-02
4.491193956184320185e-02
4.686263762156209906e-02
4.545138880276991533e-02
4.714786365699460968e-02
4.672002460384584027e-02
4.983890929564050581e-02
4.765755018118053576e-02
4.626862339994394779e-02
4.732147950464918318e-02
4.462795363960822548e-02
4.782620557604497918e-02
4.683039467842625009e-02
4.554811763217746223e-02
4.612353015583262744e-02
4.781752478366225328e-02
4.983022850325777992e-02
4.471228133704044372e-02
4.744549082440244897e-02
4.564112612199241331e-02
4.462795363960822548e-02
4.639635505928980941e-02
4.728923656151333421e-02
4.711934105345135654e-02
4.596479566654844418e-02
4.471600167663304648e-02
4.360238002524870204e-02
4.360238002524870204e-02
4.615329287257340790e-02
4.208944192425884828e-02
4.732519984424177900e-02
4.878977353052786625e-02
5.093888970185198733e-02
4.446053835794131631e-02
4.161943902239396281e-02
4.736364335336529230e-02
4.435388862295350232e-02
4.392480945660719865e-02
4.275042225854375905e-02
4.254704369414840509e-02
4.445681801834871355e-02
4.811391183787255832e-02
4.262021037280282892e-02
4.323902685837163057e-02
4.016850658128073848e-02
4.788449089632901973e-02
4.456470786653405486e-02
4.868560402193512077e-02
4.701021109206848098e-02
4.527405261552274601e-02
4.391860889061953432e-02
4.768235244513119309e-02
4.238334875207409175e-02
4.224817641354303155e-02
4.607268551473378548e-02
4.197783173648090421e-02
4.313361723658135777e-02
4.363586308158208527e-02
4.156983449449265511e-02
4.523312888000416421e-02
4.486109492074436683e-02
4.552455548142434610e-02
4.520336616326338375e-02
4.444441688637338489e-02
4.425095922755829109e-02
4.389256651347134969e-02
4.750377614468648951e-02
4.462051296042302689e-02
4.694200486620418722e-02
4.391860889061953432e-02
4.628722509790693385e-02
4.401409760682955391e-02
4.563988600879488600e-02
4.553075604741201043e-02
4.390744787184173992e-02
4.685519694237690047e-02
4.637899347452435761e-02
4.534845940737470410e-02
4.711810094025382922e-02
4.831977062866298772e-02
4.776916036895847983e-02
4.581102163005439099e-02
4.534597918097964253e-02
4.464407511117614996e-02
4.587426740312855467e-02
4.831605028907038496e-02
4.604788325078312816e-02
4.089645302823241568e-02
4.434272760417570791e-02
4.770591459588430922e-02
4.421375583163231204e-02
4.484125310958383959e-02
5.341911609691732399e-02
4.453122481020067858e-02
4.338412010248295786e-02
4.139125819404795154e-02
4.452130390462041148e-02
4.320058334924811727e-02
4.630582679586992684e-02
4.037560548526869519e-02
4.333947602737178023e-02
4.160207743762850408e-02
4.395333206015045180e-02
4.182405769998685796e-02
4.333079523498904739e-02
4.490697910905307177e-02
4.650920536026528773e-02
4.929697982831873077e-02
4.640007539888241217e-02
4.373755236377976918e-02
4.571801314023943991e-02
4.430676432144726312e-02
4.387892526829849371e-02
4.726071395797008107e-02
4.048101510705897493e-02
4.090141348102254576e-02
4.713174218542668520e-02
4.359617945926104465e-02
4.405998179513825885e-02
4.668406132111738854e-02
4.334567659335944456e-02
4.138009717527015713e-02
4.776668014256341133e-02
4.225189675313562737e-02
4.384544221196511049e-02
4.502106952322607741e-02
4.373755236377976918e-02
4.555431819816512656e-02
4.904647696241713067e-02
4.649680422828995907e-02
4.633930985220331006e-02
4.157727517367785369e-02
4.637899347452435761e-02
4.609872789188197012e-02
4.330971331063099283e-02
4.725575350517995099e-02
4.586930695033842459e-02
4.479164858168253882e-02
4.530257521906599916e-02
4.977814374896140370e-02
4.755462078578532453e-02
4.420383492605205189e-02
4.068439367145432889e-02
4.679071105610520254e-02
4.858143451334237528e-02
4.411702700222476514e-02
4.282110871080312131e-02
4.484497344917644235e-02
4.939370865772627767e-02
5.098725411655576079e-02
5.006212967119638702e-02
4.489085763748514729e-02
5.719774100979937298e-02
4.484745367557150392e-02
4.856159270218185497e-02
4.963181039165254910e-02
4.556423910374538672e-02
4.274546180575362897e-02
4.301208614322315354e-02
4.552579559462188036e-02
4.546999050073290832e-02
4.227669901708627775e-02
4.998152231335676460e-02
4.256440527891385689e-02
4.464407511117614996e-02
4.546378993474524399e-02
4.551711480223914752e-02
4.869304470112031935e-02
4.671134381146310743e-02
4.268345614587699260e-02
4.880465488889825648e-02
4.552579559462188036e-02
4.545882948195511392e-02
4.685147660278430465e-02
4.545882948195511392e-02
4.717886648693292440e-02
4.153635143815927189e-02
4.784852761360056800e-02
4.526289159674495161e-02
4.715778456257486984e-02
4.663817713280868360e-02
4.373507213738470067e-02
4.389628685306394551e-02
4.451510333863274715e-02
4.244163407235812535e-02
5.047632747917230045e-02
4.638147370091941918e-02
4.509299608868297393e-02
4.576637755494321336e-02
4.722103033564904045e-02
5.017746019856692691e-02
4.653772796380853394e-02
4.494542261817658507e-02
4.107874966826972202e-02
4.382436028760705593e-02
4.393721058858252732e-02
4.839541753371248006e-02
4.421871628442244212e-02
4.649804434148749333e-02
4.454362594217600030e-02
4.740952754167400418e-02
4.522320797442390405e-02
4.570685212146164550e-02
5.044904498882658156e-02
4.759678463450144059e-02
4.779520274610666447e-02
4.973970023983789041e-02
4.333947602737178023e-02
5.108646317235837619e-02
4.888898258633048166e-02
4.507191416432491937e-02
4.893982722742931668e-02
5.649955727958848317e-02
4.172112830459163979e-02
4.699036928090796067e-02
4.631326747505512542e-02
4.463291409239835555e-02
4.802462368765021000e-02
4.281862848440805974e-02
4.806802764956385338e-02
4.387148458911329513e-02
4.309765395385290604e-02
4.497766556131243404e-02
4.794277621661305333e-02
4.662701611403088919e-02
4.643727879480839121e-02
4.881581590767605089e-02
4.343744496997686139e-02
4.537822212411549150e-02
4.732519984424177900e-02
4.535590008655990268e-02
4.773815753902016512e-02
4.479164858168253882e-02
4.390992809823680842e-02
4.821932145966283806e-02
4.645092003998124719e-02
4.423483775599036660e-02
4.446177847113884363e-02
4.819079885611958491e-02
4.312369633100109068e-02
4.166408309750514044e-02
4.654392852979619827e-02
4.776916036895847983e-02
4.325390821674202080e-02
4.408726428548397774e-02
4.659353305769750597e-02
4.354409470496466844e-02
4.536830121853523135e-02
4.151154917420862150e-02
4.372267100540937201e-02
4.543774755759705936e-02
4.284839120114884020e-02
4.589162898789401340e-02
4.810895138508242824e-02
4.405254111595306721e-02
4.763150780403235113e-02
4.738472527772335380e-02
4.678699071651260671e-02
4.911840352787402719e-02
4.157107460769018936e-02
4.936642616738055878e-02
4.631946804104278975e-02
4.926101654559027904e-02
4.672126471704337453e-02
4.610988891065976453e-02
4.644347936079605554e-02
4.467507794111446467e-02
4.778280161413133581e-02
4.615577309896847641e-02
4.310757485943316619e-02
4.387024447591576087e-02
4.724087214680956076e-02
5.362621500090528071e-02
4.376235462773041957e-02
4.619421660809198971e-02
4.359121900647090764e-02
4.302696750159354377e-02
4.628350475831433802e-02
4.773195697303250079e-02
4.352673312019920970e-02
4.407486315350864908e-02
4.460067114926250659e-02
4.282234882400065556e-02
4.095721857491151779e-02
4.475072484616395702e-02
4.360113991205117473e-02
4.480777005325046330e-02
4.345976700753245020e-02
4.379831791045886435e-02
4.485365424155916825e-02
4.719870829809345164e-02
4.205967920751806088e-02
4.602804143962260786e-02
4.653152739782087655e-02
4.811391183787255832e-02
4.631574770145018699e-02
4.328367093348280820e-02
4.250115950583969321e-02
4.638271381411695343e-02
4.417407220931126449e-02
4.832969153424324787e-02
4.410338575705190223e-02
4.581598208284452106e-02
4.676590879215454521e-02
4.659105283130244440e-02
4.568328997070852937e-02
4.726939475035281391e-02
4.328987149947047253e-02
4.504215144758413891e-02
4.421251571843477779e-02
4.335435738574217046e-02
4.373879247697729650e-02
3.937235390846476751e-02
4.408850439868151200e-02
4.566468827274553638e-02
4.330971331063099283e-02
4.410090553065684066e-02
4.224817641354303155e-02
4.893114643504659078e-02
4.195178935933271958e-02
4.564360634838748182e-02
4.759554452130390634e-02
4.407362304031112177e-02
4.148798702345549844e-02
4.817343727135412618e-02
4.445805813154624780e-02
4.204727807554273222e-02
4.540426450126367613e-02
4.820071976169984507e-02
4.319810312285305570e-02
4.617933524972159254e-02
4.651912626584554789e-02
5.261676285811368869e-02
4.275538271133388912e-02
4.426336035953361975e-02
4.621281830605497576e-02
4.821188078047763947e-02
4.549851310427616147e-02
4.529761476627586908e-02
4.397317387131097211e-02
4.465647624315147168e-02
4.434520783057077642e-02
4.374251281656989926e-02
4.487845650550982557e-02
4.474824461976889545e-02
4.131685140219599345e-02
4.461803273402796532e-02
4.181661702080165938e-02
4.236722728050616726e-02
4.300960591682808504e-02
4.276778384330921778e-02
4.468499884669472483e-02
4.164424128634462013e-02
4.804322538561319605e-02
4.546378993474524399e-02
4.195550969892531540e-02
4.457214854571925344e-02
4.380575858964406294e-02
4.640255562527747374e-02
4.440225303765727577e-02
4.238706909166668757e-02
4.389008628707628118e-02
4.656005000136412275e-02
4.333203534818658165e-02
4.482885197760851786e-02
4.542658653881926495e-02
4.836317459057663110e-02
4.402153828601474556e-02
4.281242791842039541e-02
4.236474705411109876e-02
4.202991649077728042e-02
4.673614607541376476e-02
4.780264342529186306e-02
4.284963131434637446e-02
4.266113410832141073e-02
4.237962841248148899e-02
4.729667724069853280e-02
4.645340026637631570e-02
4.430800443464479738e-02
4.561508374484422867e-02
4.382808062719965175e-02
4.635915166336383036e-02
4.349697040345842924e-02
4.286203244632170312e-02
4.491814012783086618e-02
4.533729838859690969e-02
4.475444518575655284e-02
4.639015449330215202e-02
4.369910885465625588e-02
4.733140041022944333e-02
4.286079233312416886e-02
4.608632675990664146e-02
5.682694716373710292e-02
4.558408091490591396e-02
4.385288289115030214e-02
4.196047015171544547e-02
4.563120521641215316e-02
4.243543350637046102e-02
4.234366512975304420e-02
4.429064284987933864e-02
4.535341986016483418e-02
4.888402213354035158e-02
4.594991430817805395e-02
4.514012039018921313e-02
4.292651833259340105e-02
4.030491903300933293e-02
4.110231181902283815e-02
4.281614825801299123e-02
4.405874168194072460e-02
4.552083514183174334e-02
4.262393071239542475e-02
4.830488927029259055e-02
4.658361215211724582e-02
4.277770474888947794e-02
4.179801532283866639e-02
4.876621137977474318e-02
4.387272470231082938e-02
4.674358675459895640e-02
4.514260061658428164e-02
4.365198455315000975e-02
4.578745947930126792e-02
5.194834184464357935e-02
4.241559169520994071e-02
3.923594145673617306e-02
4.276902395650675204e-02
4.798990051811929253e-02
4.323406640558150049e-02
4.691844271545106415e-02
4.647944264352450033e-02
5.216536165421179622e-02
5.057305630857984735e-02
4.487969661870735288e-02
4.628102453191927645e-02
4.614709230658574357e-02
4.471848190302810805e-02
4.400293658805175950e-02
4.835821413778649408e-02
4.703997380880926837e-02
4.721606988285891038e-02
4.887782156755268725e-02
4.800106153689708693e-02
4.282482905039571713e-02
4.629838611668472825e-02
4.638147370091941918e-02
4.253836290176567225e-02
4.648068275672203459e-02
4.218121030087626511e-02
4.253588267537061068e-02
4.485737458115176407e-02
4.567708940472086504e-02
4.776295980297081550e-02
4.998772287934442893e-02
5.431323771233838305e-02
4.294263980416132553e-02
4.491069944864567454e-02
4.445061745236104922e-02
4.655508954857399267e-02
4.093365642415839473e-02
4.571305268744930983e-02
4.917916907455312236e-02
4.639263471969721359e-02
4.227917924348134626e-02
4.660717430287036889e-02
4.230894196022212672e-02
4.387272470231082938e-02
4.519964582367078793e-02
4.386900436271822662e-02
4.706973652555004883e-02
4.731527893866151885e-02
4.439481235847208412e-02
4.463167397920082130e-02
4.543030687841186077e-02
4.969505616472671972e-02
4.603300189241273793e-02
4.222461426278990848e-02
4.407858349310125184e-02
4.746037218277284614e-02
4.546875038753537407e-02
4.455602707415132896e-02
4.436132930213870090e-02
4.697920826213016626e-02
4.131561128899845919e-02
4.685271671598183196e-02
4.636411211615396044e-02
4.567336906512826228e-02
3.948024375665010882e-02
4.736488346656282655e-02
4.384792243836017206e-02
4.601688042084481345e-02
4.231638263940732531e-02
4.524553001197949287e-02
4.768855301111885742e-02
4.531621646423885513e-02
4.354037436537207262e-02
4.652780705822827378e-02
4.373507213738470067e-02
4.612601038222768901e-02
4.228413969627147634e-02
4.521948763483130823e-02
4.638023358772188492e-02
4.171368762540644815e-02
4.639511494609228209e-02
4.466019658274407444e-02
4.772327618064976795e-02
4.534969952057223835e-02
4.501362884404088577e-02
4.897207017056517259e-02
4.531745657743638939e-02
4.725823373157501950e-02
4.551711480223914752e-02
4.420259481285451764e-02
4.671134381146310743e-02
5.620937079136583553e-02
4.432164567981765335e-02
4.393225013579239724e-02
4.647696241712943876e-02
4.648564320951216466e-02
4.563368544280722167e-02
4.438985190568195405e-02
4.245527531753098133e-02
4.544518823678225100e-02
4.589658944068414348e-02
4.422243662401503794e-02
4.450766265944755551e-02
4.780264342529186306e-02
4.702137211084627538e-02
5.051105064870321099e-02
4.518476446530039076e-02
4.525669103075728728e-02
4.722475067524163628e-02
4.350069074305102507e-02
4.839913787330507589e-02
4.903407583044180201e-02
4.533109782260924536e-02
4.685023648958677039e-02
4.099194174444243527e-02
4.462051296042302689e-02
4.946067477039304411e-02
4.713174218542668520e-02
4.394713149416278747e-02
4.400045636165669100e-02
4.918660975373832095e-02
4.342132349840893690e-02
4.292031776660573672e-02
4.300464546403795496e-02
4.342504383800153273e-02
4.652160649224060945e-02
4.295876127572925002e-02
4.635419121057370029e-02
4.500246782526309136e-02
4.654516864299373252e-02
4.465771635634900594e-02
4.640503585167254225e-02
4.750129591829142101e-02
4.432412590621272186e-02
4.648316298311709616e-02
4.967645446676372673e-02
4.690356135708067392e-02
4.161695879599890124e-02
4.472220224262070387e-02
4.687999920632755085e-02
4.864964073920667598e-02
5.153414403666766591e-02
4.677582969773481231e-02
4.562376453722696151e-02
5.076279362780234533e-02
4.233870467696291412e-02
4.558656114130097553e-02
4.434148749097817366e-02
4.621405841925251001e-02
4.898447130254049431e-02
4.421871628442244212e-02
5.863379209254220709e-02
4.919405043292351953e-02
4.479536892127513464e-02
4.780140331209432880e-02
4.668530143431492280e-02
4.988975393673934777e-02
4.982898839006024566e-02
4.878977353052786625e-02
4.367554670390313282e-02
4.599951883607935471e-02
4.833961243982350803e-02
4.672374494343843609e-02
4.608632675990664146e-02
4.700773086567341941e-02
4.309517372745784447e-02
4.516864299373246627e-02
4.545262891596744959e-02
4.766251063397066584e-02
4.618429570251172261e-02
4.646456128515411010e-02
4.779644285930419872e-02
4.569445098948632378e-02
4.810523104548983242e-02
4.180917634161646079e-02
4.721979022245150620e-02
4.508431529630024803e-02
4.439853269806467995e-02
4.947679624196096859e-02
5.207111305119931088e-02
4.805810674398359322e-02
4.852810964584847175e-02
4.709453878950070616e-02
4.399425579566902667e-02
4.524304978558443130e-02
4.997408163417156601e-02
4.938750809173861334e-02
4.915064647100987616e-02
4.367306647750806431e-02
4.543526733120199085e-02
4.552207525502927760e-02
4.763646825682248120e-02
4.880093454930566066e-02
4.736240324016776498e-02
4.574405551738762454e-02
4.844254183521871926e-02
4.733760097621710766e-02
4.569321087628878952e-02
5.005840933160379119e-02
5.313637028787987493e-02
4.618181547611666105e-02
4.620413751367224986e-02
4.819451919571218768e-02
4.574653574378269305e-02
4.568949053669618676e-02
4.732147950464918318e-02
5.042176249848086267e-02
4.813003330944048280e-02
3.825749214388289576e-02
4.983642906924543731e-02
4.455974741374392478e-02
5.996071321390216563e-02
4.785472817958823233e-02
4.870048538030551100e-02
4.778280161413133581e-02
5.058297721416010750e-02
4.802338357445267575e-02
4.515376163536207604e-02
4.564484646158501607e-02
4.565724759356033780e-02
4.407858349310125184e-02
4.668158109472232697e-02
4.814491466781087997e-02
4.912584420705921884e-02
4.691472237585846833e-02
4.830736949668765906e-02
4.815235534699607162e-02
4.728427610872320414e-02
4.588666853510388333e-02
4.799114063131682678e-02
4.691720260225353684e-02
4.527281250232521176e-02
4.678079015052494238e-02
5.022954495286329618e-02
4.591147079905454065e-02
4.701145120526601523e-02
4.396325296573071195e-02
4.403641964438514272e-02
4.855167179660159482e-02
4.465151579036134161e-02
4.104774683833140037e-02
4.456222764013899329e-02
4.936642616738055878e-02
4.781256433087212321e-02
4.807546832874904502e-02
4.675350766017922349e-02
5.152174290469233725e-02
4.853555032503367034e-02
4.940114933691147625e-02
4.705485516717965860e-02
4.698788905451289910e-02
4.837185538295935699e-02
4.607020528833871698e-02
4.849214636312002696e-02
4.855167179660159482e-02
4.785844851918082815e-02
4.641247653085773389e-02
4.924861541361495731e-02
4.846982432556443815e-02
4.829000791192220032e-02
5.042052238528332841e-02
4.966033299519580224e-02
4.611360925025236035e-02
5.115838973781526577e-02
4.860871700368809417e-02
4.783240614203264351e-02
4.339900146085334809e-02
4.624134090959822890e-02
4.847354466515703397e-02
4.522692831401650682e-02
4.975954205099841765e-02
5.832996435914670347e-02
4.520832661605351382e-02
4.406618236112592318e-02
5.068590660955531874e-02
4.820195987489737932e-02
5.116583041700046436e-02
4.648936354910476049e-02
4.976946295657867780e-02
4.803950504602060023e-02
4.590775045946193789e-02
5.248407074597769006e-02
4.763274791722988538e-02
4.593751317620272528e-02
4.808290900793424361e-02
4.563120521641215316e-02
4.802834402724280582e-02
4.696680713015483760e-02
4.804942595160086038e-02
4.621405841925251001e-02
4.645340026637631570e-02
4.988851382354181352e-02
4.527529272872028027e-02
4.462175307362056115e-02
4.731527893866151885e-02
4.857275372095964938e-02
4.700649075247588515e-02
5.047012691318463612e-02
4.071415638819511629e-02
4.542658653881926495e-02
4.518476446530039076e-02
4.609376743909184004e-02
4.632690872022798140e-02
4.670390313227791579e-02
5.212939837148335143e-02
4.596603577974597843e-02
5.047880770556736202e-02
4.813127342263801706e-02
4.542658653881926495e-02
4.353417379938440829e-02
4.887906168075022151e-02
5.039820034772773960e-02
5.009189238793716747e-02
4.797873949934149812e-02
4.763646825682248120e-02
4.394093092817512314e-02
4.979922567331945826e-02
5.090416653232106986e-02
4.398929534287889659e-02
4.722475067524163628e-02
4.861119723008316268e-02
4.597843691172130015e-02
4.713546252501928102e-02
4.759182418171130358e-02
4.980294601291206102e-02
4.679939184848792844e-02
4.479164858168253882e-02
4.143094181636899909e-02
5.029651106553006262e-02
4.864716051281160747e-02
4.612973072182028483e-02
5.721882293415742754e-02
5.103561853125953424e-02
4.703501335601913830e-02
5.007453080317171568e-02
5.116211007740786854e-02
5.049244895074022493e-02
5.234269784145896554e-02
4.689612067789547534e-02
5.195206218423617517e-02
4.490325876946047595e-02
4.812507285665035273e-02
4.389752696626147976e-02
4.810523104548983242e-02
4.859135541892264237e-02
4.696928735654990611e-02
5.215296052223646756e-02
4.914320579182467758e-02
4.726071395797008107e-02
4.712430150624148661e-02
4.370530942064391328e-02
4.576141710215308328e-02
4.758562361572364618e-02
4.797501915974890230e-02
4.601067985485714912e-02
4.730287780668619713e-02
4.179801532283866639e-02
4.522444808762143831e-02
4.611732958984496311e-02
4.389752696626147976e-02
3.930910813539059689e-02
4.813499376223061982e-02
4.808910957392190794e-02
4.661709520845062904e-02
4.739092584371101119e-02
4.657245113333945141e-02
4.785348806639069807e-02
4.510167688106570677e-02
4.863351926763875149e-02
4.664189747240127942e-02
4.831853051546545347e-02
5.007329068997418142e-02
4.628226464511680377e-02
5.013033589706068077e-02
4.508431529630024803e-02
4.346224723392751177e-02
4.906631877357765098e-02
4.771459538826704205e-02
4.686263762156209906e-02
4.610120811827703863e-02
4.767119142635339868e-02
4.266733467430906812e-02
4.755338067258779722e-02
4.626490306035135197e-02
4.894726790661451526e-02
4.703501335601913830e-02
4.522444808762143831e-02
4.667042007594453257e-02
4.467383782791693042e-02
4.665553871757414234e-02
4.679567150889533261e-02
5.729819017879952264e-02
4.627110362633900936e-02
4.283350984277844997e-02
4.538566280330068314e-02
4.761166599287183082e-02
4.722227044884656777e-02
5.089052528714821388e-02
4.725451339198241674e-02
4.681055286726572284e-02
4.818335817693439327e-02
4.835201357179883669e-02
5.076527385419741384e-02
4.592263181783233505e-02
4.823792315762583105e-02
4.855911247578678647e-02
4.498138590090503680e-02
5.045276532841917738e-02
4.701765177125367956e-02
5.190617799592747023e-02
4.841649945807053462e-02
4.688867999871028369e-02
4.789441180190927988e-02
4.896338937818243975e-02
4.865336107879927180e-02
4.726195407116761532e-02
4.815607568658867438e-02
5.070326819432077747e-02
5.140021181133413997e-02
4.685891728196949629e-02
4.820319998809491358e-02
4.889890349191074181e-02
5.002988672806053805e-02
4.691720260225353684e-02
5.143245475446998893e-02
4.297612286049470876e-02
4.642239743643800098e-02
4.478172767610227173e-02
4.972233865507243167e-02
4.628474487151187228e-02
4.934410412982496996e-02
4.674606698099402491e-02
4.775055867099548684e-02
4.703749358241419987e-02
4.880217466250319491e-02
4.916304760298519788e-02
4.664313758559881368e-02
5.058917778014777183e-02
5.351956526591747365e-02
4.965537254240567216e-02
4.712058116664889079e-02
4.877241194576240751e-02
4.980170589971452677e-02
4.704121392200680263e-02
