1.322718631628787875e+02
1.294607007575757507e+02
1.296743252840909122e+02
1.293277107007575637e+02
1.288649621212121303e+02
1.285667140151515184e+02
1.280527225378787932e+02
1.280517874053030312e+02
1.279208333333333343e+02
1.274544270833333286e+02
1.272319128787878810e+02
1.272831676136363654e+02
1.271309540719696969e+02
1.271698863636363654e+02
1.271051017992424192e+02
1.270324573863636317e+02
1.268678267045454504e+02
1.266539654356060538e+02
1.268400449810606005e+02
1.268733072916666629e+02
1.268310014204545411e+02
1.268182646780303031e+02
1.267823745265151558e+02
1.265631036931818159e+02
1.264024739583333314e+02
1.262872869318181870e+02
1.261596827651515156e+02
1.259526633522727224e+02
1.257518229166666686e+02
1.258132457386363683e+02
1.259387547348484873e+02
1.259195312500000057e+02
1.258064275568181785e+02
1.257723129734848442e+02
1.255714725378787904e+02
1.254536813446969745e+02
1.254211292613636317e+02
1.253974313446969688e+02
1.253891098484848499e+02
1.254111979166666657e+02
1.256330137310606005e+02
1.255862926136363598e+02
1.256400568181818187e+02
1.256338186553030312e+02
1.256517755681818187e+02
1.257322679924242408e+02
1.256808830492424249e+02
1.254870265151515127e+02
1.255029592803030312e+02
1.253473366477272748e+02
1.252955137310606091e+02
1.252559659090909037e+02
1.253158735795454533e+02
1.253670099431818130e+02
1.254185724431818159e+02
1.254779592803030255e+02
1.254671283143939462e+02
1.255318536931818159e+02
1.257265980113636346e+02
1.258902817234848470e+02
1.260777817234848470e+02
1.261001065340909122e+02
1.262209753787878839e+02
1.262570312499999972e+02
1.263506392045454589e+02
1.265455255681818159e+02
1.265452533143939462e+02
1.265070194128787904e+02
1.265687618371212153e+02
1.266848603219696940e+02
1.267533143939393909e+02
1.269987452651515127e+02
1.269183712121212153e+02
1.269446259469696940e+02
1.270422703598484873e+02
1.271117897727272776e+02
1.271662997159090907e+02
1.272455137310606119e+02
1.274275213068181785e+02
1.277358428030303088e+02
1.278945312500000000e+02
1.280219815340909122e+02
1.280638020833333428e+02
1.282233546401515127e+02
1.282712949810606062e+02
1.282169862689393938e+02
1.283252840909090935e+02
1.284485913825757564e+02
1.285078006628787932e+02
1.287983428030302946e+02
1.289356415719697111e+02
1.291627604166666572e+02
1.291830492424242323e+02
1.294111150568181756e+02
1.295783617424242493e+02
1.296029711174242323e+02
1.294420336174242436e+02
1.296084517045454447e+02
1.298331557765151558e+02
1.297546638257575751e+02
1.296195785984848499e+02
1.296206084280302946e+02
1.295326231060606119e+02
1.294804095643939377e+02
1.294057054924242323e+02
1.296323745265151501e+02
1.297596117424242550e+02
1.297995265151515127e+02
1.296594578598484873e+02
1.298454782196969575e+02
1.298978101325757564e+02
1.298091145833333258e+02
1.298667021780302946e+02
1.298745028409090878e+02
1.302303267045454618e+02
1.303330255681818244e+02
1.302868016098484816e+02
1.300787050189393881e+02
1.300010653409090935e+02
1.301053622159090821e+02
1.301502840909090821e+02
1.301300307765151558e+02
1.300583333333333371e+02
1.298969578598484986e+02
1.298686553030302946e+02
1.299055634469696940e+02
1.298939512310606119e+02
1.296772253787878810e+02
1.295884943181818301e+02
1.295457267992424306e+02
1.294908025568181813e+02
1.294040956439393995e+02
1.293038944128787762e+02
1.291992069128787932e+02
1.291248697916666686e+02
1.291605350378787875e+02
1.291219578598484929e+02
1.290566642992424136e+02
1.290999881628787875e+02
1.289492542613636488e+02
1.288467329545454447e+02
1.285865411931818301e+02
1.284413352272727309e+02
1.282309540719697054e+02
1.278812499999999943e+02
1.276614228219696940e+02
1.274954308712121218e+02
1.273277343750000057e+02
1.272488754734848442e+02
1.269976444128787847e+02
1.268581202651515127e+02
1.269152580492424249e+02
1.269417258522727252e+02
1.270449337121212068e+02
1.269460819128787818e+02
1.269397490530302974e+02
1.267868489583333371e+02
1.270131865530303088e+02
1.270081676136363598e+02
1.270332859848484901e+02
1.271836884469696969e+02
1.272395833333333286e+02
1.273425071022727337e+02
1.273084280303030340e+02
1.273472182765151501e+02
1.273456202651515099e+02
1.273994910037878725e+02
1.274836410984848527e+02
1.274774029356060652e+02
1.273868134469696969e+02
1.273719815340909065e+02
1.273293915719696940e+02
1.272548177083333343e+02
1.274529474431818130e+02
1.273689275568181785e+02
1.274370383522727224e+02
1.274722892992424192e+02
1.275328125000000057e+02
1.277029356060606062e+02
1.278345407196969745e+02
1.278181699810606062e+02
1.280482481060606119e+02
1.281678622159090821e+02
1.281191524621212068e+02
1.281788707386363626e+02
1.282031013257575864e+02
1.283581794507575751e+02
1.284288352272727138e+02
1.285477982954545553e+02
1.285547111742424136e+02
1.284915838068181699e+02
1.286045928030303003e+02
1.286694247159090878e+02
1.285729995265151615e+02
1.284065340909091049e+02
1.283882339015151501e+02
1.283668087121212125e+02
1.284357481060606005e+02
1.283976207386363626e+02
1.284860085227272748e+02
1.285281368371212238e+02
1.285170572916666742e+02
1.286071022727272748e+02
1.288481178977272634e+02
1.288939512310606119e+02
1.289052083333333201e+02
1.289236860795454618e+02
1.290068418560606176e+02
1.290006510416666572e+02
1.290572443181818301e+02
1.290286221590909008e+02
1.290879971590909179e+02
1.290888849431818244e+02
1.292048295454545439e+02
1.291614464962121076e+02
1.292468868371212238e+02
1.291547703598484986e+02
1.291513494318181756e+02
1.290345407196969632e+02
1.289644412878787989e+02
1.289447324810606119e+02
1.289724195075757507e+02
1.291052438446969575e+02
1.292286931818181870e+02
1.292725142045454447e+02
1.292832504734848555e+02
1.293424952651515127e+02
1.292757220643939320e+02
1.292536813446969575e+02
1.291541548295454618e+02
1.289801964962121303e+02
1.287994910037878924e+02
1.286198626893939263e+02
1.284656486742424306e+02
1.283020714962121076e+02
1.280979876893939320e+02
1.279817708333333286e+02
1.280053385416666742e+02
1.280184659090909065e+02
1.280868726325757621e+02
1.278607954545454533e+02
1.278209635416666714e+02
1.277305752840909037e+02
1.276080255681818159e+02
1.275444247159090878e+02
1.275872159090909150e+02
1.275832267992424249e+02
1.275717684659090878e+02
1.274736032196969688e+02
1.275318892045454504e+02
1.274584043560606119e+02
1.274104285037878839e+02
1.274727627840909037e+02
1.275517874053030312e+02
1.276135298295454561e+02
1.275772608901515213e+02
1.275375355113636431e+02
1.276948153409090878e+02
1.277970880681818215e+02
1.279137665719697026e+02
1.279399029356060566e+02
1.279357836174242493e+02
1.279360795454545467e+02
1.277540601325757592e+02
1.277542021780302974e+02
1.276871685606060538e+02
1.276475260416666657e+02
1.276308357007575722e+02
1.275223958333333343e+02
1.275399266098484787e+02
1.275267282196969632e+02
1.277313920454545411e+02
1.280484611742424192e+02
1.281278290719696997e+02
1.283759114583333201e+02
1.285321732954545553e+02
1.285824100378787875e+02
1.286915127840909179e+02
1.288827059659090821e+02
1.288566879734848385e+02
1.288242542613636488e+02
1.288911103219697054e+02
1.290569483901515184e+02
1.292918915719696997e+02
1.294866122159091049e+02
1.296693418560606119e+02
1.298539772727272634e+02
1.298151278409090992e+02
1.297754853219697111e+02
1.296948153409090878e+02
1.298442826704545325e+02
1.296543678977272691e+02
1.299779237689394051e+02
1.301616950757575637e+02
1.302666903409090935e+02
1.304674952651515127e+02
1.304137784090908951e+02
1.306629853219696997e+02
1.307282078598484816e+02
1.310584635416666686e+02
1.311485913825757450e+02
1.310986505681818244e+02
1.311747869318181756e+02
1.310532788825757677e+02
1.310865885416666572e+02
1.310753669507575694e+02
1.311741358901515184e+02
1.311160274621212238e+02
1.309052556818181756e+02
1.307712002840908951e+02
1.305766216856060566e+02
1.306645833333333258e+02
1.305655658143939490e+02
1.305046401515151615e+02
1.306551017992424306e+02
1.305536695075757621e+02
1.305853574810606119e+02
1.306870146780302946e+02
1.309404356060606176e+02
1.310558712121212182e+02
1.312168678977272691e+02
1.312283617424242550e+02
1.313004379734848612e+02
1.312602272727272634e+02
1.311996922348484986e+02
1.312958925189393824e+02
1.310535511363636374e+02
1.308109138257575808e+02
1.305979285037878697e+02
1.304238754734848555e+02
1.302630208333333428e+02
1.301079071969697054e+02
1.299095052083333428e+02
1.295807646780303060e+02
1.294821614583333371e+02
1.294616122159090992e+02
1.293829663825757450e+02
1.293634351325757450e+02
1.293142637310606062e+02
1.295209043560606119e+02
1.295919744318181870e+02
1.297017992424242436e+02
1.297506747159090992e+02
1.297164417613636260e+02
1.298324100378787875e+02
1.298262192234848555e+02
1.298795928030303060e+02
1.301265625000000057e+02
1.303339251893939377e+02
1.303594696969697111e+02
1.305897017045454618e+02
1.305973129734848612e+02
1.304446851325757564e+02
1.304520241477272862e+02
1.305023910984848499e+02
1.305082267992424363e+02
1.304943300189393938e+02
1.305613281249999886e+02
1.305106770833333201e+02
1.306822443181818301e+02
1.308332149621212182e+02
1.309362571022727195e+02
1.310462239583333428e+02
1.311921874999999886e+02
1.312763967803030312e+02
1.312342211174242550e+02
1.312829190340908951e+02
1.313279711174242550e+02
1.313953953598484929e+02
1.315252485795454618e+02
1.315234611742424136e+02
1.316866003787878867e+02
1.317111032196969802e+02
1.318147490530303116e+02
1.317030066287878753e+02
1.317181581439394051e+02
1.315573863636363683e+02
1.316039299242424363e+02
1.316079190340909122e+02
1.316641216856060623e+02
1.315611032196969745e+02
1.316138849431818301e+02
1.315837476325757507e+02
1.316402107007575637e+02
1.319645833333333371e+02
1.321410511363636431e+02
1.321085582386363626e+02
1.322031131628787932e+02
1.323434422348484816e+02
1.323948626893939320e+02
1.323806344696969575e+02
1.325491003787878697e+02
1.325888731060606176e+02
1.326719933712121247e+02
1.327534682765151501e+02
1.328258641098484816e+02
1.327458451704545439e+02
1.328936316287878867e+02
1.327737689393939320e+02
1.326542613636363512e+02
1.325278053977272634e+02
1.324853101325757621e+02
1.325412642045454561e+02
1.325811079545454447e+02
1.326016808712121247e+02
1.325650449810605949e+02
1.323477746212121247e+02
1.323425307765151615e+02
1.322512310606060737e+02
1.321714607007575637e+02
1.323295928030302946e+02
1.322787168560606119e+02
1.322950284090909179e+02
1.320551136363636431e+02
1.319040482954545439e+02
1.318419744318181870e+02
1.318187144886363740e+02
1.317853929924242493e+02
1.314570785984848555e+02
1.313678148674242436e+02
1.313686671401515014e+02
1.314562736742424249e+02
1.314769767992424363e+02
1.311331557765151388e+02
1.311894767992424136e+02
1.309495738636363740e+02
1.309572561553030425e+02
1.309765388257575864e+02
1.308343513257575808e+02
1.309232481060606119e+02
1.309087239583333258e+02
1.306977864583333258e+02
1.305456794507575751e+02
1.303784446022727366e+02
1.303352272727272805e+02
1.299906013257575808e+02
1.297134824810605949e+02
1.295793560606060737e+02
1.295691524621212238e+02
1.293599550189393881e+02
1.291059895833333258e+02
1.290691879734848442e+02
1.290559777462121076e+02
1.287049005681818130e+02
1.285936079545454618e+02
1.283629261363636260e+02
1.284729403409091049e+02
1.284339607007575808e+02
1.285520714962121076e+02
1.284896898674242323e+02
1.285959161931818073e+02
1.286263375946969632e+02
1.284019412878787989e+02
1.283168678977272634e+02
1.283494436553030198e+02
1.283133285984848442e+02
1.284518465909090992e+02
1.283737097537878924e+02
1.283804332386363569e+02
1.285720052083333371e+02
1.284324928977272862e+02
1.281733428030302946e+02
1.282180397727272805e+02
1.282074573863636431e+02
1.281131747159090821e+02
1.280663233901515241e+02
1.281754024621212125e+02
1.283290956439393824e+02
1.284356534090909179e+02
1.284461292613636374e+02
1.284110085227272862e+02
1.285455610795454504e+02
1.284482007575757621e+02
1.286062855113636374e+02
1.289095407196969632e+02
1.292950875946969802e+02
1.296342092803030255e+02
1.302929095643939377e+02
1.307437500000000057e+02
1.310065932765151615e+02
1.317665601325757621e+02
1.322829900568181927e+02
1.324124053030303116e+02
1.324468631628787989e+02
1.323550189393939434e+02
1.323003669507575637e+02
1.322674952651515241e+02
1.320879616477272691e+02
1.321285274621212125e+02
1.321170099431818130e+02
1.320717447916666742e+02
1.318681107954545553e+02
1.318216264204545496e+02
1.316281368371212182e+02
1.313996330492424249e+02
1.311166666666666742e+02
1.308183475378787932e+02
1.305015033143939434e+02
1.303766335227272748e+02
1.301427911931818073e+02
1.299511837121212068e+02
1.295722419507575864e+02
1.293232481060606176e+02
1.289998342803030198e+02
1.289515033143939320e+02
1.286278882575757621e+02
1.285883996212121190e+02
1.285643347537878753e+02
1.286662523674242493e+02
1.288343394886363740e+02
1.288547466856060737e+02
1.290618963068181699e+02
1.290746330492424363e+02
1.291806344696969688e+02
1.293303503787878697e+02
1.293535274621212068e+02
1.293749289772727309e+02
1.294827888257575808e+02
1.293909564393939320e+02
1.292304095643939377e+02
1.291325402462121303e+02
1.290685961174242493e+02
1.291253551136363740e+02
1.288972656249999886e+02
1.287747277462121076e+02
1.285705137310606005e+02
1.282598839962121247e+02
1.281449692234848499e+02
1.279100852272727309e+02
1.277791666666666686e+02
1.277290838068181813e+02
1.276114346590909037e+02
1.274459635416666714e+02
1.274382457386363683e+02
1.274094341856060595e+02
1.272693181818181785e+02
1.270826112689393881e+02
1.269722656250000057e+02
1.268950402462121190e+02
1.267643347537878782e+02
1.267103219696969632e+02
1.265570904356060566e+02
1.262954545454545467e+02
1.259808357007575808e+02
1.258459517045454561e+02
1.257737215909090907e+02
1.256500828598484816e+02
1.255821141098484901e+02
1.255122987689393881e+02
1.255783972537878839e+02
1.257054332386363598e+02
1.258106415719696969e+02
1.259561671401515213e+02
1.261170572916666686e+02
1.262596472537878753e+02
1.266337949810606034e+02
1.267839607007575751e+02
1.268458925189393938e+02
1.269714370265151473e+02
1.271275804924242436e+02
1.270950757575757564e+02
1.270306107954545496e+02
1.267942116477272663e+02
1.267039062500000028e+02
1.269507575757575779e+02
1.281515506628787762e+02
1.280368726325757507e+02
1.279810250946969745e+02
1.280180752840909122e+02
1.279883049242424278e+02
1.280050189393939490e+02
1.281344578598484816e+02
1.283088541666666629e+02
1.284138967803030198e+02
1.286618016098484816e+02
1.287446614583333258e+02
1.287431107954545553e+02
1.288309540719696997e+02
1.288649739583333371e+02
1.289225378787878924e+02
1.301076704545454561e+02
1.308300662878787932e+02
1.311113873106060623e+02
1.312961174242424249e+02
1.315807291666666572e+02
1.315941169507575808e+02
1.311177793560605949e+02
1.310145123106060510e+02
1.309348603219696940e+02
1.306600378787878753e+02
1.306798532196969802e+02
1.305979403409091049e+02
1.306612097537878867e+02
1.305821732954545382e+02
1.303481534090909122e+02
1.303327533143939263e+02
1.303399502840909179e+02
1.303838186553030312e+02
1.303634351325757450e+02
1.305056699810606062e+02
1.308556818181818073e+02
1.309717566287878867e+02
1.309073982007575694e+02
1.308581557765151615e+02
1.310176017992424136e+02
1.311099786931818301e+02
1.313187855113636431e+02
1.313558593749999943e+02
1.314389441287878810e+02
1.315407315340908951e+02
1.315123461174242436e+02
1.314316761363636488e+02
1.315847774621212238e+02
1.316988991477272748e+02
1.317518229166666686e+02
1.318949810606060566e+02
1.319793442234848442e+02
1.320655421401515071e+02
1.322737807765151388e+02
1.323854285037878924e+02
1.324470762310606062e+02
1.325852509469696940e+02
1.327027462121212125e+02
1.327653053977272748e+02
1.330017874053030198e+02
1.330300781249999886e+02
1.330674005681818244e+02
1.329135653409090878e+02
1.328191879734848442e+02
1.326443655303030198e+02
1.324672348484848499e+02
1.325970052083333428e+02
1.326083925189393824e+02
1.326168560606060680e+02
1.325854048295454675e+02
1.325249644886363569e+02
1.325900331439393938e+02
1.325109611742424249e+02
1.324238873106060623e+02
1.323247869318181813e+02
1.319723129734848612e+02
1.316824100378787818e+02
1.312857125946969745e+02
1.307991595643939320e+02
1.304827533143939320e+02
1.299039891098484816e+02
1.296434422348484929e+02
1.292859848484848442e+02
1.290016571969696884e+02
1.288436434659090821e+02
1.286823390151515127e+02
1.286084280303030312e+02
1.285434777462121190e+02
1.285972419507575637e+02
1.286403527462121303e+02
1.287266927083333314e+02
1.287283972537878753e+02
1.288104285037878753e+02
1.288716500946969745e+02
1.291438328598484873e+02
1.293094223484848442e+02
1.294180279356060623e+02
1.294417850378787875e+02
1.291673177083333428e+02
1.293881628787878810e+02
1.292944128787878810e+02
1.292750473484848612e+02
1.292623461174242436e+02
1.293354166666666742e+02
1.289902817234848555e+02
1.287851680871212068e+02
1.286614464962121076e+02
1.286727982954545553e+02
1.283337831439393995e+02
1.282777698863636431e+02
1.282094341856060566e+02
1.291768229166666799e+02
1.291924124053030312e+02
1.290850852272727138e+02
1.287823626893939490e+02
1.288113636363636374e+02
1.287130800189393938e+02
1.287413825757575694e+02
1.287486268939393881e+02
1.283597064393939320e+02
1.279946259469696912e+02
1.277683593750000028e+02
1.276687736742424306e+02
1.276124644886363626e+02
1.275665364583333314e+02
1.275235321969696969e+02
1.274049952651515127e+02
1.274767400568181870e+02
1.276537642045454533e+02
1.276276633522727337e+02
1.279594578598484844e+02
1.281505681818181870e+02
1.283516808712121247e+02
1.284789654356060566e+02
1.284471827651515241e+02
1.284121448863636488e+02
1.281525449810606005e+02
1.280081676136363740e+02
1.279322679924242436e+02
1.278026396780303031e+02
1.276113991477272691e+02
1.276581912878787932e+02
1.276460345643939434e+02
1.276496212121212182e+02
1.274850023674242436e+02
1.274092211174242379e+02
1.274997395833333371e+02
1.275853219696969632e+02
1.278873224431818159e+02
1.278149739583333400e+02
1.277848011363636402e+02
1.278644886363636317e+02
1.280202533143939263e+02
1.280921046401515184e+02
1.280085227272727195e+02
1.279244554924242436e+02
1.281421638257575637e+02
1.281449573863636431e+02
1.280724668560606005e+02
1.281083688446969688e+02
1.279762073863636402e+02
1.280123579545454504e+02
1.280181699810605949e+02
1.281304332386363569e+02
1.280778882575757507e+02
1.279655303030303060e+02
1.280427556818181927e+02
1.281111624053030198e+02
1.280391690340909179e+02
1.281066761363636317e+02
1.282223839962121303e+02
1.282295336174242379e+02
1.284850023674242436e+02
1.284222182765151388e+02
1.284263494318181813e+02
1.283940932765151501e+02
1.283736032196969745e+02
1.283312381628787762e+02
1.281267282196969575e+02
1.280284682765151558e+02
1.280486860795454618e+02
1.279352982954545439e+02
1.277892755681818215e+02
1.277205965909090963e+02
1.277656013257575722e+02
1.277006983901515156e+02
1.276672230113636317e+02
1.277477272727272748e+02
1.277679805871212153e+02
1.277404592803030283e+02
1.277104995265151501e+02
1.275840553977272691e+02
1.275415838068181813e+02
1.272161103219696940e+02
1.268479758522727252e+02
1.266600733901515099e+02
1.265097537878787932e+02
1.263494673295454476e+02
1.260940577651515184e+02
1.259350615530303088e+02
1.255466856060606062e+02
1.253528172348484873e+02
1.251429924242424221e+02
1.252267045454545524e+02
1.250294270833333314e+02
1.253540482954545467e+02
1.255162523674242436e+02
1.258745028409090878e+02
1.261014441287878753e+02
1.263629261363636402e+02
1.264993134469696940e+02
1.265701822916666686e+02
1.267370620265151473e+02
1.266162050189393966e+02
1.265124881628787818e+02
1.260105350378787818e+02
1.259685250946969717e+02
1.257941761363636317e+02
1.253365767045454504e+02
1.251869081439393909e+02
1.250478338068181756e+02
1.251212239583333314e+02
1.250558475378787904e+02
1.248183001893939377e+02
1.246033735795454476e+02
1.245399976325757621e+02
1.243133641098484787e+02
1.241621212121212068e+02
1.241020478219696912e+02
1.241767045454545411e+02
1.243252722537878725e+02
1.245344815340909150e+02
1.247838304924242436e+02
1.249922230113636346e+02
1.250634114583333343e+02
1.253050781249999943e+02
1.253104995265151445e+02
1.254265861742424306e+02
1.254216382575757507e+02
1.254890861742424306e+02
1.254217684659090963e+02
1.254234611742424192e+02
1.253326112689393881e+02
1.253206321022727252e+02
1.252312026515151473e+02
1.255591145833333400e+02
1.258462594696969745e+02
1.259378906249999943e+02
1.262372987689393966e+02
1.263435250946969717e+02
1.264040956439393995e+02
1.265259824810606091e+02
1.266406013257575722e+02
1.270848366477272720e+02
1.279855113636363626e+02
1.283514322916666686e+02
1.287022253787878867e+02
1.287398319128787989e+02
1.283360913825757450e+02
1.279435961174242493e+02
1.277130681818181870e+02
1.274635771780303060e+02
1.274322206439393881e+02
1.274510771780303031e+02
1.273970999053030368e+02
1.272962239583333286e+02
1.275980587121212153e+02
1.278061908143939434e+02
1.278587121212121218e+02
1.279801017992424192e+02
1.281107125946969632e+02
1.281833214962121303e+02
1.283398910984848555e+02
1.286322679924242323e+02
1.289375591856060623e+02
1.289650331439393938e+02
1.291694365530302946e+02
1.293748697916666686e+02
1.296192116477272691e+02
1.297290246212121190e+02
1.297133285984848499e+02
1.298668205492424192e+02
1.298064985795454618e+02
1.299510416666666686e+02
1.301388139204545382e+02
1.300521543560606119e+02
1.300629853219697054e+02
1.301467921401515184e+02
1.301430042613636431e+02
1.300680752840908951e+02
1.300652580492424306e+02
1.300363399621212182e+02
1.301975142045454561e+02
1.300539062500000114e+02
1.297616950757575864e+02
1.296498106060606119e+02
1.295052320075757564e+02
1.294902580492424136e+02
1.294441287878787818e+02
1.294933712121212182e+02
1.295917021780302889e+02
1.297000710227272862e+02
1.296952296401515241e+02
1.297156131628787818e+02
1.296938565340909122e+02
1.294917258522727366e+02
1.294100497159090821e+02
1.290949455492424249e+02
1.288552320075757507e+02
1.286549479166666572e+02
1.283912997159090992e+02
1.281002130681818301e+02
1.279873697916666657e+02
1.280292732007575864e+02
1.279248461174242379e+02
1.279576467803030368e+02
1.280354758522727252e+02
1.281552083333333201e+02
1.283131510416666572e+02
1.286004379734848442e+02
1.287412286931818244e+02
1.289301491477272634e+02
1.290954308712121303e+02
1.290636126893939490e+02
1.288325639204545325e+02
1.286060961174242436e+02
1.283656605113636431e+02
1.283503077651515127e+02
