1.929079531398697043e+02
1.007754901550938484e+02
1.009531398697182141e+02
1.013589081215864951e+02
1.015194119368411236e+02
1.020140745148860049e+02
1.009266433382432808e+02
1.006853638324189717e+02
1.006567561851880015e+02
1.005359024927641656e+02
1.004432273390105195e+02
1.008500456158384111e+02
1.009314299274327027e+02
1.010905529721608076e+02
1.013659484528730559e+02
1.016005515704881503e+02
1.012736212582102411e+02
1.010565906894508146e+02
1.012247213253429834e+02
1.011643313652537586e+02
1.010678913679095672e+02
1.007793398367666100e+02
1.006635075751800628e+02
1.010213275561468294e+02
1.012698035445104807e+02
1.012037036126268532e+02
1.009422326432349593e+02
1.009781191520126242e+02
1.009626663256749595e+02
1.012843538903793643e+02
1.010948711075918993e+02
1.008593458369092417e+02
1.007839051092198162e+02
1.007800308367985735e+02
1.009364488991951418e+02
1.009577912097910541e+02
1.010496351962464701e+02
1.012997108127980113e+02
1.018950995556451744e+02
1.023934507459603509e+02
1.018867473079278057e+02
1.016816739906112588e+02
1.018593470664466594e+02
1.027694260765214977e+02
1.031385725562328872e+02
1.026920426797030359e+02
1.022352154272519584e+02
1.024162955512876891e+02
1.029116466702896986e+02
1.027260430780731610e+02
1.024207944287200291e+02
1.025240927858121154e+02
1.024767150202750656e+02
1.023401060353074001e+02
1.021499150389640391e+02
1.021399914424195288e+02
1.025828917244754166e+02
1.024905842024113696e+02
1.021633760146757623e+02
1.023702874904403473e+02
1.022023609577604759e+02
1.019149270761354131e+02
1.020600174102499125e+02
1.023020137363920981e+02
1.024007541982555267e+02
1.023188252015826549e+02
1.023688845882402063e+02
1.023829517259016768e+02
1.021513929429469982e+02
1.022729597670764292e+02
1.023582208101667987e+02
1.016440230956309563e+02
1.014027571147182982e+02
1.012755098276926304e+02
1.012614303946569265e+02
1.014618745035742648e+02
1.013794561510068633e+02
1.010973965774596337e+02
1.013013534747957181e+02
1.014276109841955247e+02
1.014854447359814316e+02
1.012779639843897996e+02
1.007533166771997060e+02
1.004187214286241243e+02
1.001226709487356601e+02
1.001555106637780739e+02
1.009055284920707152e+02
1.014352082959348991e+02
1.017703728203375277e+02
1.016336814563624813e+02
1.015504761998440983e+02
1.015426747848924265e+02
1.016144355070735230e+02
1.019109544407203174e+02
1.019687500768460922e+02
1.015678421864126335e+02
1.014264564485549300e+02
1.014704505271026989e+02
1.017707478292516754e+02
1.017201990866996084e+02
1.018133660554226338e+02
1.020027099004812356e+02
1.018384154213501773e+02
1.014899374657266407e+02
1.012935791096673626e+02
1.012085012676530766e+02
1.014697373953971038e+02
1.015747607934942778e+02
1.014369075166540881e+02
1.012238409765478053e+02
1.013433606208672160e+02
1.016368130881799630e+02
1.014878915154540522e+02
1.013209498422503430e+02
1.016311412320456782e+02
1.017457378085216817e+02
1.016627415733652668e+02
1.016564906051045512e+02
1.017140378746707938e+02
1.019203813041457494e+02
1.022023105467261104e+02
1.024236346601681475e+02
1.021170015516762248e+02
1.016599714255502818e+02
1.013479185160958735e+02
1.011071910725746790e+02
1.006240320466634017e+02
1.006638407798218111e+02
1.012046724881165147e+02
1.015820421141158221e+02
1.013824697472316956e+02
1.012341481887684154e+02
1.011978018329943865e+02
1.014081879815175995e+02
1.014392424082211761e+02
1.012341776976665813e+02
1.010732546101505704e+02
1.010547340879414406e+02
1.011825580280187040e+02
1.014289647048987177e+02
1.015382029572834170e+02
1.015509913760245126e+02
1.012104611503060312e+02
1.011166093292381589e+02
1.010884566108538678e+02
1.008926601533970882e+02
1.006570389787953985e+02
1.006348655009012560e+02
1.007126866130424361e+02
1.005548090897242588e+02
1.009943306029405647e+02
1.014227862793459849e+02
1.012144546878573408e+02
1.012185109318172351e+02
1.012701945374111290e+02
1.013403826812276662e+02
1.014768514989290793e+02
1.018478275303265406e+02
1.020562562552716486e+02
1.019418490275588454e+02
1.020287170760616391e+02
1.027443705629068234e+02
1.030263760368074344e+02
1.027897613959676022e+02
1.022293935675520089e+02
1.019208005764071459e+02
1.020079465003676376e+02
1.019113331382467322e+02
1.013025621100829454e+02
1.004972114091236648e+02
1.005086141391885519e+02
1.004112003482050000e+02
1.001376602394647080e+02
9.939801355933870752e+01
9.911161863683645379e+01
9.924535296330815015e+01
9.953257413495894923e+01
9.973911183134680414e+01
9.994443843337259636e+01
1.000901324703619935e+02
1.000039197653058949e+02
9.990556660773083308e+01
1.001529028149029728e+02
1.004651881069304125e+02
1.005910988867768197e+02
1.006407279353361730e+02
1.004635688061437548e+02
1.004598937187851249e+02
1.001611862085246258e+02
1.000523094401424231e+02
1.001065049906924003e+02
1.002847448832800126e+02
1.001680617817964531e+02
1.003649242481993440e+02
1.004918346419709962e+02
1.004300946497908598e+02
1.004346808243802514e+02
1.001415295937362515e+02
1.004941855175245990e+02
1.006272854026857999e+02
1.007155944690488525e+02
1.009927063840042081e+02
1.011102231118608614e+02
1.012530916718512231e+02
1.015377947508588363e+02
1.017381294309454915e+02
1.011731127215319077e+02
1.007039163226011169e+02
1.009977081422427290e+02
1.015485310716402267e+02
1.017629501029122849e+02
1.015254895403251396e+02
1.015500188119225840e+02
1.009399088175046728e+02
1.005520254169976226e+02
1.001060279301721039e+02
9.999747084151999843e+01
9.988062421155912318e+01
9.975775038914859749e+01
9.925998937679666767e+01
9.937755897476252187e+01
9.981218569949614050e+01
1.001277489382944310e+02
1.000009516619657290e+02
1.002253988004632959e+02
1.004131110493610066e+02
1.001573328382395971e+02
1.003347501702909312e+02
1.016565434752137520e+02
1.020152192142272298e+02
1.014679435002963146e+02
1.007934278765642802e+02
1.009440621949210311e+02
1.012323579822799076e+02
1.011145584608158714e+02
1.009256953648898190e+02
1.013548334345652506e+02
1.015182610898127962e+02
1.017206134408112916e+02
1.021413611471092366e+02
1.025296920992384315e+02
1.024181828912326608e+02
1.023626950968506577e+02
1.025849376747480051e+02
1.026989735821589136e+02
1.025795547599082340e+02
1.024258158595573178e+02
1.024613470320196171e+02
1.027863740203660541e+02
1.029836803497788082e+02
1.033323341292538942e+02
1.030797896015561008e+02
1.028930499167603188e+02
1.030342807329026726e+02
1.034979085568427450e+02
1.030896480326171627e+02
1.014721436001347570e+02
1.009897702486370576e+02
1.008656951681638390e+02
1.007203441721155599e+02
1.006990018615196618e+02
1.007076651822051474e+02
1.009530722451599303e+02
1.011081378163907232e+02
1.013591970628810088e+02
1.015383959946588845e+02
1.017592860813904565e+02
1.021984829967269661e+02
1.020933071359892921e+02
1.018229650540873479e+02
1.018470332491510106e+02
1.019710800502634953e+02
1.021295293084835691e+02
1.020795117260984028e+02
1.021055361152027388e+02
1.022042593635422492e+02
1.024541050565956084e+02
1.026846888163735088e+02
1.028247798513243367e+02
1.028654541788288412e+02
1.029859746666109288e+02
1.029265031709770142e+02
1.033346788571203803e+02
1.037417799275556547e+02
1.015867082086377451e+02
1.011802895314724680e+02
1.012540445633543698e+02
1.016021524282134578e+02
1.019158836562508412e+02
1.021152801992834327e+02
1.022262939037075427e+02
1.019586826244230338e+02
1.016456682167035126e+02
1.016467711117723240e+02
1.015080190430756204e+02
1.013537231622718906e+02
1.014103027858858894e+02
1.014499135635191323e+02
1.014714599773273278e+02
1.015841679843209420e+02
1.014644466958640834e+02
1.014635638879940558e+02
1.012195781703007640e+02
1.008344452450099169e+02
1.005869946908574093e+02
1.003095471121854558e+02
1.001187634788039986e+02
9.985597321575676233e+01
9.974188443823665295e+01
9.945965395898754480e+01
9.952865191057820482e+01
9.948728043535460586e+01
9.947773922494879173e+01
9.942995448252457891e+01
9.977292656956599615e+01
9.999132807255254818e+01
1.002605930796715654e+02
1.004776347142677935e+02
1.012399122602094650e+02
1.016156134039251810e+02
1.015560361680728505e+02
1.013988557924737535e+02
1.014201968735322339e+02
1.012564630634662564e+02
1.014525558394420841e+02
1.015035115588813142e+02
1.013974811696343608e+02
1.015441502298005503e+02
1.014413203264667800e+02
1.010838851907135449e+02
1.010640576702233062e+02
1.010742763557494470e+02
1.009761764828836164e+02
1.007696203434343971e+02
1.006828961508101372e+02
1.008326304477729423e+02
1.010286027290812711e+02
1.010840241284423939e+02
1.010394779875915106e+02
1.013356637165965424e+02
1.014113601880700486e+02
1.016228947245467253e+02
1.017344346709880796e+02
1.018405179303442480e+02
1.019172939356755165e+02
1.020507491571520973e+02
1.023442741671728271e+02
1.025211160757099975e+02
1.026166708061093260e+02
1.024234391637178305e+02
1.019758272942553532e+02
1.017975505155450406e+02
1.021968083667562581e+02
1.024858627787053962e+02
1.023182534666807584e+02
1.020395222509387452e+02
1.023192014400342345e+02
1.024081289637212677e+02
1.023281844404498173e+02
1.024120696311633623e+02
1.023092286619927904e+02
1.022522617340903963e+02
1.022589688607352088e+02
1.023878624983708647e+02
1.022496452784533432e+02
1.022076307551572967e+02
1.019723599987212879e+02
1.021284104294282429e+02
1.020467679149750211e+02
1.020642789869595219e+02
1.017662477222819177e+02
1.014574469393124900e+02
1.016321236324470050e+02
1.018254253584716338e+02
1.017129620294252845e+02
1.014016124153770875e+02
1.013393744605404549e+02
1.014350951784919488e+02
1.014772941324015108e+02
1.013615012160125133e+02
1.012163518641016822e+02
1.012917901327162724e+02
1.013388642025097255e+02
1.010957871129723600e+02
1.006798678001362362e+02
1.009531509355550298e+02
1.011402422680539104e+02
1.009409858922875998e+02
1.010099850734156774e+02
1.008670525774792992e+02
1.005579124421810064e+02
1.004544874427342904e+02
1.003955987478390881e+02
1.001905930550808108e+02
1.005324524107540327e+02
1.008107668133094990e+02
1.011873028129357124e+02
1.013580302318661666e+02
1.013670661023909645e+02
1.013337542449779534e+02
1.014360492995325274e+02
1.014330553759064770e+02
1.013958864595961700e+02
1.013783766171491010e+02
1.012455828868063321e+02
1.011969669770838749e+02
1.011702810968457413e+02
1.013004251740410240e+02
1.015778764413252446e+02
1.017988857931868836e+02
1.020400066886835901e+02
1.021472235815441536e+02
1.024485057431693065e+02
1.023382494337980120e+02
1.020447096693281992e+02
1.020047681461280575e+02
1.021755017127456284e+02
1.020234067039298509e+02
1.018651357286361758e+02
1.018215228066896714e+02
1.020093420253432299e+02
1.021364147180547803e+02
1.015785379324590565e+02
1.015006737865080453e+02
1.015887320272367162e+02
1.014627241139338594e+02
1.007166026897360638e+02
1.002254516705724967e+02
1.003595560878086417e+02
1.005911763476344873e+02
1.005915575042357517e+02
1.007034060645703875e+02
1.006139621351655080e+02
1.006787858072036101e+02
1.007789795823015453e+02
1.006756799956720272e+02
1.005388029715460476e+02
1.006625878811873349e+02
1.008089618523718940e+02
1.012219548661402655e+02
1.015211886184179804e+02
1.017725491015769990e+02
1.018893551568029068e+02
1.019196435816917017e+02
1.019435482482780344e+02
1.021438128447315563e+02
1.021795948428282372e+02
1.019563182239577799e+02
1.018973225593067440e+02
1.017074647676051313e+02
1.015476113776474989e+02
1.012381404967823073e+02
1.014200210496806847e+02
1.015407800677229204e+02
1.015124699685484302e+02
1.015856225270928519e+02
1.017142727163186606e+02
1.019755174508246540e+02
1.018842267562097845e+02
1.015927624509107119e+02
1.015360979892144968e+02
1.018464111032147486e+02
1.021944144573928384e+02
9.967717388364150111e+01
9.921871626456695026e+01
9.935738595425628716e+01
9.951069574604642298e+01
9.960607834120646942e+01
9.954601912668415764e+01
9.958253761769746859e+01
9.946271919578416032e+01
9.945785268666222123e+01
9.930321376491735919e+01
9.912446115522418211e+01
9.917048642959545646e+01
9.886210245981257572e+01
9.895284601027401550e+01
9.939645450588579934e+01
9.940648384264872561e+01
9.936413857378576608e+01
9.960360328237310057e+01
9.973022965299995235e+01
9.951803239585203187e+01
9.931725262321809566e+01
9.907301239127815506e+01
9.922415450859077168e+01
9.954394489705083515e+01
9.937074856697412883e+01
9.899562038769774119e+01
9.893422589553358648e+01
9.892056819383411437e+01
9.904027472784189001e+01
9.889003017284836972e+01
9.906140924661323766e+01
9.906929427010969391e+01
9.881975965002446571e+01
9.885060505536607423e+01
9.909811093870264642e+01
9.924710013598684100e+01
9.907571614407227401e+01
9.894246871442025792e+01
9.915504835770686043e+01
9.930493757638501506e+01
9.952062303120320053e+01
9.951520077116586549e+01
9.933612602266775582e+01
9.939898243482836904e+01
9.957875679012042269e+01
9.997183129762920828e+01
1.001036143482099163e+02
1.000125166909705285e+02
1.001346687749135071e+02
1.003775061046533068e+02
1.003304762982070883e+02
9.987095881787354301e+01
1.000417882884101317e+02
1.002937364904575617e+02
1.003787725281994341e+02
1.005465207779529209e+02
1.005170647498997880e+02
9.826531819198980600e+01
9.778179399346377920e+01
9.736420742788148175e+01
9.736190327474997730e+01
9.777144251789592033e+01
9.780359123290635637e+01
9.815432661923931335e+01
9.842736261763599259e+01
9.826166031815510848e+01
9.803711850527594152e+01
9.799613802295300502e+01
9.759300098117086009e+01
9.714767113316628411e+01
9.726584320446961840e+01
9.756071578750642459e+01
9.760319384641110219e+01
9.725368553842673691e+01
9.733161976801088144e+01
9.769050452838632737e+01
9.740458051871725331e+01
9.728040707525015307e+01
9.723208379543447677e+01
9.695610182537126320e+01
9.704756465522541475e+01
9.717762020572619974e+01
9.740859741747959788e+01
9.734555534516803732e+01
9.726586656568065337e+01
9.688126357101931774e+01
9.684411555684521034e+01
9.719605957846539468e+01
9.700521692728761991e+01
9.637270107240253481e+01
9.646583607315255904e+01
9.687152563462574051e+01
9.707322141264013737e+01
9.712088197178456994e+01
9.748419429642180489e+01
9.764536820957219732e+01
9.769848176718954846e+01
9.773976471571864977e+01
9.761336212090287745e+01
9.774217706814341966e+01
9.767028355592059086e+01
9.754541296473441037e+01
9.800809281532102091e+01
9.793048933130377520e+01
9.799071453337825233e+01
9.785986716077677272e+01
9.775906968280393983e+01
9.808022731687884743e+01
9.836139301671924784e+01
9.823827451636145724e+01
9.819215702668341805e+01
9.817406684257248628e+01
9.835375881885717320e+01
9.843353612503904060e+01
9.884780171004064186e+01
9.861374081842929229e+01
9.647410717139997871e+01
9.606802415795129946e+01
9.589785986716077559e+01
9.583536247992779522e+01
9.555461728188620896e+01
9.505426686372052814e+01
9.467964648340002043e+01
9.462607799693599020e+01
9.472651153183149120e+01
9.471685105629559587e+01
9.481650875307691706e+01
1.006614345750841579e+02
1.008785745726742675e+02
1.011123071777935678e+02
1.010048419183734723e+02
1.009088863587740974e+02
1.007823276127055436e+02
1.008242265594837903e+02
1.009487774709398877e+02
1.012400389025640806e+02
1.011468916064398229e+02
1.008558969844365123e+02
1.007192363588970494e+02
1.008218916679167023e+02
1.007318587900859939e+02
1.007578548998295815e+02
1.007650747435799730e+02
1.007470435772653587e+02
1.005368578433421760e+02
1.005248096061299776e+02
1.007691063967914005e+02
1.009355242870527292e+02
1.009143836205942648e+02
1.008398343075368189e+02
1.007766410021221759e+02
1.006959993311316452e+02
1.007818468635729801e+02
1.008287487981271653e+02
1.010246042733802625e+02
1.010485077104291776e+02
1.010146683814615329e+02
1.010758145070661556e+02
1.012754249896104142e+02
1.013441967063151452e+02
1.014024288282262489e+02
1.011754131860511450e+02
1.012191281596037982e+02
1.011844330725894281e+02
1.011367516113087959e+02
1.014482782787459740e+02
1.014387087889794117e+02
1.009567891367909596e+02
1.009403932552495036e+02
1.010325446260607833e+02
1.008907383864042657e+02
1.008393092950570207e+02
1.009997860604883186e+02
1.008614606412775316e+02
1.005099371214561614e+02
1.006395684815458793e+02
1.005505991535864325e+02
1.004101761435312739e+02
1.003810471724327869e+02
1.005156975042849439e+02
1.005224894690119726e+02
1.005741878290549494e+02
1.008300004672242238e+02
1.009867787840858568e+02
1.010019598826529545e+02
1.011134137614746606e+02
1.009313610733369870e+02
1.008644975987134131e+02
1.008077716601460168e+02
1.006698433815230089e+02
1.005097994132647443e+02
1.005157848014419955e+02
1.006925553968086149e+02
1.006519536120120932e+02
1.007548486808292978e+02
1.008326292182355104e+02
1.011223930732779763e+02
1.009804700275662270e+02
1.008296352946094601e+02
1.004336799809175744e+02
1.005148146964149163e+02
1.007309821299030830e+02
1.006702823263831732e+02
1.004570928325345420e+02
1.004940047755233508e+02
1.007127616148252685e+02
1.008684517910671588e+02
1.009245395997117924e+02
1.004884460368320163e+02
1.003948708616844101e+02
1.001835072309095835e+02
9.974895427842136542e+01
9.960415657421364699e+01
9.985720644179247074e+01
9.991033475385890483e+01
9.994746924312134695e+01
1.001284928084356096e+02
1.002599647860481866e+02
1.001827904105917213e+02
1.003059691582832755e+02
1.004258023346456525e+02
1.005383000907398667e+02
1.004574825958977726e+02
1.003337812948012697e+02
1.002684928576171046e+02
1.003623016448751599e+02
1.002150104387727225e+02
1.000877065930255725e+02
9.996510449838561385e+01
9.956622903331309260e+01
9.888543170288474471e+01
9.836235574452179264e+01
9.820511635112637805e+01
9.823247478833513924e+01
9.832639546349872717e+01
9.813988201358884567e+01
9.805875344577863473e+01
9.805862680342401916e+01
9.829520701721598641e+01
9.833936339470363919e+01
9.803983209436945856e+01
9.785230427608524906e+01
9.760401025926026364e+01
9.759892858108922553e+01
9.721779165242452336e+01
9.682689588523005852e+01
9.681552512313817260e+01
9.696154621708221555e+01
9.685341208930375956e+01
9.690603383195174558e+01
9.687535564369973429e+01
9.693058769429765675e+01
9.702284480532733824e+01
9.741904848557875596e+01
9.775569829118889231e+01
9.754860361434820959e+01
9.726314805843745148e+01
9.713065064661373071e+01
9.724418490275589022e+01
9.726118694624707928e+01
9.731560996122038887e+01
9.722925462982317413e+01
9.715210115650289424e+01
9.731237013010965597e+01
9.731637104488549994e+01
9.721323621627071532e+01
9.703594921518626393e+01
9.703318521505839556e+01
9.714126647272763648e+01
9.730147151038836739e+01
9.710110978047838159e+01
9.686505703824107627e+01
9.695818835037881911e+01
9.695876623296783237e+01
9.704898231187462443e+01
9.711682572782467560e+01
9.706917008682992787e+01
9.706710569349598927e+01
9.694266175179573963e+01
9.704882984923412437e+01
9.678391863413146723e+01
9.659012509313745909e+01
9.632001293473369685e+01
9.653128926835145762e+01
9.700070944309331367e+01
9.715146917426726247e+01
9.724760670540528906e+01
9.727448808209375386e+01
9.723810484019702471e+01
9.710536029135118952e+01
9.726477227737380815e+01
9.685970117322460737e+01
9.638575261215225964e+01
9.645146278067265655e+01
9.642928561416623268e+01
9.625571919332509196e+01
9.654657118898727219e+01
9.670993736736365065e+01
9.703216592853436850e+01
9.699324983954537061e+01
9.691439837504334776e+01
9.695043242831181374e+01
9.694258675001290726e+01
9.693476812153731714e+01
9.711927742544699527e+01
9.686002454156697183e+01
9.684088679157127899e+01
9.698611729295204498e+01
9.677349830446789269e+01
9.667471603833206473e+01
9.654949502898020341e+01
9.642293997152391682e+01
9.656095185869172326e+01
9.668029936777185185e+01
9.699203382703359466e+01
9.721092591545209416e+01
9.740730517364757191e+01
9.767281148486316056e+01
9.726081562594521301e+01
9.699937416545147073e+01
9.684528853554715511e+01
9.675043710055402357e+01
9.688334394833975693e+01
9.717666608468562117e+01
9.735040587030347581e+01
9.733890969539439197e+01
9.732859141733696617e+01
9.744550075370644038e+01
9.715664183820763355e+01
9.718620729509143530e+01
9.699917498038887231e+01
9.685300142380432931e+01
9.650021270997424949e+01
9.626307920434173582e+01
9.632736310945095681e+01
9.626120047115874456e+01
9.629080035509041124e+01
9.620826273739294265e+01
9.621358540489896427e+01
9.635263625118957975e+01
9.627636681527675933e+01
9.625329946367577350e+01
9.636314387801022008e+01
9.658900129593244799e+01
9.654393506075143705e+01
9.649669992155551768e+01
9.611388221523299080e+01
9.630308712256274362e+01
9.663406630157602706e+01
9.676535261903767093e+01
9.701975128916998869e+01
9.702468173423794440e+01
9.691703327374175103e+01
9.693352260012737531e+01
9.694381013974921757e+01
9.700222915134868629e+01
9.691912594643643786e+01
9.629535210263195211e+01
9.553637463513476291e+01
9.523764253412581127e+01
9.551066869622310662e+01
9.546256427406881073e+01
9.512149797003371532e+01
9.533490140339401364e+01
9.570419665713365021e+01
9.607537433266855942e+01
9.596229500537307899e+01
9.609156242238545076e+01
9.590274113073179763e+01
9.589602416778760130e+01
9.645978674902927708e+01
9.694210845995519321e+01
9.702838510095732261e+01
9.687380150839651094e+01
9.668635729865710005e+01
9.700334557132914881e+01
9.676789653196674124e+01
9.648309508996524642e+01
9.620184332250521209e+01
9.630961473674373963e+01
9.620317737060962315e+01
9.607027421143617119e+01
9.619980229038230846e+01
9.658817504678390264e+01
9.658052855354758037e+01
9.643331234922797535e+01
9.641075033750801992e+01
9.651209618917171440e+01
9.666153293807803948e+01
9.657490341983539395e+01
9.621291407746578273e+01
9.598514226977526675e+01
9.587300353860869961e+01
9.584894886845670214e+01
9.591154830729583125e+01
9.609762404188296614e+01
9.614917977558482676e+01
9.604912616775317247e+01
9.605759276245090916e+01
9.624811081574890181e+01
9.622838780593964714e+01
9.605034340980236607e+01
9.591168970409952976e+01
9.597798021428377524e+01
9.602960972023105057e+01
9.594461056861187842e+01
9.608954106286132912e+01
9.616983108614877551e+01
9.654271535962739392e+01
9.658387289533931153e+01
9.677457292017597013e+01
9.710297990689942083e+01
9.719816946468399976e+01
9.704816221041319579e+01
9.675663028055585357e+01
9.644459458462537782e+01
9.640027590819781267e+01
9.642944791310613084e+01
9.633820025230107831e+01
9.606036291026589424e+01
9.611294530771633049e+01
9.618388592843599838e+01
9.607072053352088403e+01
9.589977179785421413e+01
9.567455865754186561e+01
9.581156232402246076e+01
9.568875858524505418e+01
9.554357849489865373e+01
9.527042814952159233e+01
9.517668452774697130e+01
