1.169747350701639590e+02
5.929037934310198210e+01
5.910618112193417062e+01
5.870853288181643848e+01
5.860436980415126129e+01
5.841175855330835986e+01
5.796757101300899961e+01
5.730052001555370822e+01
5.699460419261001931e+01
5.717145500991794904e+01
5.718452307707452320e+01
5.734128943184670391e+01
5.749669606776691211e+01
5.763941486560317173e+01
5.733311881358685014e+01
5.707590184429557922e+01
5.721520350253732090e+01
5.698511077094212851e+01
5.636497807222629319e+01
5.649744052921980142e+01
5.666778438427500220e+01
5.688092185246619437e+01
5.688604940763017481e+01
5.712033450314273608e+01
5.748212185049737144e+01
5.745476627601923525e+01
5.702570299310419699e+01
5.786412040341197383e+01
5.895852672924244331e+01
5.967539511830169374e+01
5.974525390442345696e+01
5.997021415879547135e+01
6.010466512770282321e+01
5.997671127692981941e+01
5.990467324910049030e+01
5.936452401226576825e+01
5.896427569437950211e+01
5.872703859386612635e+01
5.854037442104278455e+01
5.812756869964118067e+01
5.837221965181353056e+01
5.820111164706866447e+01
5.772935688374588636e+01
5.786471105051509056e+01
5.785570245167768633e+01
5.760888087140136093e+01
5.805700482854006594e+01
5.873822274286670364e+01
5.955706266273558214e+01
5.932845270147218741e+01
5.870127899708121788e+01
5.803499953240437748e+01
5.762679839737752729e+01
5.730729769106203264e+01
5.730013486442187798e+01
5.731162295057760048e+01
5.676170096521580888e+01
5.644328434243750081e+01
5.649737531193549955e+01
5.693748000413452814e+01
5.683865120811942973e+01
5.715904157663400298e+01
5.725526906436576979e+01
5.706848676212180038e+01
5.740316832950232850e+01
5.777331825542533750e+01
5.809782961799898260e+01
5.825036792392465657e+01
5.858176278627927047e+01
5.897147543646359935e+01
5.959006014756333514e+01
5.949810500721081752e+01
5.967347674573134242e+01
5.973425802418699959e+01
5.899452297863334138e+01
5.804940886069095995e+01
5.749631829972387465e+01
5.700769933109215515e+01
5.689014702190808492e+01
5.704050854715578822e+01
5.707415328276737654e+01
5.731067053212382234e+01
5.710756791211171191e+01
5.676618865268473968e+01
5.644205998021332249e+01
5.692265230081657279e+01
5.697883637598625484e+01
5.710410770449925622e+01
5.727683506671851177e+01
5.725474609557654304e+01
5.715629875914887492e+01
5.709044899023955821e+01
5.705660121968626441e+01
5.693279174275350130e+01
5.680238424547293619e+01
5.682418896769652861e+01
5.636788331766477711e+01
5.615921261819094923e+01
5.593358788582791163e+01
5.583875334084767417e+01
5.577541874418582069e+01
5.576050736586158507e+01
5.558212824917432471e+01
5.534425743353989446e+01
5.545099351764804396e+01
5.575585725043929131e+01
5.577570299310419699e+01
5.576297208700231778e+01
5.585595593772610812e+01
5.551974607096624936e+01
5.523642003868738470e+01
5.516262237469668150e+01
5.583925046882613685e+01
5.633404908277427126e+01
5.653674071084378738e+01
5.635736856871440636e+01
5.635108925169934224e+01
5.634231568118838140e+01
5.661495100090073862e+01
5.659785915035413950e+01
5.648985440548908343e+01
5.647362145427160840e+01
5.615309449861444335e+01
5.602853194662519343e+01
5.586080047448650276e+01
5.568525277234984117e+01
5.562676148193358472e+01
5.556367914080534831e+01
5.533298960953304402e+01
5.514846284091412798e+01
5.531150974321617042e+01
5.531021770267809501e+01
5.516471178882397197e+01
5.524466325732033312e+01
5.514039435538251865e+01
5.532553638140052499e+01
5.557431448020594189e+01
5.572001604591297053e+01
5.577723252299831813e+01
5.558708968484054935e+01
5.589664290952762826e+01
5.566264821550743847e+01
5.517876549833388111e+01
5.493817032293630120e+01
5.508602159799573883e+01
5.531538709534520848e+01
5.519734258024187312e+01
5.492174171986592057e+01
5.475585355889489847e+01
5.469872567887501447e+01
5.468433726933999850e+01
5.466208217870028108e+01
5.430597611816880033e+01
5.396327774687818390e+01
5.372701644459976222e+01
5.366371630235224899e+01
5.347584376399710493e+01
5.351610620819325703e+01
5.339694069410878541e+01
5.292591685657611578e+01
5.265597636427175843e+01
5.232352202867591728e+01
5.220660958718689670e+01
5.239802354713117438e+01
5.329508237066058740e+01
5.379716071015469936e+01
5.377773826458037121e+01
5.364671304887112768e+01
5.328844620435405233e+01
5.327465582501095298e+01
5.351081130301673028e+01
5.326306560612697893e+01
5.305830425216693413e+01
5.273587492063179383e+01
5.285247235033248359e+01
5.288792471218258839e+01
5.287534515940088653e+01
5.284024718581265745e+01
5.285240221098899127e+01
5.273166163796285844e+01
5.266801326002746464e+01
5.283878902577682624e+01
5.310372378388222359e+01
5.287137551866198493e+01
5.260279966726879763e+01
5.251319973223998261e+01
5.272152342654072754e+01
5.249107630668366653e+01
5.243405917299561736e+01
5.249011650514108851e+01
5.271788356376773521e+01
5.296705542730856564e+01
5.328598640527251007e+01
5.313348501479078578e+01
5.281070006447897214e+01
5.256195518957311208e+01
5.219727490192796893e+01
5.191748659969384505e+01
5.214228688714210591e+01
5.246079825955987275e+01
5.255917791767363667e+01
5.255518735818316856e+01
5.254476858938705419e+01
5.262044771050416614e+01
5.283480954091953663e+01
5.281056347733638034e+01
5.258247771537700288e+01
5.245361820571254441e+01
5.210375454675217810e+01
5.175934945143650623e+01
5.207096132738092109e+01
5.217957148552668656e+01
5.199188844645046004e+01
5.195944961534107165e+01
5.213475490606249707e+01
5.235171804476120627e+01
5.220743649313126866e+01
5.212888288944562731e+01
5.201660825823091017e+01
5.201083960485708957e+01
5.222819650829120519e+01
5.245001648889829227e+01
5.249995570146726465e+01
5.250526291179177463e+01
5.272070144265554603e+01
5.275821614730738673e+01
5.251081991662032067e+01
5.222635442763834845e+01
5.201918864776267526e+01
5.199703445933640467e+01
5.192484384767211480e+01
5.165421057553638207e+01
5.154373864850098386e+01
5.166151614189312369e+01
5.175156521482327321e+01
5.165007604581452938e+01
5.186232508232144056e+01
5.210637185172788577e+01
5.208032554499500577e+01
5.194891763918352723e+01
5.183900805741090068e+01
5.213018969616128828e+01
5.221385239728893168e+01
5.198253161192516814e+01
5.168989427416854454e+01
5.172016986026273599e+01
5.185494199353241385e+01
5.157915532542194370e+01
5.129032396993606113e+01
5.102668617442793675e+01
5.125039499525021114e+01
5.120364404652330137e+01
5.109067171341802549e+01
5.092864490788366538e+01
5.124382158519838271e+01
5.127417346321006875e+01
5.127179364759040681e+01
5.120286636117086232e+01
5.117975483223160893e+01
5.115583116352556914e+01
5.124049550369893069e+01
5.123058370699965991e+01
5.128120831631121490e+01
5.145411902523539993e+01
5.130724970098490445e+01
5.103320298079904660e+01
5.111165199072684118e+01
5.131103230347448374e+01
5.139739229303971513e+01
5.135415815560597963e+01
5.093322365344765501e+01
5.075352050283756711e+01
5.086818356327552948e+01
5.080780466315887622e+01
5.035102526492983799e+01
5.018555424847539115e+01
5.019041970398735941e+01
5.038032013072989201e+01
5.049786505682517657e+01
5.025549301805903468e+01
5.025287202153893418e+01
5.105373412020652779e+01
5.156630628989944398e+01
5.193958910649859462e+01
5.217760758390880227e+01
5.203037894933724772e+01
5.171780604133545012e+01
5.152943268345745054e+01
5.112880413649854461e+01
5.111907322547460808e+01
5.117371546560219286e+01
5.051609021150088097e+01
4.996222934827014228e+01
4.976207504171445350e+01
5.000369154439451336e+01
5.021589874339829151e+01
5.043547549552830844e+01
5.045794715677250508e+01
5.049631953023867226e+01
5.058287024959761879e+01
5.053330880507169098e+01
5.031687970979538704e+01
5.074168664202355927e+01
5.091162073565097046e+01
5.111456092770971793e+01
5.101798889583446339e+01
5.074422765508177946e+01
5.052151678176081617e+01
5.039827457215000805e+01
5.030357784482715999e+01
5.035298547500332234e+01
5.084278696835608002e+01
5.087115033445392243e+01
5.120028966318349006e+01
5.130719063627459064e+01
5.145178966072246141e+01
5.112323605703682006e+01
5.097839954323290357e+01
5.088910723690363369e+01
5.053058813685293416e+01
4.998699591961293009e+01
4.969242298207878150e+01
4.943801158652733818e+01
4.949652871775435869e+01
4.938190503378993412e+01
4.936699734701009845e+01
4.956001097619199669e+01
4.949587531439652821e+01
4.924737408142070194e+01
4.946000334700025292e+01
4.938632504294496783e+01
4.926101802950282149e+01
4.922495410179802633e+01
4.897232203064474021e+01
4.917842710676438855e+01
4.919479664512445538e+01
4.900397210176849683e+01
4.918266869127368324e+01
4.917491398701560712e+01
4.905744412232301244e+01
4.904213774874856568e+01
4.912538330535962672e+01
4.892116829996997751e+01
4.824905742566460276e+01
4.831635674100616740e+01
4.846868708993094543e+01
4.825006152573990903e+01
4.826270506529111515e+01
4.810299531912171034e+01
4.816649357425172440e+01
4.838889558835834492e+01
4.842542957271604109e+01
5.091165395955052020e+01
5.100224322847706304e+01
5.156725009474963883e+01
5.187257034853101345e+01
5.192165189228565936e+01
5.230216152229446891e+01
5.236751170219572771e+01
5.258177632194204421e+01
5.242608420658866919e+01
5.261808389157688026e+01
5.275521615222944405e+01
5.288778443349559666e+01
5.284417375853362131e+01
5.266603951429119945e+01
5.265665806946994110e+01
5.300636545305093961e+01
5.307958846663090213e+01
5.299777645975970586e+01
5.323854636825862485e+01
5.355710203920912704e+01
5.342008544694758854e+01
5.339344603208198237e+01
5.346525518415884193e+01
5.363505761270285177e+01
5.365393247919199382e+01
5.360431935304453788e+01
5.346034419959934780e+01
5.334682551792367633e+01
5.355636865238941624e+01
5.353250158736408792e+01
5.378509428204383624e+01
5.349197089094193558e+01
5.320868300462181111e+01
5.291526675099795085e+01
5.279464307687764091e+01
5.300415052641422875e+01
5.296526010621803948e+01
5.282473285523731477e+01
5.284038254244045874e+01
5.307353556433869812e+01
5.301354550689826794e+01
5.291044928556311078e+01
5.273395039548745444e+01
5.268995456939364885e+01
5.251428996835115726e+01
5.243353866523598583e+01
5.230463608755358962e+01
5.230471360998587471e+01
5.239806415411951690e+01
5.245735774018418596e+01
5.280862541652926012e+01
5.291123435400434261e+01
5.297799716489390676e+01
5.289707728125138431e+01
5.295117440332337111e+01
5.234447400414437368e+01
5.193690166217938753e+01
5.139595997381464798e+01
5.114454365128194979e+01
5.139853051922802507e+01
5.194442749068500120e+01
5.202180841376798526e+01
5.221587536361712267e+01
5.223725309720574472e+01
5.194501813778812505e+01
5.204123947294590380e+01
5.186352975630884998e+01
5.155165331968282061e+01
5.167638445219942156e+01
5.183969837621267374e+01
5.201041015519252397e+01
5.195358867335738751e+01
5.232982349495735264e+01
5.246694837252113075e+01
5.217967854031412855e+01
5.193348329207007197e+01
5.198601519931878556e+01
5.184109501050859592e+01
5.109570082739814723e+01
5.045849965791688874e+01
5.013427869683560800e+01
4.981659176933261790e+01
5.021288398214277038e+01
5.069738318723020853e+01
5.107241087381316902e+01
5.134754659959540390e+01
5.111028119724167595e+01
5.095687783941289695e+01
5.142470849104431352e+01
5.176481170662558640e+01
5.186344854233217205e+01
5.192025525798973007e+01
5.218916088734883374e+01
5.192445869654028456e+01
5.146845698366368538e+01
5.115972082080259042e+01
5.107546624205702557e+01
5.096119694635447672e+01
5.094015391279095439e+01
5.111660358227467782e+01
5.108321356322630891e+01
5.084545226340892299e+01
5.058754743634546713e+01
5.047226050490483118e+01
5.037451333139732412e+01
5.031738422086264251e+01
5.037166592015435640e+01
5.072892128150733271e+01
5.083575211525494097e+01
5.061155847160218002e+01
5.074983634153184653e+01
5.117790044643076897e+01
5.132850684412331077e+01
5.107374967391357501e+01
5.099074037614376209e+01
5.072262719831469013e+01
5.049204349131502312e+01
5.048925883632676914e+01
5.054621075273050934e+01
5.089312240669006115e+01
5.027889371797585483e+01
4.988447804023291354e+01
4.990973927852456171e+01
5.054390107645434682e+01
5.080855650770055831e+01
5.111156954623536564e+01
5.078777803481864339e+01
5.039281846953491595e+01
5.027155615823436108e+01
4.995837537592227307e+01
5.053556556921153486e+01
5.082876156068653017e+01
5.101753606638873606e+01
5.065431763032382406e+01
4.986073279617260567e+01
4.945690614125325624e+01
4.907126034247687585e+01
4.942225361402196171e+01
5.012467206780628715e+01
5.058214178483710555e+01
5.032625131049825740e+01
4.977553564309164358e+01
4.947880561311630032e+01
5.001210826561400324e+01
5.054155940679342507e+01
5.064313840338243722e+01
5.107372137207322282e+01
5.080091870234831219e+01
5.022143359896045922e+01
4.979709672338519511e+01
4.983356672097338702e+01
5.066598783266967843e+01
5.118195007063155089e+01
5.131271933926277740e+01
5.094020190286808258e+01
5.050405208523037714e+01
4.989477867960840030e+01
4.973793849394832733e+01
5.016920932041129078e+01
5.047148405006718264e+01
5.092618880034651596e+01
5.077331825542533750e+01
5.050351311974878143e+01
5.017852923949263300e+01
5.047812021637372482e+01
5.101585641368922808e+01
5.125587324713166737e+01
5.170654560041739245e+01
5.128559756259628699e+01
5.092944228147288044e+01
5.058313973233842376e+01
5.038389477621857537e+01
5.035810933862290284e+01
5.058109215571426631e+01
5.084801419521870969e+01
5.107187190833156620e+01
5.110855478497984450e+01
5.097013786687798387e+01
5.088224957793342185e+01
5.111206175215463077e+01
5.136829554012216903e+01
5.162306624599467142e+01
5.132750766610719495e+01
5.118301200490237335e+01
5.084421067397756389e+01
5.091910964871263445e+01
5.106319924003405930e+01
5.152969478310946272e+01
5.196433352857501120e+01
5.202436173197418867e+01
5.182427387321759937e+01
5.164038205023453543e+01
5.140380942771217576e+01
5.171694468097673081e+01
5.194319328434243488e+01
5.187750102132728358e+01
5.178072349348073544e+01
5.187574015465109767e+01
5.180379564594643682e+01
5.195932287231686075e+01
5.223953324112675745e+01
5.217207641989102740e+01
5.169170066989225631e+01
5.213951330678703044e+01
5.259052282112744336e+01
5.257075213986523465e+01
5.235631155650278146e+01
5.203255080795601373e+01
5.199422642456698185e+01
5.210031156634689609e+01
5.208106016232951418e+01
5.223960461098505448e+01
5.211394690082543235e+01
5.205225750244872529e+01
5.192774663208099639e+01
5.187140997307633938e+01
5.163360191369661578e+01
5.148454104259057829e+01
5.153898024777645759e+01
5.137197108782429922e+01
5.125745322813251903e+01
5.121232163688000583e+01
5.112989191158013114e+01
5.156087602809511594e+01
5.233994817071670269e+01
5.277375139663429593e+01
5.295360836159415641e+01
5.306639980902410514e+01
5.302054467507026203e+01
5.335794814118434459e+01
5.321086593787376984e+01
5.323527196838069386e+01
5.295034749737900626e+01
5.277806681203148287e+01
5.285831114304980360e+01
5.271454640763509758e+01
5.279370665511623173e+01
5.282333129888220213e+01
5.268007968813832775e+01
5.269403249543479006e+01
5.272216083320618196e+01
5.269039878523579290e+01
5.279375341467856231e+01
5.293472734253101919e+01
5.307448429124808342e+01
5.282168487008225100e+01
5.295978554588097609e+01
5.300076784123405815e+01
5.285956503762914593e+01
5.272694876628586513e+01
5.286488332258683442e+01
5.290063346901809638e+01
5.281026938429961604e+01
5.295115102354220937e+01
5.293383644981714298e+01
5.289261051253402712e+01
5.291734878203645565e+01
5.299717966008259395e+01
5.267676222024245902e+01
5.232599044136104993e+01
5.210182633006344588e+01
5.216309120083477779e+01
5.212138044072118248e+01
5.210478448763824844e+01
5.201120014569295336e+01
5.190137669995619518e+01
5.177297617231144500e+01
5.210817209487760948e+01
5.224002421653122497e+01
5.199732609134357375e+01
5.172585976068948099e+01
5.166740661623196473e+01
5.185956503762914593e+01
5.221763130823411103e+01
5.225039253422061591e+01
5.225618087583121252e+01
5.257486821186511605e+01
5.290236234230953016e+01
5.325586955558727453e+01
5.341689718310552593e+01
5.335652566607765834e+01
5.312169299147991808e+01
5.273172316370276747e+01
5.261059128697081633e+01
5.234822953530839129e+01
5.241691317979790199e+01
5.245894510427382329e+01
5.246643524785029200e+01
5.241076921941063205e+01
5.252041916256084875e+01
5.261055437152687375e+01
5.261824878055983845e+01
5.248576663532955422e+01
5.233745883928000353e+01
5.229028705449211856e+01
5.195970556241909577e+01
5.198089379672880028e+01
5.225506110736487386e+01
5.234507941742507597e+01
5.215016218185039776e+01
5.202615213100552438e+01
5.239997391308627783e+01
5.263765522944179054e+01
5.254124316449029664e+01
5.243969246974164378e+01
5.237625697086632925e+01
5.243261085707816704e+01
5.232477838428484773e+01
5.224595652837321325e+01
5.201861522786673220e+01
5.196365305389162614e+01
5.188968311782917198e+01
5.168526015543862684e+01
5.129650115422288081e+01
5.116501818700871951e+01
5.111093952265869689e+01
5.109451584164751381e+01
5.130538793209527171e+01
5.137416755673903879e+01
5.135895962434844364e+01
5.148393316828028077e+01
5.133462865524420948e+01
5.147554105735675734e+01
5.229921936141204242e+01
5.249833265244847524e+01
5.220587373933759068e+01
5.220426791752597495e+01
5.246810259540180965e+01
5.252704302371940059e+01
5.239360230746135016e+01
5.252469150994009794e+01
5.248665014495464476e+01
5.244459853224194745e+01
5.216210678899624753e+01
5.190790827250488348e+01
5.173341635206504918e+01
5.191353910822131468e+01
5.197865672082572530e+01
5.153796999512716326e+01
5.135043092628232131e+01
5.176784615611787643e+01
5.193775933099371400e+01
5.223330683624801196e+01
5.202179118656081158e+01
5.183288747680479958e+01
5.185244281797732668e+01
5.211082631529726683e+01
5.217660102280390078e+01
5.227332071645493272e+01
5.245586635624879790e+01
5.247987862202030840e+01
5.221275354757416665e+01
5.201570875191345067e+01
5.226411523524981817e+01
5.263783242357272485e+01
5.256465616955509290e+01
5.247668174457466250e+01
5.242103540437177145e+01
5.247499347827157123e+01
5.218243243243243512e+01
5.219260263723931814e+01
5.215433362701620013e+01
5.153548066369046410e+01
5.149480845806651530e+01
5.168613135991573415e+01
5.170014569295210549e+01
5.153941461950021363e+01
5.160856216806863017e+01
5.187869462068150739e+01
5.250879695029212257e+01
5.243001200982443066e+01
5.241257807616394615e+01
5.219076917019003758e+01
5.229746956936904212e+01
5.243546934295432038e+01
5.226653319682822740e+01
5.214118557639773854e+01
5.227620750417144535e+01
5.197360914912362517e+01
5.169989343741848131e+01
5.174646473098485444e+01
5.178298764070936500e+01
5.148372398076459433e+01
5.116051450284741264e+01
5.082499126334493411e+01
5.040564043373185399e+01
5.029256965944272650e+01
5.047380480097653788e+01
5.031366929668696031e+01
5.030204093184424607e+01
5.042737501661194699e+01
5.057747813375203805e+01
5.073848484251871582e+01
5.082870126546141876e+01
5.073795079909631056e+01
5.052180595273839003e+01
5.063300511401950388e+01
5.049176662548543959e+01
5.064419910713846207e+01
5.067766910964871130e+01
5.056629029320706792e+01
5.061409333208641215e+01
5.080440721180112718e+01
5.098007796541761394e+01
5.091858914095301003e+01
5.095658374637613264e+01
5.112909699902051130e+01
5.106701137487879549e+01
5.085461344608130219e+01
5.096813951084575933e+01
5.115151943967278214e+01
5.113630781573779416e+01
5.093187993128805147e+01
5.080823042127904898e+01
5.114918761413024839e+01
5.109673815137301034e+01
5.108674637121185924e+01
5.092007191128480770e+01
5.109948589091732174e+01
5.103487032835057136e+01
5.126244173512430535e+01
5.136324919893486651e+01
5.137611546166453991e+01
5.122227896262680247e+01
5.133628861970694146e+01
5.166958585793953063e+01
5.157552530676733937e+01
5.160752115254938133e+01
5.142156944779417671e+01
5.122232203064474021e+01
5.121291105346833206e+01
5.086968971338849599e+01
5.055562665196611505e+01
5.049673544424044991e+01
5.050078999050042228e+01
5.023808738623890946e+01
5.026047291144723062e+01
5.028796753409756803e+01
5.092714737137428926e+01
5.155987315853460728e+01
5.178866277495853154e+01
5.233151422229003913e+01
5.274808285794444629e+01
5.258500642328724695e+01
5.217167896361121393e+01
5.199641674090772625e+01
5.143969246974164378e+01
5.130464224012757768e+01
5.155119310714830760e+01
5.186726190769169875e+01
5.161063558550355168e+01
5.130076119645414678e+01
5.156116150752828986e+01
5.162710725659187005e+01
5.140329876407093934e+01
5.117659610074471033e+01
5.095887373441553336e+01
5.097838231602572989e+01
5.098869772157880220e+01
5.124020633272135683e+01
5.145458415982910338e+01
5.137211874960008373e+01
5.135774756727224144e+01
5.113800100410007587e+01
5.097732899535849782e+01
5.108254908523529991e+01
5.095023552053236671e+01
5.107252531168939669e+01
5.109014136154001307e+01
5.089485743255548300e+01
5.082981242032416702e+01
5.128727967632539020e+01
5.156251384329147669e+01
5.166693655957906373e+01
5.147774490936028258e+01
5.170595618382906622e+01
5.186927626041630646e+01
5.193325318580281191e+01
5.154679278623004990e+01
5.172612678240068362e+01
5.189400837734474692e+01
5.169611083492890202e+01
5.178730059507695671e+01
5.189162240915108981e+01
5.193350174979204326e+01
5.179823618008830266e+01
5.162455762993005948e+01
5.180255897857427527e+01
5.163179920951729684e+01
5.149055949046843494e+01
5.151568906367668177e+01
5.136725329408811547e+01
5.159553962995958898e+01
5.187338741035699741e+01
5.222013663636318626e+01
5.203524317433441126e+01
5.184790714043126769e+01
5.191588693045622449e+01
5.221873631052287124e+01
5.202853686868438388e+01
5.185747193195745552e+01
5.168280896996067497e+01
5.165667283564751955e+01
5.176896592458420798e+01
5.181440268350667111e+01
5.190368514571756009e+01
5.190628399297129647e+01
5.195042132826689141e+01
5.207899166695379023e+01
5.197964851575304834e+01
5.179998966367569579e+01
5.173482159996456176e+01
5.171952753153809113e+01
5.147891389841853993e+01
5.122698075967061726e+01
5.135611467413507114e+01
5.147124040813714885e+01
5.180420663788902402e+01
5.183243095581467230e+01
5.177223048034375807e+01
5.197929658852077495e+01
5.171748118542873840e+01
5.151768003662012063e+01
5.141890415274134085e+01
5.116537626681498807e+01
5.110276398233965267e+01
5.114507892521915267e+01
5.117018511864623775e+01
5.119278229239984768e+01
5.125833181569841912e+01
5.116969414324176313e+01
5.114989762116879035e+01
5.118463874546555559e+01
5.120565962976270669e+01
5.131412335664748525e+01
5.112010439687547603e+01
5.082874679450895172e+01
5.129045932656386242e+01
5.159588171307348148e+01
5.204063652069479673e+01
5.216781514714495671e+01
