9.492927631578947967e+01
8.971847004479283783e+01
8.986911219204927193e+01
8.895234637458007398e+01
8.621776140817469525e+01
8.429991951287793484e+01
8.117840145576707300e+01
7.907434560470325380e+01
7.743938094904815728e+01
7.631433720604702842e+01
7.506092525195968790e+01
7.431407474804031210e+01
7.391417623180291230e+01
7.331266622340424988e+01
7.278164368701007447e+01
7.256544827827548261e+01
7.240832341825307594e+01
7.241874300111982166e+01
7.244478758398656737e+01
7.211105473124300147e+01
7.173487367021276384e+01
7.135634798432251102e+01
7.194759588465845468e+01
7.267482327827548261e+01
7.320301126819708770e+01
7.325470674692049045e+01
7.388121150615901911e+01
7.438668812989921264e+01
7.469170807670772660e+01
7.509979528275475502e+01
7.572548642217245174e+01
7.595239886618141156e+01
7.665738731802910877e+01
7.706176511758118863e+01
7.791738696808511122e+01
7.860156250000000000e+01
7.904145086786114405e+01
7.926181061030234787e+01
7.992348474244120382e+01
8.041820058790592896e+01
8.070082411814109946e+01
8.107014627659575012e+01
8.136942714165734003e+01
8.183953317469205047e+01
8.248462870940649339e+01
8.290416783314670113e+01
8.356615691489361097e+01
8.408207061870101029e+01
8.473414753639417540e+01
8.542629304311310534e+01
8.608894701847704312e+01
8.629103093505038657e+01
8.687805326147815776e+01
8.730724209126539392e+01
8.753069883818588437e+01
8.782038248880179765e+01
8.792622305431130769e+01
8.830504619260918275e+01
8.834685575307950955e+01
8.860164123740202058e+01
8.925348194288913817e+01
8.919794582866741450e+01
8.937660099384098089e+01
8.950547662374020774e+01
8.954347179451288241e+01
8.987168428051511171e+01
9.001515257558790495e+01
9.019847074468084713e+01
9.020853163493841009e+01
9.040950447928331357e+01
9.051741846304591377e+01
9.062176301791713229e+01
9.092156879899215483e+01
9.096071003639417540e+01
9.116850678891377413e+01
9.119406145016797893e+01
9.127376119820829103e+01
9.152573838185890054e+01
9.169213675811870701e+01
9.170156774916013376e+01
9.179447788353863302e+01
9.179714620660693924e+01
9.202369120940649339e+01
9.206172137458007398e+01
9.212021451567748898e+01
9.209009308510638903e+01
9.203301721724524498e+01
9.208870205767077266e+01
9.204685750279955414e+01
9.203369085946248163e+01
9.204551896696528956e+01
9.205253534434490348e+01
9.210131753919372954e+01
9.186657509798432386e+01
9.166824433090705782e+01
9.162374895016797893e+01
9.163220884658454679e+01
9.143657264837625576e+01
9.125772501399775649e+01
9.142959126539753356e+01
9.136763367861142626e+01
9.149377099664053503e+01
9.141663458846583978e+01
9.126546752519597305e+01
9.125725258958566144e+01
9.100638647816349192e+01
9.095375489921612200e+01
9.120139277715566095e+01
9.110680291153416022e+01
9.105019946808511122e+01
9.101901945688689466e+01
9.090367791153416022e+01
9.076625489921612200e+01
9.086164963605823175e+01
9.076835456326988094e+01
9.071206606942888584e+01
9.055167798152295688e+01
9.043346689529674620e+01
9.030268407054870750e+01
9.031830032194848457e+01
9.032064494680851396e+01
9.036540278555430916e+01
9.027470604703248114e+01
9.036308440649496276e+01
9.035095009798432386e+01
9.039955732082866291e+01
9.031991006438970260e+01
9.031939389697647869e+01
9.034375874860022293e+01
9.038156145016797893e+01
9.040094834826427928e+01
9.048177666573347722e+01
9.045251259798432386e+01
9.059470359742441303e+01
9.047716615341545321e+01
9.052302631578947967e+01
9.054474909014557227e+01
9.068292448208286771e+01
9.060427456606943508e+01
9.058388157894736992e+01
9.052829297312429446e+01
9.042806900895857325e+01
9.051136443169093582e+01
9.061916468365060950e+01
9.062572613381858844e+01
9.077081291993280843e+01
9.073879304311310534e+01
9.083123075307950955e+01
9.083884203527435375e+01
9.074177631578947967e+01
9.075623775195968790e+01
9.064538423852184224e+01
9.064393197088466536e+01
9.071624790033594365e+01
9.075949223124300147e+01
9.067595184770436845e+01
9.062752834546472513e+01
9.073953667413213964e+01
9.064321458566629985e+01
9.066463990761478442e+01
9.074422592385218422e+01
9.075201217805151543e+01
9.060577932530794953e+01
9.053614046752520039e+01
9.058951567749160461e+01
9.055748705207166438e+01
9.034249895016797893e+01
9.037254164333707251e+01
9.036535904255319451e+01
9.059955032194848457e+01
9.067106138017916805e+01
9.087282159854423469e+01
9.094944183930570603e+01
9.102116286394176825e+01
9.106092525195968790e+01
9.111262073068309064e+01
9.115488521836506663e+01
9.124444463885778589e+01
9.122065719484882607e+01
9.116466615341545321e+01
9.113539333706606271e+01
9.128541433370661196e+01
9.146129619260918275e+01
9.144181305991041597e+01
9.158424027155655267e+01
9.161514907614781578e+01
9.168428926371780108e+01
9.170330872060470995e+01
9.182697018477043116e+01
9.187067819148936110e+01
9.188723929171332827e+01
9.185864886618141156e+01
9.176336786114221411e+01
9.168666888297872219e+01
9.188239256718925674e+01
9.186236702127659726e+01
9.168557530795072807e+01
9.169355403135497795e+01
9.150011373180291230e+01
9.142338850783875159e+01
9.126980683090705782e+01
9.131060155375139686e+01
9.136829857222843998e+01
9.117524321108622587e+01
9.104541398376260020e+01
9.099463710806270456e+01
9.096455067189249633e+01
9.091566349384098089e+01
9.084056550951848408e+01
9.066218155095184272e+01
9.073522361422172366e+01
9.074727918533034199e+01
9.080220289753638951e+01
9.063950517917133709e+01
9.060862262038074277e+01
9.075944848824188682e+01
9.081474839025756296e+01
9.086416923292273395e+01
9.097695618701007447e+01
9.099786534154534934e+01
9.113871780515117393e+01
9.098561730123179814e+01
9.087760708286674571e+01
9.094142812150056443e+01
9.104234322508398236e+01
9.110519316909294218e+01
9.131645436730123322e+01
9.134538598824188682e+01
9.147832971724524498e+01
9.176817084266517099e+01
9.189024006159014846e+01
9.186751994680851396e+01
9.202829297312429446e+01
9.213886653135497795e+01
9.208990936450167908e+01
9.219022081466965801e+01
9.219053576427771191e+01
9.216407999720044586e+01
9.218113976763717687e+01
9.211480788073907888e+01
9.213978513437849927e+01
9.228537059070548310e+01
9.227248390257558697e+01
9.232639277715566095e+01
9.237506124020157472e+01
9.247072718365060950e+01
9.239027505599104018e+01
9.242873390257558697e+01
9.254522151455766732e+01
9.253761898096304606e+01
9.247777855543112935e+01
9.251785589305711710e+01
9.271525930851063890e+01
9.279220324748040127e+01
9.269134938409854385e+01
9.268154220324747428e+01
9.268154220324747428e+01
9.264918987961925723e+01
9.261439669652855855e+01
9.262016202407615140e+01
9.271046507558790495e+01
9.281910519316909358e+01
9.271482187849943557e+01
9.289994225923852866e+01
9.280942924132138216e+01
9.270104283314670113e+01
9.268083356662934591e+01
9.249785659294512641e+01
9.232329577267637433e+01
9.235728408454647820e+01
9.226320163773796423e+01
9.208427526595744439e+01
9.212339025755879618e+01
9.220192644176931651e+01
9.223440999440089172e+01
9.215789473684210975e+01
9.217893512038074277e+01
9.202963150895857325e+01
9.196266097424411612e+01
9.196210106382979177e+01
9.183361912094065360e+01
9.174697298432251102e+01
9.189563794792833562e+01
9.180987541993280843e+01
9.173593225083986624e+01
9.171094624860022293e+01
9.166141167413213964e+01
9.175762877939529005e+01
9.190141202407615140e+01
9.173314144736842479e+01
9.151532754759239197e+01
9.145723684210526017e+01
9.123565229563270407e+01
9.122235442329227340e+01
9.096538178891377413e+01
9.085895506718925674e+01
9.084794932810750367e+01
9.055250909854423469e+01
9.053162618980962861e+01
9.040674867021276384e+01
9.040864711646136698e+01
9.062041573348264478e+01
9.045455977043673101e+01
9.024779535274356590e+01
9.000881858902575061e+01
8.984200902855543802e+01
8.963845534714445762e+01
8.945391237402016316e+01
8.940289053751399706e+01
8.928366461366181284e+01
8.932042623180291230e+01
8.915983692609182754e+01
8.879412793952967320e+01
8.851174062150056443e+01
8.825936975083986624e+01
8.817076392777156002e+01
8.784069673852184224e+01
8.752190649496080255e+01
8.755139802631579471e+01
8.749384973404255561e+01
8.730339270716685007e+01
8.724520576707726605e+01
8.724449713045912347e+01
8.740640747480402695e+01
8.752753184490481431e+01
8.754493281075028221e+01
8.776436520156775600e+01
8.782941979283314993e+01
8.804911464165734003e+01
8.851196808510638903e+01
8.854743491041433856e+01
8.868027365621500735e+01
8.864120240761478442e+01
8.881300741881298677e+01
8.875922102463606222e+01
8.887903310470325380e+01
8.883459896416573542e+01
8.888117651175811318e+01
8.883047837346025233e+01
8.888725678891377413e+01
8.915391412374020774e+01
8.903955242161254091e+01
8.915378289473683537e+01
8.927181026035833611e+01
8.918634518477043116e+01
8.941306515957447232e+01
8.935947998320268937e+01
8.939900615901456149e+01
8.951726098824188682e+01
8.948567854143337286e+01
8.963759798432251102e+01
8.984290138577827634e+01
8.990835841265398187e+01
8.995789298712206516e+01
9.002202022676371485e+01
9.012130809070548310e+01
9.015535764277716169e+01
9.026143442049271925e+01
9.023437500000000000e+01
9.024288738801791965e+01
9.041103548432251102e+01
9.032478303471444292e+01
9.032001504759239197e+01
9.017470954647257031e+01
9.027626329787234738e+01
9.011947088465845468e+01
9.003824888017916805e+01
9.003065509518476972e+01
8.995574958006719157e+01
8.983929696248600294e+01
8.983375034994401176e+01
8.975059490481523028e+01
8.975324573068309064e+01
8.969695723684210975e+01
8.963602323628219892e+01
8.955539613661814258e+01
8.956550076987682019e+01
8.953459196528555708e+01
8.966246150615901911e+01
8.981504584266517099e+01
8.981588570828667173e+01
8.976596619540873689e+01
8.971781389977603283e+01
8.972042973124300147e+01
8.950259833426652278e+01
8.956583321668533415e+01
8.954173957166852915e+01
8.942378219484882607e+01
8.941816559350503724e+01
8.917610057390817246e+01
8.931408349664053503e+01
8.942448208286674571e+01
8.946520681690930132e+01
8.944789333706606271e+01
8.927938654815228858e+01
8.922427036674132239e+01
8.923361387178051984e+01
8.939446563549832092e+01
8.956521206606943508e+01
8.963073908174692406e+01
8.976472389417693876e+01
8.979529150335946497e+01
8.964876994680851396e+01
8.953779395296751886e+01
8.948878429451288241e+01
8.954927211646136698e+01
8.947366671332586918e+01
8.927656949888017834e+01
8.922427036674132239e+01
8.915333671612542332e+01
8.915737856942888584e+01
8.909153660414334297e+01
8.893746500559910828e+01
8.874479458286674571e+01
8.871523306270997011e+01
8.852362996920493288e+01
8.829903590425531945e+01
8.815918952967524547e+01
8.802649076147815776e+01
8.778078632418812788e+01
8.812247165453527487e+01
8.809621710526316463e+01
8.801379654255319451e+01
8.793188339865621117e+01
8.802523096304591377e+01
8.797266062430011857e+01
8.804353303471444292e+01
8.801552876539753356e+01
8.805241286394176825e+01
8.806741671332586918e+01
8.801270296752520039e+01
8.803859882418812788e+01
8.799608937569988143e+01
8.791915418533034199e+01
8.777381368980962861e+01
8.796784014557670162e+01
8.813905025195968790e+01
8.830494120940649339e+01
8.850224839025756296e+01
8.848379759238521558e+01
8.839545422732362567e+01
8.860277855543112935e+01
8.864628534434490348e+01
8.859416118421052033e+01
8.869120065789473983e+01
8.861105473124300147e+01
8.866317889137738462e+01
8.875234462486002940e+01
8.862049447088466536e+01
8.859550846864502205e+01
8.874712171052631504e+01
8.883348789193729544e+01
8.895959021556551249e+01
8.903587800951848408e+01
8.918415803471444292e+01
8.916611842105263008e+01
8.907090740481523028e+01
8.912392392217245174e+01
8.926195058790592896e+01
8.934405620100784517e+01
8.942778030515117393e+01
8.955059315509518569e+01
8.949503079507279324e+01
8.966251399776035669e+01
8.966738696808511122e+01
8.967051021836506663e+01
8.971241601343784566e+01
8.971463815789473983e+01
8.957174727043673101e+01
8.944919687849943557e+01
8.943712381019037139e+01
8.941902295632698383e+01
8.943736002239641891e+01
8.944301161814109946e+01
8.959004059350503724e+01
8.981577197648375943e+01
8.987184175531915287e+01
9.000099734042552768e+01
9.007416188409854385e+01
8.992449083146696864e+01
9.015587381019037139e+01
9.012016202407615140e+01
9.026886198208286771e+01
9.037213045912653797e+01
9.052433860582306124e+01
9.047763857782754826e+01
9.065265432530794953e+01
9.071917868141098040e+01
9.071105123180291230e+01
9.073894176931690936e+01
9.097759483482643361e+01
9.101226553751399706e+01
9.110348719204927193e+01
9.115737856942888584e+01
9.114420317749160461e+01
9.122948453247479961e+01
9.113529710246361049e+01
9.112259413493841009e+01
9.117372970324747428e+01
9.120198768197089123e+01
9.123175041993280843e+01
9.116666083426652278e+01
9.116666958286674571e+01
9.122675496920493288e+01
9.132897361422172366e+01
9.132627029675252572e+01
9.137681970884658256e+01
9.141210281354983636e+01
9.127227393617020823e+01
9.116507733762597354e+01
9.130881683930570603e+01
9.125896731522956884e+01
9.126684980403135228e+01
9.115871710526316463e+01
9.102639452687570554e+01
9.110768652015677560e+01
9.102823173292273395e+01
9.100059490481523028e+01
9.080000699888017834e+01
9.075045492721164919e+01
9.061089725643897452e+01
9.048133923572228809e+01
9.058729353303471044e+01
9.059763437849943557e+01
9.062100188969765213e+01
9.063192889137738462e+01
9.070521591545352180e+01
9.085204367301231798e+01
9.094305536114221411e+01
9.098321143617020823e+01
9.110228863381858844e+01
9.117348474244120382e+01
9.127718190089585448e+01
9.121063129899215483e+01
9.050566909294512641e+01
9.050957971724524498e+01
9.057132733762597354e+01
9.064865621500560167e+01
9.078167868141098040e+01
9.065827092665173836e+01
9.056764417693169378e+01
9.045671192609182754e+01
9.055619225923852866e+01
9.071724524076147134e+01
9.096812010078387800e+01
9.109055676091824694e+01
9.125799622060470995e+01
9.122006229003359579e+01
9.128425076987682019e+01
9.126386653135497795e+01
9.135599804031355120e+01
9.117035274356102548e+01
9.129956956886897501e+01
9.124935260358343214e+01
9.112747585386338756e+01
9.091965285554312004e+01
9.086753744400895982e+01
9.071706152015677560e+01
9.072183825587906369e+01
9.087459756438970260e+01
9.094113941769316511e+01
9.105082061870101029e+01
9.091574223124300147e+01
9.096460316349383390e+01
9.108143197088466536e+01
9.113614571668533415e+01
9.113982887737961391e+01
9.127511723124300147e+01
9.126655235162374424e+01
9.125650895856662714e+01
9.113951392777156002e+01
9.129406669932811269e+01
9.134716195408734052e+01
9.136717875139977707e+01
9.129230823068309064e+01
9.122553016517356639e+01
9.116680956047032680e+01
9.120036919092945027e+01
9.133893826987682019e+01
9.132463430851063890e+01
9.135218365061589907e+01
9.145961646136618128e+01
9.144301161814109946e+01
9.149664053751399706e+01
9.148420002799552719e+01
9.151552001679731063e+01
9.174050776875699853e+01
9.178990236562150073e+01
9.179919337905934640e+01
9.190372165453527487e+01
9.199136513157894512e+01
9.202999895016797893e+01
9.206282369820829103e+01
9.214268092105263008e+01
9.215382663773796423e+01
9.216976658734601813e+01
9.218169967805151543e+01
9.217998495240760803e+01
9.211955837066069819e+01
9.214045002799552719e+01
9.237233167693169378e+01
9.238058160694288290e+01
9.242487576987682019e+01
9.255103933370661196e+01
9.261498285274356590e+01
9.262906809910414552e+01
9.265943449048151592e+01
9.272360547312429446e+01
9.271358832586786036e+01
9.265062465005598824e+01
9.273371010638297207e+01
9.274238871780515581e+01
9.277258888577827634e+01
9.281792413213885595e+01
9.284229773236282313e+01
9.288101028835386330e+01
9.287808825587906369e+01
9.286307565789473983e+01
9.273225783874579520e+01
9.262876189809630034e+01
9.251292168253080206e+01
9.248183790593505194e+01
9.245740306550952425e+01
9.241022186450167908e+01
9.254221199608062420e+01
9.254291188409854385e+01
9.264828877379619598e+01
9.272788353863381872e+01
9.280265782474803871e+01
9.288616321388578001e+01
9.294239046752520039e+01
9.298882803751399706e+01
9.303660414333707251e+01
9.303856382978723616e+01
9.292587311030234787e+01
9.291602218645016364e+01
9.287394141937289760e+01
9.276584371500560167e+01
9.285999615061589907e+01
9.293394806830906418e+01
9.299730543113102499e+01
9.318159469484882607e+01
9.041454367301231798e+01
8.818564529675252572e+01
8.616697578387457668e+01
8.455595604703248114e+01
8.295472599384098089e+01
8.178082131858901960e+01
8.074227498600224351e+01
7.958353163493841009e+01
7.906711051231802401e+01
7.851181935890257080e+01
7.880595604703248114e+01
7.938978513437849927e+01
7.936910344344904900e+01
7.976321913493841009e+01
8.038339865621500735e+01
8.057882488801791965e+01
8.101698978163493337e+01
8.154391797312429446e+01
8.217282859742441303e+01
8.230354143337065409e+01
8.272458531634939050e+01
8.283581501959686477e+01
8.303862506998879667e+01
8.346644911814109946e+01
8.373398131298992553e+01
8.425381438969765213e+01
8.445122655375139686e+01
8.506411849104142675e+01
8.530061940089585448e+01
8.564077372620380402e+01
8.588557705767077266e+01
8.625336821108622587e+01
8.676599244120940568e+01
8.694791958286674571e+01
8.732442434210526017e+01
8.751542378219484419e+01
8.773046437569988143e+01
8.790603128499439833e+01
8.808384658454647820e+01
8.810479948208286771e+01
8.867275860862261538e+01
8.872164578667413082e+01
8.906417098264277854e+01
8.908943694008958403e+01
8.931447718365060950e+01
8.957270086786114405e+01
8.983578002519597305e+01
8.989116741321389270e+01
9.003712905935050514e+01
9.013678436450167908e+01
9.020266132418812788e+01
9.010940999440089172e+01
9.016498985162374424e+01
9.040811345184771142e+01
9.042708916573347722e+01
9.055928926371780108e+01
9.074767287234043067e+01
9.083725853863381872e+01
9.096740271556551249e+01
9.099963255879059432e+01
9.107141482362821705e+01
9.121927491601343263e+01
9.147593260078387800e+01
9.147485652295632974e+01
9.142162129059350661e+01
9.163002169652855855e+01
9.175563409854423469e+01
9.186485162374020774e+01
9.186353058510638903e+01
9.189386198208286771e+01
9.201271171612542332e+01
9.212664473684210975e+01
9.221259973404255561e+01
9.219502379619261490e+01
9.228149496080627046e+01
9.234072298432251102e+01
9.259695198768197599e+01
9.264036254199328368e+01
9.273256403975364037e+01
9.278090005599104018e+01
9.275060365341545321e+01
9.276380529115341744e+01
9.281285869260918275e+01
9.289043253079506712e+01
9.287226168812989613e+01
9.287544617861142626e+01
9.293323943169093582e+01
9.283598124300111465e+01
9.296436695128780059e+01
9.300090110582306124e+01
9.307730263157894512e+01
9.314326707726763743e+01
9.312851693729002989e+01
9.321190859462485889e+01
9.322645751679731063e+01
9.325562534994401176e+01
9.343008118701007447e+01
9.339375699888017834e+01
9.339509553471444292e+01
9.328005144176931651e+01
9.135171122620380402e+01
8.875748880179170897e+01
8.623699958006719157e+01
8.407246465565509652e+01
8.250019246920493288e+01
8.175401560750279373e+01
8.071987856942888584e+01
8.019418393057111416e+01
7.903623670212765262e+01
7.876660484322508182e+01
7.865544512877939098e+01
7.902574713045912347e+01
7.932310330347144145e+01
7.995656319988802352e+01
8.012482502799552719e+01
8.060496570548711759e+01
8.102761933090705782e+01
8.152817924132138216e+01
8.175769001959686477e+01
8.197047347424411612e+01
8.232927106662934591e+01
8.242211121220604753e+01
8.319537374020157472e+01
8.305645471724524498e+01
8.344302911534154532e+01
8.391036184210526017e+01
8.444006333986561685e+01
8.451853828387457668e+01
8.506631438969765213e+01
8.523289648656215434e+01
8.559093295072788976e+01
8.604015607502799412e+01
8.641381753919372954e+01
8.676341160414334297e+01
8.689705522116460656e+01
8.703390082586786036e+01
8.737998670212765262e+01
8.754276315789473983e+01
8.749571318589025282e+01
8.748489991601343263e+01
8.761050356942888584e+01
8.787353898376260020e+01
8.813614571668533415e+01
8.850321073628219892e+01
8.848311520156775600e+01
8.876896696528555708e+01
8.878407579787234738e+01
8.893887353023515630e+01
8.888744925811870701e+01
8.920555711086225870e+01
8.916150790873460608e+01
8.916088675811870701e+01
8.909314634658454679e+01
8.916610092385218422e+01
8.916451742721164919e+01
8.907952477603583930e+01
8.934371500559910828e+01
8.944700097984322440e+01
8.939929486282194659e+01
8.983793218085106957e+01
8.974589690649496276e+01
8.827136408174692406e+01
8.540990691489361097e+01
8.361640887458007398e+01
8.179586891097424939e+01
8.082009378499439833e+01
7.983777470604702842e+01
7.878642917133258550e+01
7.838888402855543802e+01
7.720322998320268937e+01
7.693552281634939050e+01
7.666253149496080255e+01
7.606223754199328368e+01
7.593104353303471044e+01
7.542337101063829152e+01
7.491722949328107006e+01
7.457579787234043067e+01
7.403342840145576531e+01
7.348138297872340274e+01
7.277074293113102499e+01
7.319306410974243704e+01
7.467846269596864772e+01
7.503747900335946497e+01
7.563835036394176825e+01
7.579635883258679030e+01
7.646691279395297158e+01
7.687967175251959873e+01
7.740123705207166438e+01
7.749503079507279324e+01
7.785032019876820186e+01
7.831305991041433856e+01
7.855528240481523028e+01
7.914278590425531945e+01
7.994562744960806810e+01
8.015478023516237727e+01
8.055059315509518569e+01
8.110210491321389270e+01
8.128978863381858844e+01
8.186840355543112935e+01
8.236437045072788976e+01
8.227234392497200588e+01
8.264755389137738462e+01
8.306221129619261490e+01
8.353076007838745909e+01
8.413488591825307594e+01
8.456975258958566144e+01
8.508186940089585448e+01
8.548147046472564625e+01
8.612338150895857325e+01
8.636179836226203577e+01
8.684742441209407104e+01
8.725924727043673101e+01
8.766505109182530475e+01
8.779419792833147085e+01
8.802719064949607741e+01
8.839578667413213964e+01
8.863116776315789025e+01
8.892925881858901960e+01
8.914668777995520088e+01
8.963962765957447232e+01
8.991277645576707300e+01
8.979780235162374424e+01
9.009388122900335816e+01
9.027999020156775600e+01
9.030290278555430916e+01
9.054270191769316511e+01
9.045667693169093582e+01
9.070468225083986624e+01
9.069371150615901911e+01
9.091373880179170897e+01
9.117415838465845468e+01
9.133884203527435375e+01
9.126324538073907888e+01
9.128557180851063890e+01
9.146035134378499265e+01
9.155199293113102499e+01
9.148308895576707300e+01
9.161040733482643361e+01
9.173519736842105488e+01
9.189653905375139686e+01
8.971552176651735522e+01
8.764462311030234787e+01
8.517270611702127781e+01
8.346359707446808329e+01
8.205703212486002940e+01
8.095370240761478442e+01
8.023301896696528956e+01
7.960982117861142626e+01
7.859380249160133758e+01
7.818840985442329838e+01
7.751419022956326899e+01
