1.079841724352598931e+02
5.177699292391409358e+01
5.188008725436457524e+01
5.247775608957585547e+01
5.306507245981413234e+01
5.346412228508218334e+01
5.386364087313889826e+01
5.334897653457807820e+01
5.307673324421052996e+01
5.311845065217553241e+01
5.303393693776367712e+01
5.342500043403961740e+01
5.349855278789848256e+01
5.327380459288323777e+01
5.317821294727782799e+01
5.351192120816788389e+01
5.367913559149679514e+01
5.384246097983823631e+01
5.435882427347968360e+01
5.388472651783654754e+01
5.379334877687634986e+01
5.406394767714397176e+01
5.430862201101716380e+01
5.451348499090997279e+01
5.429394651143756079e+01
5.475106091684048693e+01
5.471389844465002739e+01
5.443936466520663942e+01
5.409977082708109464e+01
5.113305174496328220e+01
5.092659769983804097e+01
5.086154508183506806e+01
5.059845754720490874e+01
5.022189593466091395e+01
4.981634915635099503e+01
5.009212800944469990e+01
5.028708744534201003e+01
4.994777511291230354e+01
4.983960499914432063e+01
4.953293740652646449e+01
4.961126915664861770e+01
4.996538720054366678e+01
4.995321672962307957e+01
4.991657634508877806e+01
4.962895689118502673e+01
4.982895614711711119e+01
4.984410040948537812e+01
5.053765107679029001e+01
5.070670578810433682e+01
5.040563482634694736e+01
5.064043785916778262e+01
5.070559216645295209e+01
5.043212984481223771e+01
5.011850521715621909e+01
4.998808003194531580e+01
4.992755134688694341e+01
5.073098596439883323e+01
5.109700785487699193e+01
5.096908893843830413e+01
5.119759963689485716e+01
5.124640677201014682e+01
5.114295156861918201e+01
5.094211399616556690e+01
5.083714337444722275e+01
5.098155827663948969e+01
5.140264491342770015e+01
5.126100786479789662e+01
5.111138820751558143e+01
5.153398034172559505e+01
5.173284737430832791e+01
5.185643209512164020e+01
5.187775956189280890e+01
5.119505492461351537e+01
5.080826981886906424e+01
5.076999744536681192e+01
5.087300744811986419e+01
5.100176716130648202e+01
5.076293376059366835e+01
5.076831833209735123e+01
5.087514416315921295e+01
5.115970549791784805e+01
5.102974783538241610e+01
5.095043267549461774e+01
5.121872992566761695e+01
5.123207602389945947e+01
5.138815543082772308e+01
5.183375662530475836e+01
5.222493049165527879e+01
5.218946697454543937e+01
5.227843765578921875e+01
5.171093333399472414e+01
5.143184709900319973e+01
5.165792469536619080e+01
5.190667528131967856e+01
5.168081222453985646e+01
5.141640148912792796e+01
5.132730183611160157e+01
5.105045028510202343e+01
5.066333654936022413e+01
5.043967717373242010e+01
5.019396486511288913e+01
5.009789825615282410e+01
4.987901951690150071e+01
4.925647153072132767e+01
4.974835126950387831e+01
5.005955023574551888e+01
4.977424855340795773e+01
4.962226400025794248e+01
4.995382934554265830e+01
5.041401179099628393e+01
5.084161026218473012e+01
5.088842949584437747e+01
5.074529191024556951e+01
5.069483666469075445e+01
5.098583046660499463e+01
5.116190173839068223e+01
5.124744846709607771e+01
5.150745804076996137e+01
5.145785723320824445e+01
5.142796430458172097e+01
5.123220995612479811e+01
5.119443858835434469e+01
5.090261391059775775e+01
5.077006937193227287e+01
5.101667952250681282e+01
5.127777915568132983e+01
5.124877538821743883e+01
5.102025600896849511e+01
5.080738189781963143e+01
5.101360528189012911e+01
5.110723010796425569e+01
5.103548087869460659e+01
5.104942595160085972e+01
5.116148878069590467e+01
5.137827296875659044e+01
5.130463876742668816e+01
5.170900867831215919e+01
5.151518518610378550e+01
5.123866474531795490e+01
5.149106622452497817e+01
5.157043842961985547e+01
5.169664598984595472e+01
5.124125782201399204e+01
5.093496350346859458e+01
5.058339017185488729e+01
5.056563423109261635e+01
5.076254932550243382e+01
5.065443377671513758e+01
5.067455585345830116e+01
5.054938502786534116e+01
5.014491838815047231e+01
5.016816927049101338e+01
5.015315646012167861e+01
4.957398267313840279e+01
4.937462827606903915e+01
4.937733916351884744e+01
4.929490263871286260e+01
4.947584259491206637e+01
4.969621567056640998e+01
4.950508322399668515e+01
4.939046700182792904e+01
4.933275089350156151e+01
4.925697749690591820e+01
4.870901363876494372e+01
4.915088333263060605e+01
4.983457882035472153e+01
4.967644082551855433e+01
4.947269642772992171e+01
4.976755690259406606e+01
4.950998167112693693e+01
4.884708164161224886e+01
4.903180270295072773e+01
4.920792481937751006e+01
4.870022247630763701e+01
5.147024472393840000e+01
5.184706924048027332e+01
5.183571228381726570e+01
5.170492870589227152e+01
5.162310727723226478e+01
5.194262244257655681e+01
5.188931865700700996e+01
5.199354893114643517e+01
5.277684411033039424e+01
5.312257278844413122e+01
5.261627301340066509e+01
5.232783508478654255e+01
5.230812348551175717e+01
5.208421360701805014e+01
5.187408138614893005e+01
5.184593453690452947e+01
5.192491610634218802e+01
5.195015365002517171e+01
5.192894647423416643e+01
5.200001612147156749e+01
5.154329359183905979e+01
5.154017222692087330e+01
5.186453747498071465e+01
5.160187901951690037e+01
5.094115786889027220e+01
5.107427285962662467e+01
5.117100416926056994e+01
5.105552606841952468e+01
5.120735312719344989e+01
5.154533481816220331e+01
5.173836215769775748e+01
5.197766060085964313e+01
5.220034276728780043e+01
5.303026372247258990e+01
5.307072861610807735e+01
5.245235113061120558e+01
5.239330934127666950e+01
5.207793739412533540e+01
5.157047811324217435e+01
5.180101515666350309e+01
5.186001726237571319e+01
5.126968245661463897e+01
5.083694371622241448e+01
5.071492277815119110e+01
5.078387803238679510e+01
5.090402515941654826e+01
5.079875691053079123e+01
5.090490563978679717e+01
5.101524967199006255e+01
5.125878186160832684e+01
5.116774763200385223e+01
5.089544605631601826e+01
5.105317481379699984e+01
5.118672880460528773e+01
5.129248441797767555e+01
5.144073871062950332e+01
5.170461495725329826e+01
5.156615383852238210e+01
5.118952401975252542e+01
5.163831850571320103e+01
5.137585102768180434e+01
5.117394819799151406e+01
5.125341961214219566e+01
5.110486645220975532e+01
5.115505755365349927e+01
5.115786144959312054e+01
5.065276706457765243e+01
5.036785477778411746e+01
5.008856764445458509e+01
4.938113142967689839e+01
4.942003130045710435e+01
5.188803762007395903e+01
5.230963766372594392e+01
5.284197857580439717e+01
5.265824340445795571e+01
5.230395670516804785e+01
5.197982335827614264e+01
5.211524867989950138e+01
5.222731522933413117e+01
5.220493862679785479e+01
5.222310752525490329e+01
5.244076103266706212e+01
5.268941612990433754e+01
5.258951881127709527e+01
5.244513243168836425e+01
5.256842820612665435e+01
5.289235073377498253e+01
5.260247179362531966e+01
5.241554829124802239e+01
5.267202106208254975e+01
5.288128148337380452e+01
5.286386905396724956e+01
5.279691906277204794e+01
5.262616167603778905e+01
5.259672138872836200e+01
5.281786085433878242e+01
5.327404393473036492e+01
5.346824442135078215e+01
5.339617772310256782e+01
5.341408619778813716e+01
5.353531470352614008e+01
5.382397585251581518e+01
5.346309423124142768e+01
5.350942734052764393e+01
5.375301037478701005e+01
5.344940338154066950e+01
5.354689488056470026e+01
5.331005558187351312e+01
5.309456855221744576e+01
5.310462463013623591e+01
5.354007053763867674e+01
5.358133158394698370e+01
5.345580484586633219e+01
5.377586690113073331e+01
5.420876313589904782e+01
5.438747832902187440e+01
5.489073858661818406e+01
5.497346901825198273e+01
5.476431028624293162e+01
5.489578708744534197e+01
5.487478949078472112e+01
5.410862771553787098e+01
5.433717561739035773e+01
5.586701026069659548e+01
5.552848540014732492e+01
5.465282907023753012e+01
5.456800780775269288e+01
5.506280305266264463e+01
5.503957697258605464e+01
5.505168295762037189e+01
5.477415182457854570e+01
5.468501124782670075e+01
5.512528491600713210e+01
5.592823588937198309e+01
5.615436433037607600e+01
5.633400836828385394e+01
5.616249947295189315e+01
5.543461255143369470e+01
5.536273435039150570e+01
5.539014085205697313e+01
5.507482719022592477e+01
5.465922061365761664e+01
5.471539526127944697e+01
5.478118698674815334e+01
5.504414678971896535e+01
5.537649092609173351e+01
5.554634799064458406e+01
5.610627150046256162e+01
5.694088132364722554e+01
5.729165106190892942e+01
5.695883320229470570e+01
5.680257645917919263e+01
5.708455587826056643e+01
5.790475558608989815e+01
5.808351542328783523e+01
5.760313153384640827e+01
5.770089461766070116e+01
5.562579584264451427e+01
5.583470283167447690e+01
5.620685336157484357e+01
5.653247236407739251e+01
5.605990366800681812e+01
5.599996651694366534e+01
5.616653232107026383e+01
5.637359898211509091e+01
5.596985284816798156e+01
5.498652617010881016e+01
5.463003951000647618e+01
5.518952277963932573e+01
5.487460843425787971e+01
5.412249838165227800e+01
5.387838457894436317e+01
5.366126432020714532e+01
5.356685202225258990e+01
5.394989570648008481e+01
5.405721634270776121e+01
5.372101669440386473e+01
5.346931835937984090e+01
5.371248719583123687e+01
5.376942823340914401e+01
5.355482168412332555e+01
5.371542750422258194e+01
5.431584443027959708e+01
5.454253588267537367e+01
5.430103127813507058e+01
5.430716611812326278e+01
5.478037967305655798e+01
5.479257370612789657e+01
5.455144113554685248e+01
5.494450245418401835e+01
5.515551763564977961e+01
5.507089975172933549e+01
5.530819913241681007e+01
5.497710503014715044e+01
5.497190399539670125e+01
5.539526003933639231e+01
5.557255530284804479e+01
5.541341157620867364e+01
5.540604158347574071e+01
5.533663120769664090e+01
5.518381453859107921e+01
5.538010957640213405e+01
5.529094295727313835e+01
5.512202837875041439e+01
5.524506372941721821e+01
5.528488748452959101e+01
5.529249805922284366e+01
5.545890016840737502e+01
5.557288145261899359e+01
5.544899910463826842e+01
5.550192093534298010e+01
5.534331045737854993e+01
5.512355123775698473e+01
5.575573614359518615e+01
5.576137865864396304e+01
5.536403026868292443e+01
5.566173680333540830e+01
5.569764180074357540e+01
5.489281577622405450e+01
5.487787241219378842e+01
5.542365491122029653e+01
5.526270185942572510e+01
5.479033406169315157e+01
5.483790480395050793e+01
5.487889302535535307e+01
5.498276242655429513e+01
5.470769291820957392e+01
5.486915441641512814e+01
5.486644600919171921e+01
5.425228118822685985e+01
5.442156160014285859e+01
5.463473953902511937e+01
5.478924772253211017e+01
5.464306937937294606e+01
5.487529049651652002e+01
5.491056675653353381e+01
5.421502074709379571e+01
5.434367257043222565e+01
5.409414071316430039e+01
5.343809354917917176e+01
5.353042245696187251e+01
5.367726178045531782e+01
5.368305310908779404e+01
5.339733102837627143e+01
5.346631108487582651e+01
5.327490581340264697e+01
5.303686112468346181e+01
5.317610103450243031e+01
5.335307634880911820e+01
5.287957508761400049e+01
5.283176624362271667e+01
5.311689927056541904e+01
5.262464873793680198e+01
5.195298978890793506e+01
5.216748224777957432e+01
5.262129919219026419e+01
5.262887256348759735e+01
5.267787191614850428e+01
5.333205518999774597e+01
5.314349225797330689e+01
5.283586605785376378e+01
5.335740930432130114e+01
5.352342697841459085e+01
5.312948269918078381e+01
5.326956216563448265e+01
5.279074081882194491e+01
5.217843616765338055e+01
5.308217858126089794e+01
5.318674120573725617e+01
5.198187574561806201e+01
5.189447008722956411e+01
5.217413049463154806e+01
5.160879637093273686e+01
5.082736260165827957e+01
5.096918938760730100e+01
5.098780720704186109e+01
5.043145398311958161e+01
5.314566741652178194e+01
5.365229086110980461e+01
5.315092425636612461e+01
5.285873250510306320e+01
5.319811428387183128e+01
5.345668408612338141e+01
5.352810716562207460e+01
5.379203797722656333e+01
5.356096768513030071e+01
5.375706678505613922e+01
5.383613764264401880e+01
5.366936721983982750e+01
5.347326811991398898e+01
5.345914199048089444e+01
5.339026114303713655e+01
5.395436383433079897e+01
5.408436242060174948e+01
5.363344982129968486e+01
5.347170805751149203e+01
5.405869703786561331e+01
5.456502657562582215e+01
5.457788654948423357e+01
5.397142407158925437e+01
5.379577939874351955e+01
5.375956933348876277e+01
5.410421911312064225e+01
5.430776881313726534e+01
5.417672233121439263e+01
5.377040296238240558e+01
5.348438945506946141e+01
5.347714223354307705e+01
5.327410966072983456e+01
5.352898020531313961e+01
5.373984781330840121e+01
5.351064761191401686e+01
5.345339406581032904e+01
5.395820198467716011e+01
5.394471699376719442e+01
5.369249657108700546e+01
5.383656796192356353e+01
5.415800778295042761e+01
5.367797360543070084e+01
5.384199965772875629e+01
5.401129991145591447e+01
5.397967330457924362e+01
5.416823127615088396e+01
5.442511328434059692e+01
5.472649799473695964e+01
5.435325616522275993e+01
5.401675268918546635e+01
5.393643427772087051e+01
5.381561252911165383e+01
5.373500021081924416e+01
5.376511263948173536e+01
5.380521169972394802e+01
5.373435783218292272e+01
5.358288172544389738e+01
5.312749727795153376e+01
5.321535557765712809e+01
5.323430822765502057e+01
5.313229403579958898e+01
5.346150564623538770e+01
5.370878793816299890e+01
5.357666131764507611e+01
5.345150289318409165e+01
5.399884917495268866e+01
5.417130551676756767e+01
5.410933706028686174e+01
5.451064265146122523e+01
5.421151494708436758e+01
5.349714401930608432e+01
5.385827986378596677e+01
5.434024489755424980e+01
5.400535356867374759e+01
5.389955207111304958e+01
5.380039385995153367e+01
5.348255780787670233e+01
5.335534823618699818e+01
5.380351274464332789e+01
5.388642299269077540e+01
5.348230110444481511e+01
5.349473075902368180e+01
5.386341145219735438e+01
5.344862707067900942e+01
5.300436147811571885e+01
5.324891304078236232e+01
5.335319415956288225e+01
5.315653824881135137e+01
5.309736252725149086e+01
5.322729166718337979e+01
5.325376188338471195e+01
5.307887243947627809e+01
5.308624615254880297e+01
5.347513697050266757e+01
5.375018291669663739e+01
5.340744911195493927e+01
5.300996678976856913e+01
5.314546279784418914e+01
5.329428506234049223e+01
5.332027039428159298e+01
5.307847064280027638e+01
5.317626596955770424e+01
5.353806279437186788e+01
5.329257618635428884e+01
5.237347373068213585e+01
5.283751292818008238e+01
5.371680278975865264e+01
5.325169833502402383e+01
5.530365783788744238e+01
5.576578106049520045e+01
5.564958369399958826e+01
5.498819288224628821e+01
5.462728521859474995e+01
5.497083501782042703e+01
5.516920724523734521e+01
5.516743636359127123e+01
5.516832552475389662e+01
5.543079548301169268e+01
5.564868213170498024e+01
5.572183516911423595e+01
5.566955695715905250e+01
5.525137466547946730e+01
5.502257502064788497e+01
5.520843574601489934e+01
5.509115824092422997e+01
5.463841027408982143e+01
5.470696125142303146e+01
5.484793855983173927e+01
5.465614513292773324e+01
5.435831086661590206e+01
5.428197693885498154e+01
5.407522526656233453e+01
5.404791797395266428e+01
5.380572262636133729e+01
5.353866424927267076e+01
5.360399837297148196e+01
5.359813263754715251e+01
5.340649546490603683e+01
5.362468222099312953e+01
5.386458583939541711e+01
5.392972030486942714e+01
5.397658790294378406e+01
5.394085032081728315e+01
5.380320767679673821e+01
5.386667915047285504e+01
5.354490821922225052e+01
5.343309217265351663e+01
5.325353246244317518e+01
5.276317558266718777e+01
5.265700949182641466e+01
5.313484122830732304e+01
5.302284784555133967e+01
5.238434208274531301e+01
5.224398235070897556e+01
5.219267762761384688e+01
5.232605800257447726e+01
5.500358516725406588e+01
5.494264476461411562e+01
5.495766625577582687e+01
5.532764410735411786e+01
5.507335765608684852e+01
5.459847242856327654e+01
5.490133287366470682e+01
5.493051769765543924e+01
5.469359655149322208e+01
5.480884399127952378e+01
5.503134510118083256e+01
5.514332484269164070e+01
5.559781268834219503e+01
5.561939933877164322e+01
5.494122235477654215e+01
5.497932731299712827e+01
5.565199447405559141e+01
5.546584852265314680e+01
5.534582912728274096e+01
5.560675638472280014e+01
5.521480992785021158e+01
5.497640436619054327e+01
5.511659792305841421e+01
5.520067759785113282e+01
5.496927991587072171e+01
5.489017185488691553e+01
5.484065413490943541e+01
5.490504949291771197e+01
5.484118366324478444e+01
5.460799773803352508e+01
5.472380322875871883e+01
5.523871434984585704e+01
5.496271227637658541e+01
5.475406819134450842e+01
5.498436217257911096e+01
5.513740082194702552e+01
5.450453013351058473e+01
5.397473269360027359e+01
5.419513305174496054e+01
5.393942419064012483e+01
5.384331913817093351e+01
5.411853125953336985e+01
5.430829958158580695e+01
5.457083030539027391e+01
5.467420118108380933e+01
5.431268958230507593e+01
5.400945710324438664e+01
5.404557788034891530e+01
5.367614319835114856e+01
5.310244823147456827e+01
5.244243642559693086e+01
5.304348084893189252e+01
5.593998844214500110e+01
5.538973905538097853e+01
5.855175116384623379e+01
5.879268407620247672e+01
5.858472205342904005e+01
5.858228027054309450e+01
5.979377289558991038e+01
6.123015632866967906e+01
6.138170312186096567e+01
6.063006431227042725e+01
6.051825074592808562e+01
6.063546872558526957e+01
6.061317645074642257e+01
6.078885336653529947e+01
6.130764852215710192e+01
6.127704128832879604e+01
6.111222032347112787e+01
6.127956367857257902e+01
6.104213160577297259e+01
6.113174466565308052e+01
6.145682793925429621e+01
6.118419897368232085e+01
6.146314259565613014e+01
6.197079161385851620e+01
6.158283584125558718e+01
6.122933041328012393e+01
6.133800897345909675e+01
6.076465999816463182e+01
6.069960241970887438e+01
6.116264084585640859e+01
6.064353814216161709e+01
6.051780802551657246e+01
6.111619984672201156e+01
6.103782469263794752e+01
6.034771657956938640e+01
6.014495187120680697e+01
6.042384960899230606e+01
5.994755933321593488e+01
5.979616879428754572e+01
5.995688498446138226e+01
5.967161802529334835e+01
5.976844110330390691e+01
6.005785376089129102e+01
5.905296399455342282e+01
5.852003526881933482e+01
5.914300241326028384e+01
5.919068600581861261e+01
5.926887886326263555e+01
5.965461607335517868e+01
5.943005637554595921e+01
5.906236529270391600e+01
5.893681747269890536e+01
5.852692037729203633e+01
5.894873992097998894e+01
5.916357961154694323e+01
5.891151792335604398e+01
5.934409668914578617e+01
5.930085270183462143e+01
5.871148890470722392e+01
5.900022694071515161e+01
5.996086574782545853e+01
5.991421640967387674e+01
5.971208787938162743e+01
5.985928187524957167e+01
5.984841104296000225e+01
5.973007944165143357e+01
6.029228723997926664e+01
6.005361133364253590e+01
5.961673557562334480e+01
6.012860345892372749e+01
5.988275597796566529e+01
5.941464300861382952e+01
5.950533000652299620e+01
5.971935990317196286e+01
5.975328195957727218e+01
5.988423791323671708e+01
6.011448849050941590e+01
5.991275803655357635e+01
5.994662924831778383e+01
5.999651900225452295e+01
5.981437613625372052e+01
6.039644682766643058e+01
6.026983747076432962e+01
5.998442913869178028e+01
6.004230398150743042e+01
5.979864282011661913e+01
5.978630617402756542e+01
6.031946308058999762e+01
6.052267919015648090e+01
6.037777444325117671e+01
6.027553951124658482e+01
6.014670787149451314e+01
6.009872293142917954e+01
6.041502744370506406e+01
6.034786415303988605e+01
5.975365151331013180e+01
6.001934576588151060e+01
6.035354759182418150e+01
6.028576796489983280e+01
6.007117133651959762e+01
5.995692714831010051e+01
5.997599264860896540e+01
5.980236688004880818e+01
5.993777732031379912e+01
6.008763011887725014e+01
6.011691291181058716e+01
6.001365364630483157e+01
5.989393683855462314e+01
6.000578140772690006e+01
6.037079632628866221e+01
6.012342226598443773e+01
5.982368690614079298e+01
5.976683763693949913e+01
6.034274992621326561e+01
6.055057429642177880e+01
6.043125804523437239e+01
5.971316553775028524e+01
5.914603076968865736e+01
5.944515599383911564e+01
5.954950283861911231e+01
5.973220003521921484e+01
5.923509941987504845e+01
5.861826091485630741e+01
5.873095992202168247e+01
5.919361887353077378e+01
5.923962087259324960e+01
5.953830089610579535e+01
5.932177093125060452e+01
5.892824333005116699e+01
5.980289640838415721e+01
6.027364089794116353e+01
6.000372281981899647e+01
6.009813883811314383e+01
6.038826952124190228e+01
6.035017820426648427e+01
6.013960078275945165e+01
6.051118458092854979e+01
6.087313145943961956e+01
6.077712685613942512e+01
6.067393331663313916e+01
6.062827606903957900e+01
6.098685107976655928e+01
6.097020628042928081e+01
6.068331601308567258e+01
6.084664388165352022e+01
6.099665417459305417e+01
6.060752153456567726e+01
6.038182713318071393e+01
6.043043088973161758e+01
6.068201637445466190e+01
6.048905600103177704e+01
6.002427273561530541e+01
5.996009067707700524e+01
5.986791306310440319e+01
5.961593074215814170e+01
5.991054071415639015e+01
5.980999233610043575e+01
5.957426417883424108e+01
5.998158183879024818e+01
6.006120082641143654e+01
5.975345061497213806e+01
5.968847860432700259e+01
6.009442469908653095e+01
6.021387116215968405e+01
5.982675618630468506e+01
5.953675323483527393e+01
5.982475340349066784e+01
5.983063402027337219e+01
5.938708893347784823e+01
5.898843470431980762e+01
5.906306223632093122e+01
5.915785028857433758e+01
5.919393014194335478e+01
5.927076507543608841e+01
5.918371160919569007e+01
5.911521023639037509e+01
5.892512320524617309e+01
5.874607690189960607e+01
5.921111191029517329e+01
5.932534493748589455e+01
5.915530061584021126e+01
5.916218324408652052e+01
5.933321345572424121e+01
5.913489579328800971e+01
5.926512876095330284e+01
5.932699552815181221e+01
5.914944356120826541e+01
5.901746575427404906e+01
5.938334751196089201e+01
5.942466684358948470e+01
5.957949993675422462e+01
5.955427851454280841e+01
5.956795448288519879e+01
6.001924407659931404e+01
6.019018500008680661e+01
5.971891098219445126e+01
5.989326841754115094e+01
6.045886792546423294e+01
6.012029594061345961e+01
5.984612055388415541e+01
6.003200484140192117e+01
6.008998013338657529e+01
6.012093211868379683e+01
6.059083457137967343e+01
6.082106282661481345e+01
6.077423491216278251e+01
6.067094712405348389e+01
6.086517861350384351e+01
6.108685008767600522e+01
6.080634888352609124e+01
6.047667719109400508e+01
6.043664261673805527e+01
6.080268682925377277e+01
6.128948334403964537e+01
6.108839030826733563e+01
6.041633700324165801e+01
6.034657195508805927e+01
6.101608922862478579e+01
6.085867173955638521e+01
6.043307977152154109e+01
6.098382024311179350e+01
6.113181783233173405e+01
6.090078474363139804e+01
6.131907864549876308e+01
6.133202542728100326e+01
6.112288653708310449e+01
6.120656317508662170e+01
6.132558551944621428e+01
6.179684589609339440e+01
6.230532082968533558e+01
6.240797616006388893e+01
6.244966876576494030e+01
6.223497912889488504e+01
6.216614416563943735e+01
