4.239451997490064628e+00
4.315511399288851635e+00
4.348872620790629639e+00
4.308617444049361644e+00
4.177264170675591082e+00
4.072177368751307647e+00
4.102861326082409832e+00
4.057607195147459045e+00
4.131976573938506370e+00
4.153578749215645516e+00
4.151470403681238430e+00
4.126279021125287549e+00
4.091211043714704232e+00
4.124066094959213835e+00
4.029278393641497757e+00
3.927383392595691358e+00
3.955457017360384686e+00
3.878272327964860988e+00
3.876331311441121308e+00
3.881874084919473056e+00
3.933955239489646427e+00
3.935674545074252073e+00
4.001158753398870616e+00
4.064580631667014998e+00
4.022953357038276501e+00
3.994662204559715324e+00
3.994549257477514992e+00
3.995503032838318536e+00
3.959054591089730124e+00
4.025116084501150659e+00
3.960004183225266594e+00
3.933051662832043327e+00
4.021439029491737926e+00
3.965777034093286080e+00
3.995001045806316764e+00
3.987383392595691411e+00
3.995979920518720085e+00
3.941610541727671890e+00
3.895302238025517561e+00
3.875235306421250581e+00
3.907722233842292336e+00
3.890922401171303058e+00
3.927032001673290029e+00
3.957916753817193101e+00
3.949328592344697686e+00
3.998364358920727835e+00
4.008379000209161269e+00
3.996971344906923296e+00
3.970960050198703239e+00
3.986969253294289750e+00
4.006655511399288550e+00
3.995063794185317096e+00
4.031039531478770144e+00
3.992428362267308017e+00
4.024555532315415185e+00
3.971876176532106228e+00
4.055737293453252512e+00
4.042120895210207010e+00
4.057184689395524124e+00
4.046818657184689805e+00
3.881100188245136806e+00
3.872127170048107025e+00
3.888115457017360388e+00
3.914243882033047406e+00
3.886475632712821593e+00
3.936243463710520807e+00
3.937695042878059049e+00
3.938849613051663034e+00
3.929157080108764077e+00
3.920761346998535846e+00
3.879334867182597790e+00
3.901907550721606555e+00
3.914804434218782880e+00
3.855394268981384709e+00
3.868696925329428993e+00
3.832047688768040139e+00
3.888353900857561385e+00
3.837469148713658296e+00
3.809734365195565964e+00
3.816498640451788216e+00
3.835260405772850767e+00
3.810759255385902655e+00
3.781660740430872192e+00
3.687814264798159325e+00
3.732445095168374749e+00
3.797142857142857153e+00
3.800041832252667007e+00
3.797180506170257264e+00
3.790336749633967717e+00
3.819749006483998954e+00
3.769567036184898523e+00
3.795034511608450067e+00
3.799912152269399712e+00
3.810483162518301548e+00
3.823409328592344725e+00
3.866128425015686876e+00
3.838477306002928469e+00
3.797966952520393402e+00
3.856419159171721400e+00
3.844170675590880659e+00
3.877247437774524297e+00
3.865241581259150738e+00
3.855774942480652445e+00
3.846709893327755481e+00
3.839088056891863499e+00
3.845940179878686305e+00
3.895080527086383526e+00
3.860087847730600430e+00
3.843739803388412479e+00
3.758807780798996134e+00
3.801238234678937289e+00
3.829433172976364652e+00
3.802363522275674423e+00
3.803831834344279628e+00
3.846325036603221115e+00
3.881581259150805430e+00
3.864643380046015597e+00
3.922062330056473645e+00
3.915645262497385648e+00
3.925254130934950680e+00
3.777657393850658796e+00
3.841003974064003401e+00
3.839167538171930349e+00
3.909700899393432127e+00
3.979958167747333242e+00
4.026638778498222493e+00
3.962288224220874344e+00
3.960430872202468144e+00
3.917782890608659141e+00
3.860995607613470160e+00
3.871855260405772992e+00
3.813595482116712176e+00
3.809976992261033146e+00
3.849420623300564781e+00
3.818778498222129336e+00
3.841393014013804841e+00
3.772804852541309373e+00
3.790700690232168935e+00
3.781539426898138601e+00
3.778297427316461121e+00
3.803455344070278077e+00
3.870219619326500826e+00
3.811064630830370170e+00
3.863547375026145314e+00
3.913545283413511822e+00
3.857151223593390466e+00
3.792570591926375023e+00
3.851231959841037611e+00
3.881539426898138245e+00
3.860598201213135461e+00
3.811587533988705090e+00
3.844584814892281877e+00
3.876523739803388491e+00
3.864517883288014932e+00
3.776599037858188623e+00
3.785375444467684591e+00
3.800903576657602922e+00
3.838176113783727139e+00
3.865852332148086212e+00
3.896030119221919996e+00
3.878063166701526843e+00
3.886099142438820486e+00
3.913553649864045081e+00
3.921129470822003693e+00
3.948592344697761991e+00
3.921890817820539610e+00
3.872578958376908798e+00
3.957615561597992215e+00
3.921577075925538391e+00
3.913624764693578673e+00
3.886588579795021925e+00
3.864605731018615487e+00
3.916649236561388747e+00
3.887755699644425800e+00
3.874632921982848810e+00
3.918088266053127100e+00
3.931395105626438014e+00
3.911533152060238550e+00
3.951386739175904772e+00
3.897866555113993048e+00
3.873612215017778748e+00
3.878318343442794358e+00
3.921539426898138281e+00
3.946437983685421536e+00
3.949684166492365645e+00
3.949127797531897244e+00
4.024793976155615738e+00
4.001083455344070394e+00
3.944204141393014229e+00
3.885157916753817275e+00
3.866048943735620025e+00
3.894064003346580094e+00
3.936711984940389097e+00
3.903530642125078387e+00
3.887605103534825357e+00
3.851566617862371977e+00
3.872700271909642389e+00
3.914281531060447517e+00
3.885877431499686452e+00
3.927044551349090362e+00
3.897669943526458791e+00
3.899117339468730403e+00
3.955716377326919275e+00
3.894653838109181976e+00
3.940652583141602161e+00
3.924919472913616314e+00
3.879619326500732157e+00
3.921748588161472426e+00
3.982924074461409614e+00
3.928261869901694237e+00
3.950458063166701450e+00
3.915264588998117468e+00
3.825915080527086509e+00
3.815716377326919151e+00
3.827563271282158563e+00
3.757954402844593034e+00
3.819782472286132435e+00
3.814264798159380909e+00
3.794486509098514926e+00
3.774758418740849386e+00
3.848579795021962013e+00
3.815051244509517048e+00
3.746722443003555725e+00
3.789930976783099759e+00
3.784103743986613644e+00
3.810303283831834253e+00
3.804563898765948693e+00
3.815314787701317822e+00
3.782288224220874184e+00
3.797766157707592516e+00
3.786584396569755206e+00
3.746053126960886992e+00
3.779882869692532843e+00
3.762714913198075717e+00
3.736444258523321515e+00
3.709336958795231176e+00
3.708621627274628629e+00
3.747090566827023572e+00
3.669763647772432691e+00
3.665245764484417634e+00
3.552574775151641884e+00
3.588374816983894711e+00
3.640932859234469632e+00
3.613290106672244484e+00
3.600418322526667936e+00
3.632633340305375658e+00
3.629194729136163922e+00
3.712449278393641361e+00
3.717444049362057967e+00
3.705869065049153033e+00
3.675469567036184770e+00
3.665442376071951447e+00
3.666475632712821398e+00
3.671416021752771375e+00
3.650520811545701516e+00
3.646973436519556522e+00
3.571692114620372394e+00
3.621581259150805199e+00
3.607513072578958369e+00
3.606425434009621345e+00
3.540953775360803135e+00
3.586889772014222988e+00
3.583241999581677550e+00
3.577946036394059615e+00
3.573754444676845665e+00
3.562698180297009021e+00
3.536088684375653823e+00
3.579573311022798521e+00
3.601234051453670926e+00
3.592256850031374071e+00
3.604731227776615921e+00
3.614047270445513327e+00
3.581505961096004942e+00
3.578837063375862826e+00
3.581422296590671461e+00
3.569880778079899564e+00
3.565952729554486389e+00
3.534097469148713699e+00
3.495494666387784832e+00
3.523258732482744016e+00
3.503254549257477368e+00
3.539953984522066666e+00
3.555210207069650519e+00
3.479581677473332135e+00
3.504220874294080801e+00
3.529073415603430242e+00
3.539000209161263122e+00
3.537092658439656923e+00
3.532624973854841866e+00
3.510658857979502390e+00
3.540368123823467883e+00
3.576586488182388557e+00
3.554561807153315378e+00
3.581313532733737759e+00
3.563748169838945934e+00
3.549705082618698881e+00
3.538021334448860244e+00
3.510119221920100507e+00
3.476962978456390019e+00
3.420995607613469769e+00
3.398343442794394598e+00
3.384768876804015836e+00
3.357920937042459641e+00
3.419807571637732746e+00
3.383769085965279366e+00
3.457561179669525142e+00
3.416904413302656263e+00
3.407236979711357527e+00
3.406161890817820392e+00
3.436536289479188433e+00
3.446375235306421203e+00
3.428286969253294458e+00
3.428362267308094680e+00
3.480899393432336453e+00
3.449182179460363873e+00
3.460644216691068920e+00
3.476322944990587693e+00
3.398134281531060452e+00
3.416728717841455598e+00
3.389073415603430117e+00
3.391763229449905825e+00
3.421957749424806572e+00
3.371064630830370223e+00
3.378075716377326732e+00
3.419012758837063348e+00
3.410683957331102079e+00
3.405350345116084476e+00
3.440891026981803158e+00
3.406994352645889901e+00
3.439180087847730771e+00
3.434469776197448088e+00
3.440179878686467241e+00
3.398749215645262556e+00
3.418962560133863349e+00
3.401208952102070526e+00
3.419606776824931860e+00
3.430478979293035025e+00
3.386893955239489440e+00
3.495431918008784944e+00
3.411365823049571144e+00
3.389445722652165038e+00
3.351056264379836946e+00
3.333085128634177163e+00
3.356695252039322508e+00
3.358385275047061302e+00
3.356080317925120404e+00
3.380087847730600448e+00
3.328466847939761664e+00
3.331909642334239585e+00
3.339108973018197091e+00
3.388370633758627903e+00
3.349947709684166330e+00
3.282551767412674959e+00
3.286985986195356535e+00
3.290504078644635122e+00
3.288621627274628700e+00
3.352210834553440488e+00
3.297962769295126328e+00
3.280627483790002241e+00
3.323070487345743729e+00
3.214202049780380488e+00
3.192691905459108970e+00
3.214591089730181928e+00
3.231344906923237836e+00
3.270784354737502397e+00
3.290876385693369599e+00
3.293792093704245971e+00
3.300518719933068557e+00
3.294486509098514926e+00
3.286325036603221061e+00
3.330901485044969856e+00
3.357310186153524167e+00
3.285480025099351664e+00
3.274235515582514022e+00
3.321949382974273224e+00
3.319815938088265916e+00
3.330357665760301344e+00
3.339556578121731789e+00
3.344404936205814582e+00
3.314645471658648646e+00
3.329148713658230285e+00
3.349207278811964006e+00
3.373377954402844381e+00
3.356657603011922397e+00
3.309567036184898559e+00
3.303697971135745703e+00
3.297063375862790302e+00
3.250311650282367903e+00
3.257092658439657118e+00
3.271323990796904280e+00
3.270809454089102619e+00
3.164124660112947129e+00
3.283718887262079278e+00
3.248169838945827337e+00
3.237335285505124283e+00
3.299539845220665235e+00
3.305864881823886048e+00
3.335394268981384691e+00
3.330709056682702229e+00
3.400836645053336049e+00
3.424208324618280841e+00
3.404860907759883037e+00
3.356745450742522507e+00
3.347073833925956698e+00
3.360589834762601757e+00
3.382342606149341346e+00
3.298117548629993845e+00
3.269608868437565263e+00
3.216209997908387574e+00
3.207985777034093378e+00
3.236925329428989695e+00
3.154503241999581764e+00
3.221037439866136776e+00
3.222928257686676456e+00
3.240426688977201319e+00
3.177452415812591635e+00
3.170508261869901645e+00
3.236933695879522954e+00
3.322359339050407812e+00
3.305831416021752567e+00
3.250980966325036636e+00
3.284655929721815415e+00
3.394812800669316122e+00
3.430847103116502872e+00
3.329194729136164099e+00
3.346446350135954706e+00
3.420681865718468995e+00
3.395448650909851374e+00
3.336816565572056081e+00
3.351838527504706011e+00
3.310796904413302766e+00
3.253064212507843500e+00
3.267592553859025362e+00
3.330884752143902894e+00
3.312683539008575817e+00
3.325329428989751257e+00
3.260016732901066749e+00
3.206530014641288506e+00
3.213670780171512309e+00
3.215477933486718065e+00
3.228015059610960247e+00
3.223564107927211708e+00
3.211796695252039147e+00
3.215607613469985360e+00
3.244961305166283339e+00
3.212252666806107548e+00
3.242062330056473485e+00
3.281798786864672746e+00
3.281802970089939375e+00
3.274478142647981649e+00
3.313030746705710072e+00
3.209265843965697584e+00
3.227826814473959249e+00
3.193842292407446326e+00
3.227228613260824108e+00
3.256419159171721311e+00
3.264187408491947107e+00
3.194097469148713841e+00
3.163070487345743587e+00
3.186375235306421416e+00
3.140635850240535376e+00
3.172683539008575693e+00
3.117372934532524731e+00
3.194758418740849315e+00
3.205693369587952368e+00
3.166634595272955544e+00
3.243543191800878578e+00
3.228563062120895388e+00
3.228069441539426876e+00
3.234591089730181945e+00
3.157803806734992502e+00
3.202154361012340633e+00
3.202212926166073892e+00
3.105358711566617913e+00
3.143978247228613299e+00
3.087897929303493161e+00
3.173478351809245090e+00
3.099807571637732906e+00
3.135398452206651143e+00
3.113879941434846366e+00
2.998084082827860097e+00
3.057552813218991972e+00
3.019079690441330399e+00
3.082192010039740637e+00
3.136189081782053911e+00
3.193666596946245662e+00
3.173390504078644536e+00
3.222313323572474353e+00
3.206086592763020438e+00
3.180987241162936741e+00
3.223677055009412040e+00
3.127542355155825238e+00
3.172963815101443430e+00
3.139255385902530726e+00
3.093729345325245905e+00
3.076092867600920489e+00
3.135084710311650369e+00
3.113060029282576746e+00
3.119305584605731152e+00
3.098690650491529031e+00
3.073436519556578261e+00
3.117469148713658100e+00
3.118385275047061089e+00
3.146103325664086903e+00
3.154499058774315134e+00
3.190006274837899891e+00
3.180962141811336519e+00
3.170458063166701645e+00
3.171528968834971707e+00
3.145454925747751318e+00
3.205291779962351040e+00
3.196209997908387557e+00
3.156699435264588960e+00
3.200050198703200177e+00
3.206718259778289060e+00
3.202505751934741518e+00
3.234105835599247136e+00
3.192164819075507420e+00
3.252850868019242725e+00
3.228634176950428980e+00
3.225291779962351058e+00
3.197092658439657065e+00
3.178464756327128438e+00
3.102518301610541762e+00
3.142141811336540691e+00
3.131432754653838302e+00
3.126212089521020587e+00
3.133775360803179311e+00
3.128475214390294745e+00
3.112135536498640498e+00
3.105480025099351504e+00
3.148061075088893546e+00
3.081221501777870575e+00
3.094001254967579939e+00
3.048880987241163076e+00
3.005797950219619263e+00
3.047107299728090357e+00
3.058807780798995957e+00
3.022564317088475061e+00
3.032294499058774129e+00
3.020016732901066536e+00
3.074674754235515728e+00
3.132039322317506702e+00
3.139401798786864539e+00
3.088634176950428856e+00
3.158046433800460129e+00
3.155155825141183978e+00
3.149224011713030791e+00
3.133126960886843726e+00
3.189303492993097677e+00
3.142413720978874725e+00
3.127044551349090096e+00
3.136820748797322533e+00
3.129751098096632322e+00
3.144601547793348661e+00
3.112231750679774311e+00
3.101112737920936890e+00
3.065659903785818763e+00
3.081359548211671129e+00
3.076486090775988114e+00
3.057920937042459819e+00
3.064555532315415221e+00
3.035963187617653158e+00
3.047140765530223838e+00
3.065705919263752133e+00
3.056260196611587432e+00
3.062610332566408911e+00
3.113967789165446476e+00
3.131018615352436640e+00
3.165559506379418409e+00
3.319201003974063813e+00
3.191729763647772611e+00
3.329182179460363766e+00
3.363133235724743653e+00
3.190524994770968625e+00
3.262137628111273724e+00
3.309006483999163528e+00
3.236410792721188034e+00
3.219276302028864389e+00
3.265082618699016948e+00
3.205496758000418112e+00
3.171349090148504413e+00
3.142848776406609534e+00
3.149031583350763608e+00
3.074172767203513956e+00
3.194214599456180803e+00
3.140995607613469964e+00
3.042551767412675190e+00
3.042192010039740602e+00
3.075971554068186453e+00
3.076264379836854079e+00
3.024701945199748998e+00
3.075569964442585125e+00
3.100765530223802635e+00
3.064906923237816549e+00
3.069705082618698899e+00
3.049157080108763740e+00
3.086613679146621880e+00
3.118862162727463083e+00
3.075766576030119381e+00
2.972457644844174851e+00
2.984902740012549849e+00
2.959431081363731231e+00
2.963380046015477998e+00
3.011495503032838528e+00
3.031742313323572358e+00
2.978870529177996218e+00
2.944413302656347931e+00
2.968270236352227531e+00
2.952160635850240578e+00
2.891018615352436871e+00
2.867040368123823679e+00
2.883120686048943782e+00
2.888312068604894201e+00
2.942543400962141842e+00
2.938146831206860377e+00
2.950968416649236481e+00
2.983827651119012714e+00
3.014808617444049155e+00
3.042760928676009335e+00
3.085743568291152261e+00
3.128981384647563146e+00
3.196691068814055736e+00
3.171282158544237451e+00
3.145664087011085464e+00
3.121560343024472051e+00
3.120723697971135913e+00
3.145090985149550100e+00
3.139334867182597577e+00
3.133582932440912128e+00
3.127069650700690318e+00
3.061096005019870336e+00
3.079376699435264708e+00
3.006408701108554737e+00
2.999615143275465190e+00
3.019058774314996807e+00
3.006521648190755069e+00
3.007186781008157173e+00
3.043978247228613210e+00
3.019464547165864765e+00
3.021936833298473069e+00
2.967860280276092944e+00
2.900117130307466873e+00
2.913988705291779890e+00
2.826697343651955574e+00
2.821016523739803272e+00
2.855155825141183712e+00
2.879895419368332821e+00
2.848855887889562677e+00
2.820911943108136199e+00
2.863911315624346532e+00
2.812587324827442004e+00
2.801476678519138286e+00
2.790980966325036672e+00
2.841593808826605283e+00
2.782740012549675956e+00
2.829742731646099241e+00
2.821142020497803937e+00
2.801137837272537290e+00
2.790094122568500534e+00
2.664982221292616416e+00
2.708437565362894706e+00
2.796456808199121458e+00
2.790286550930767717e+00
2.783208533779544247e+00
2.839230286550930682e+00
2.852821585442375962e+00
2.824400752980547935e+00
2.822848776406609694e+00
2.800112947082200598e+00
2.796498640451788198e+00
2.720669316042668928e+00
2.720953775360803295e+00
2.704505333612214901e+00
2.725295963187617687e+00
2.719117339468730243e+00
2.669316042668897548e+00
2.701225685003137311e+00
2.702208742940807262e+00
2.769567036184898523e+00
2.793930140138046525e+00
2.809868228404099444e+00
2.878619535661995243e+00
2.850470612842501694e+00
2.825588788956285402e+00
2.850771805061702580e+00
2.922773478351809118e+00
2.886584396569755295e+00
2.845392177368751163e+00
2.774427943944781205e+00
2.795724743777452392e+00
2.824078644635013458e+00
2.842037230704873352e+00
2.835160008366450324e+00
2.804425852332148139e+00
2.818736665969462596e+00
2.839962350972599747e+00
2.803982430453880070e+00
2.763296381510144339e+00
2.793884124660113155e+00
2.866408701108554613e+00
2.881610541727671837e+00
2.821639824304538635e+00
2.789454089102698209e+00
2.842593599665342197e+00
2.777427316460991502e+00
2.758891445304329615e+00
2.760322108345534264e+00
2.806082409537753453e+00
2.788784773060029476e+00
2.739682074879732365e+00
2.787814264798159414e+00
2.785513490901485145e+00
2.811855260405772938e+00
2.785940179878686251e+00
2.841455762392804729e+00
2.864141393014013826e+00
2.826366868855887837e+00
2.785099351600083484e+00
2.816640870110855399e+00
2.693566199539845218e+00
2.758243045387994030e+00
2.740451788328801541e+00
2.785308512863417629e+00
2.795452834135118358e+00
2.777724325454925758e+00
2.768261869901694094e+00
2.710805270863835936e+00
2.718908178205396542e+00
2.731323990796904244e+00
2.761510144321271731e+00
2.729692532942899152e+00
2.655360803179251050e+00
2.667375026145157868e+00
2.643338213762810973e+00
2.602593599665341983e+00
2.613562016314578518e+00
2.591570801087638376e+00
2.604375653628947962e+00
2.614218782681447362e+00
2.669579585860698767e+00
2.620895210207069503e+00
2.645329428989751097e+00
2.586760092030955693e+00
2.598410374398661293e+00
2.664601547793348679e+00
2.621744404936205974e+00
2.656540472704455258e+00
2.733578749215645143e+00
2.658966743359129747e+00
2.672938715749843208e+00
2.639171721397197246e+00
2.656385693369587742e+00
2.685781217318552461e+00
2.575021961932649983e+00
2.563693787910478861e+00
2.535779125705919235e+00
2.602091612633340212e+00
2.593231541518510763e+00
2.587157498431290392e+00
2.505990378581886446e+00
2.545421459945618192e+00
2.494737502614515989e+00
2.522233842292407324e+00
2.514189500104580421e+00
2.505258314160217381e+00
2.516201631457854138e+00
2.571206860489437140e+00
2.638096632503660111e+00
2.610880568918636069e+00
2.613348671825977743e+00
2.627199330683957168e+00
2.595001045806316853e+00
2.610596109600502146e+00
2.577343651955657844e+00
2.563162518301610682e+00
2.539221920100397600e+00
2.543781635641079397e+00
2.474812800669316193e+00
2.490955866973436628e+00
2.358945827232796333e+00
2.353511817611378287e+00
2.373758627902112561e+00
2.409102698180296986e+00
2.398577703409328521e+00
2.406613679146622164e+00
2.434302447186781126e+00
2.491482953357038177e+00
2.479318134281530916e+00
2.503016105417276815e+00
2.496916962978456223e+00
2.492549675800042053e+00
2.502363522275674601e+00
2.460564735411002069e+00
2.418067349926793508e+00
2.377473331938924961e+00
2.438330893118594300e+00
2.416988077807989743e+00
2.412595691277975352e+00
2.403099769922610207e+00
2.372453461618908133e+00
2.340702781844802516e+00
2.396155615979920661e+00
2.354202049780380612e+00
2.345973645680819786e+00
2.325680819912152142e+00
2.331215226939970631e+00
2.380999790838736807e+00
2.311072997280903429e+00
2.366366868855887873e+00
2.388266053126960831e+00
2.394340096214181202e+00
2.346935787492156589e+00
2.362572683539008622e+00
2.392855051244509479e+00
2.317055009412257061e+00
2.323204350554277209e+00
2.301451579167538064e+00
2.266504915289688338e+00
2.244630830370215602e+00
2.241861535243673043e+00
2.238849613051662857e+00
2.178017151223593295e+00
2.163434427943944804e+00
2.232733737711775746e+00
2.224990587743150172e+00
2.165480025099351558e+00
2.188684375653628944e+00
2.194356829115247987e+00
2.221777870738339100e+00
2.143279648609077714e+00
2.153277556996444186e+00
2.211432754653837929e+00
2.191905459108972831e+00
2.159970717423133291e+00
2.164852541309349565e+00
2.186078226312486716e+00
2.152951265425643079e+00
2.138598619535661882e+00
2.113741895001045812e+00
2.025940179878686465e+00
2.041514327546538166e+00
2.094093285923447123e+00
2.135088893536916999e+00
2.056465174649654948e+00
2.081225685003137205e+00
2.080568918636268361e+00
2.115574147667851790e+00
2.119870320016732812e+00
2.087199330683957132e+00
2.068261869901694361e+00
2.061221501777870557e+00
2.071813428153105985e+00
2.078339259569127684e+00
2.043062120895210221e+00
2.019008575611796807e+00
2.027554904831625038e+00
1.990127588370633749e+00
2.082656348044342298e+00
2.041305166283204464e+00
2.004045178832880136e+00
2.034591089730181768e+00
1.975515582514118407e+00
2.030303283831834449e+00
2.001551976573938685e+00
2.045480025099351451e+00
2.078606985986195532e+00
2.112842501568709341e+00
2.173177159590043761e+00
2.213963605940179935e+00
2.254126751725580302e+00
2.241966115875339671e+00
2.300405772850868225e+00
2.323735620163145832e+00
2.305484208324618312e+00
2.271713030746705719e+00
2.348981384647563342e+00
2.331905459108972956e+00
2.324814892281949597e+00
2.383208533779543892e+00
2.351738130098306012e+00
2.324940389039949817e+00
2.408600711148295215e+00
2.407810081572892891e+00
2.439891236143066244e+00
2.423413511817611443e+00
2.420865927630202918e+00
2.435992470194519921e+00
2.452683539008575497e+00
2.450700690232169077e+00
2.427366659694624396e+00
2.450721606358502225e+00
2.432959631876176587e+00
