9.933502614515791151e+01
9.939682074879732454e+01
9.934783518092449128e+01
9.934143066304120850e+01
9.922509516837482124e+01
9.895417276720351651e+01
9.888716586488182259e+01
9.893273792093704344e+01
9.887811754862998725e+01
9.888816147249529820e+01
9.874887680401589307e+01
9.875813428153105633e+01
9.880970089939343382e+01
9.886115038694833856e+01
9.886236770550094377e+01
9.881233633131144245e+01
9.868534197866554791e+01
9.859769922610333026e+01
9.862747124032628676e+01
9.861535661995398527e+01
9.874438820330475153e+01
9.878468939552395511e+01
9.870163145785400616e+01
9.882212089521020459e+01
9.885400543819284280e+01
9.879492993097677811e+01
9.877433591298891713e+01
9.872970926584396523e+01
9.876358084082828270e+01
9.875250784354737732e+01
9.880790211252876531e+01
9.876773896674336584e+01
9.875155406818657866e+01
9.883367078017151641e+01
9.880100397406400248e+01
9.882688558878895435e+01
9.873062957540263085e+01
9.872074879732274155e+01
9.860670989332776060e+01
9.865724743777452943e+01
9.846115457017360484e+01
9.847062539217736798e+01
9.848585651537335650e+01
9.848499895419368499e+01
9.854332984731227896e+01
9.861374189500104137e+01
9.862399916335495220e+01
9.862302447186780796e+01
9.863233214808617788e+01
9.856443003555742166e+01
9.854286550930767419e+01
9.852520393223174722e+01
9.853149131980757147e+01
9.859362476469357262e+01
9.860320853377955075e+01
9.858732901066721865e+01
9.864756327128215219e+01
9.853515164191591680e+01
9.850920727881197081e+01
9.846504078644635172e+01
9.854188663459527220e+01
9.832485672453461234e+01
9.824888935369169474e+01
9.829397197239070749e+01
9.838365613888308303e+01
9.837628529596318572e+01
9.838799832670989076e+01
9.835907550721606185e+01
9.839232796486091104e+01
9.843392177368751561e+01
9.839060029282576636e+01
9.841454089102698788e+01
9.842920727881195830e+01
9.820108345534407590e+01
9.811513909224011343e+01
9.810291570801088312e+01
9.805851495503033277e+01
9.799925538590252927e+01
9.806723697971135323e+01
9.815512235933904606e+01
9.824445931813427535e+01
9.837982430453880056e+01
9.837915080527086786e+01
9.857119431081363814e+01
9.859186362685630911e+01
9.863527295544865581e+01
9.865521857352018742e+01
9.865199330683957157e+01
9.868182806944153640e+01
9.878686885588788869e+01
9.889434846266470913e+01
9.894426270654675193e+01
9.895474586906505010e+01
9.897000209161262774e+01
9.890089521020706798e+01
9.901720142229659416e+01
9.877354110018823974e+01
9.841111901275883156e+01
9.847493411420204268e+01
9.835480861744404990e+01
9.818313323572473905e+01
9.818397406400335115e+01
9.822320853377954109e+01
9.831157498431291231e+01
9.849623928048525556e+01
9.856958795231123815e+01
9.869763229449905850e+01
9.867264588998116892e+01
9.867204350554277426e+01
9.871825977828906673e+01
9.863098933277557023e+01
9.857894582723280053e+01
9.868786028027609802e+01
9.864503660322108658e+01
9.864578958376908702e+01
9.859183852750470578e+01
9.863245764484418032e+01
9.857024053545283948e+01
9.855979920518720405e+01
9.852979293034930208e+01
9.887577494248064625e+01
9.882039322317507413e+01
9.898157289270027093e+01
9.913679146622045835e+01
9.917754862999372278e+01
9.930266471449488108e+01
9.938215854423761186e+01
9.921075088893536531e+01
9.931126960886844302e+01
9.942725789583768403e+01
9.948661367914662890e+01
9.949928466847940456e+01
9.941338632085337679e+01
9.939982012131353883e+01
9.933200585651538006e+01
9.932836645053336611e+01
9.931948964651746792e+01
9.925866973436519913e+01
9.904893955239489856e+01
9.912678100815729465e+01
9.908133863208533398e+01
9.900239698807780542e+01
9.910994352645890615e+01
9.927462455553231280e+01
9.938460573101860973e+01
9.952901066722442636e+01
9.960951683748169216e+01
9.956620790629575879e+01
9.955761137837272656e+01
9.945131144112110633e+01
9.942656348044341996e+01
9.939717213971972853e+01
9.925694624555532641e+01
9.921531060447604489e+01
9.916144739594227531e+01
9.904870947500522504e+01
9.905566199539845229e+01
9.915912988914452342e+01
9.910565572056054862e+01
9.911495503032838883e+01
9.911158753398871113e+01
9.909376699435264868e+01
9.903457017360385350e+01
9.911159590043924084e+01
9.915062957540263255e+01
9.915533570382764594e+01
9.907421878268144155e+01
9.907985777034093644e+01
9.913531060447604659e+01
9.906498222129260967e+01
9.911283413511817741e+01
9.904461828069442220e+01
9.896686048943735159e+01
9.896718678100815225e+01
9.895952311231960152e+01
9.896194101652373831e+01
9.896885588788956056e+01
9.898179042041414277e+01
9.899905877431500301e+01
9.902467266262287637e+01
9.913308512863417832e+01
9.901268772223384929e+01
9.896245137000627778e+01
9.896310395314787911e+01
9.897749843129052749e+01
9.900097050826187228e+01
9.889065885797950273e+01
9.884040158962559985e+01
9.877930558460573707e+01
9.868804015896256487e+01
9.868409956076135359e+01
9.874002091612634047e+01
9.871412256850031497e+01
9.867756117966952445e+01
9.872366450533361615e+01
9.872337586279020627e+01
9.875234051453671213e+01
9.884139719723907547e+01
9.881864045178832612e+01
9.881808408282786615e+01
9.885408073624765279e+01
9.879408910269818023e+01
9.879174231332356726e+01
9.893924701945199729e+01
9.894089102698180227e+01
9.898848358084082122e+01
9.884925747751516667e+01
9.890363940598200543e+01
9.866782263124869701e+01
9.863944781426479835e+01
9.873007738966742863e+01
9.873210625392177064e+01
9.850167329010666606e+01
9.875629784563898284e+01
9.861897510980966786e+01
9.860306212089521694e+01
9.888979293034930151e+01
9.884376490274000560e+01
9.880157707592553606e+01
9.887995816774733271e+01
9.891242417904204842e+01
9.879835599247019218e+01
9.884428362267307477e+01
9.887019033674962998e+01
9.886987659485463098e+01
9.887635641079272375e+01
9.887715959004393085e+01
9.895489646517465587e+01
9.889287178414556934e+01
9.909664923656139024e+01
9.913913825559505710e+01
9.907019033674963282e+01
9.898963396778916035e+01
9.902600711148295431e+01
9.886163564107927471e+01
9.882193265007320804e+01
9.890042250575193350e+01
9.890210834553440122e+01
9.882791884542982075e+01
9.884858397824723397e+01
9.894166074043087633e+01
9.886066513281740242e+01
9.898334658021335031e+01
9.891500104580632069e+01
9.892682702363522651e+01
9.900827023635223156e+01
9.897679983267099146e+01
9.898573101861535406e+01
9.896133444886007169e+01
9.898644635013594950e+01
9.896598201213134871e+01
9.894750470612842719e+01
9.902078226312487175e+01
9.901410583559925271e+01
9.893142857142856883e+01
9.884399079690440715e+01
9.891365404727044108e+01
9.891964442585232575e+01
9.883817193055845962e+01
9.881152896883497760e+01
9.879628529596318742e+01
9.865306839573311493e+01
9.861478770131770943e+01
9.861846893955240034e+01
9.863303911315624362e+01
9.856629575402635624e+01
9.855033674963397061e+01
9.847135745659903705e+01
9.849708429198912540e+01
9.862219201003973978e+01
9.864815310604475940e+01
9.864784773060029011e+01
9.876247646935787827e+01
9.881418113365404565e+01
9.881029491738129877e+01
9.885771177577912283e+01
9.888761346998535373e+01
9.891915498849613186e+01
9.880530432963814746e+01
9.871325664087011376e+01
9.862135954821167161e+01
9.859336958795230998e+01
9.864647563271282138e+01
9.859435264588998393e+01
9.856875130725789802e+01
9.865947709684166966e+01
9.863430663041204127e+01
9.867058355992470808e+01
9.854812382346788979e+01
9.853181761137837213e+01
9.855343233633131206e+01
9.863674126751725169e+01
9.853116084501149885e+01
9.841659067140766126e+01
9.851720978874712387e+01
9.845713449069232581e+01
9.839493829742731634e+01
9.842847103116503149e+01
9.839376281112737388e+01
9.847538171930558804e+01
9.872261869901694809e+01
9.870210416230914063e+01
9.878248065258314625e+01
9.889495921355364771e+01
9.891355783308931393e+01
9.875354528341351568e+01
9.871270863836016929e+01
9.867917172139719639e+01
9.871648609077598735e+01
9.870921146203723140e+01
9.865386320853377811e+01
9.870410374398660736e+01
9.863603011922191399e+01
9.863294708220037421e+01
9.867492574775151581e+01
9.858508680192427676e+01
9.859800878477305730e+01
9.863572474377745891e+01
9.852052290315833716e+01
9.842404099560761210e+01
9.858831206860489260e+01
9.850892700271909064e+01
9.858783936414975813e+01
9.851513072578958941e+01
9.852498222129261762e+01
9.849210207069650380e+01
9.858842083246182142e+01
9.853836017569545902e+01
9.865218991842711205e+01
9.868362267308094715e+01
9.862527086383602182e+01
9.860875130725789006e+01
9.868181970299100669e+01
9.856992679355782627e+01
9.850297008993933900e+01
9.855396778916544065e+01
9.854115875339887509e+01
9.853482953357038809e+01
9.852597364568082128e+01
9.856809454089102474e+01
9.859727672035138824e+01
9.854454298263961221e+01
9.859176741267516775e+01
9.860423760719514519e+01
9.855500104580632126e+01
9.864286132608241076e+01
9.859986613679146217e+01
9.861955239489645919e+01
9.865449905877432002e+01
9.863010248901903765e+01
9.856285295963188275e+01
9.858574775151642200e+01
9.862477724325455597e+01
9.857482116711985043e+01
9.858694833716795358e+01
9.858594854632922022e+01
9.843610541727672114e+01
9.843974482325873510e+01
9.838184480234261287e+01
9.844867182597782573e+01
9.874476887680401660e+01
9.839467057101025205e+01
9.831346998535870796e+01
9.837710520811545223e+01
9.835167119849404571e+01
9.838918636268563489e+01
9.841094331729763667e+01
9.846834135118176334e+01
9.842451788328801854e+01
9.849422296590671522e+01
9.848557623928049054e+01
9.851140347207697801e+01
9.854470194519974768e+01
9.845287178414557161e+01
9.838647981593808822e+01
9.826671407655302914e+01
9.827706337586279517e+01
9.811926375235306352e+01
9.801588370633758984e+01
9.802886843756536450e+01
9.804671825977828803e+01
9.806478979293035536e+01
9.808534197866555360e+01
9.813499686258104759e+01
9.811639405982012363e+01
9.812888935369169019e+01
9.816201213135327919e+01
9.820378163564107865e+01
9.819481280066931106e+01
9.833582095795858891e+01
9.834182806944153299e+01
9.833184689395524458e+01
9.819794185316879975e+01
9.816881405563690066e+01
9.810081154570173112e+01
9.813174649654884263e+01
9.811869065049152994e+01
9.801320644216690425e+01
9.807620999790839278e+01
9.823372097887471455e+01
9.815562434637105582e+01
9.808248483580841537e+01
9.808126751725581016e+01
9.812704455134908699e+01
9.814653838109181549e+01
9.809746078226312704e+01
9.804463083037020965e+01
9.807257059192637882e+01
9.808662204559715292e+01
9.816526249738548415e+01
9.806805689186363395e+01
9.801719305584605024e+01
9.801918008784772951e+01
9.794312486927421446e+01
9.788415394268982084e+01
9.764464338004601984e+01
9.763915080527085877e+01
9.770434637105208253e+01
9.767370842919891061e+01
9.770758000418322808e+01
9.796163982430454098e+01
9.774053126960886573e+01
9.779598828696924784e+01
9.782512863417694859e+01
9.781629784563898511e+01
9.785890399498012471e+01
9.775408491947291623e+01
9.773755699644425476e+01
9.774820748797323233e+01
9.768568081991215024e+01
9.766043087220246832e+01
9.770489437356201279e+01
9.760322526668061016e+01
9.754470194519974768e+01
9.762469357874921627e+01
9.762586488182388678e+01
9.761991215226939289e+01
9.774327964860907514e+01
9.773173394687303528e+01
9.777022380255176870e+01
9.774527504706128411e+01
9.780153942689814528e+01
9.780855469567036664e+01
9.784293244091193742e+01
9.776182388621627695e+01
9.776879313951056361e+01
9.774601966115875484e+01
9.770888517046643074e+01
9.768529177996235546e+01
9.767410165237397734e+01
9.775352855051244205e+01
9.768281531060448231e+01
9.766831625183016286e+01
9.768904413302657019e+01
9.774864254340096181e+01
9.785481698389457961e+01
9.781159171721397172e+01
9.780800250993516443e+01
9.772656766366868908e+01
9.772098724116293056e+01
9.777267098933278078e+01
9.770017987868646969e+01
9.760846684793976635e+01
9.771132817402217086e+01
9.750830788537962235e+01
9.756239698807780769e+01
9.769938924911106426e+01
9.763069232378163065e+01
9.779938088266052887e+01
9.784389039949800804e+01
9.771290943317298172e+01
9.781011085546955997e+01
9.771300983057938083e+01
9.767273792093703833e+01
9.773760719514746143e+01
9.776863836017570009e+01
9.780460573101861144e+01
9.778439656975528749e+01
9.779773269190546614e+01
9.776678100815729522e+01
9.794768876804016600e+01
9.790793976155616463e+01
9.779909642334239095e+01
9.779594227149131314e+01
9.787976155615979224e+01
9.795475841874085177e+01
9.790512863417694689e+01
9.791080527086383256e+01
9.788775151641915784e+01
9.796324618280694096e+01
9.797405563689603980e+01
9.801788328801505656e+01
9.803156661786236725e+01
9.798814055636896114e+01
9.797350763438610954e+01
9.796819912152268728e+01
9.787195147458690769e+01
9.789253294289898122e+01
9.780730809454088615e+01
9.779837272537126580e+01
9.790688558878895265e+01
9.789587115666178363e+01
9.780563898765949205e+01
9.785803806734992349e+01
9.788942480652583811e+01
9.786490692323781104e+01
9.790949173813010020e+01
9.789672871784145514e+01
9.783120686048943071e+01
9.781420204978037702e+01
9.782585651537335991e+01
9.778794812800668979e+01
9.782974273164609258e+01
9.783531060447604943e+01
9.777682911524784970e+01
9.771254130934950410e+01
9.770365613888307621e+01
9.774493202258940983e+01
9.778972599874502691e+01
9.771715959004392005e+01
9.778777243254549489e+01
9.785386320853378095e+01
9.790676009203095020e+01
9.793032001673290665e+01
9.784453879941435162e+01
9.788109600501987018e+01
9.788364777243253911e+01
9.781952729554485870e+01
9.773551558251412530e+01
9.782564317088474581e+01
9.780745032419996221e+01
9.787054172767203397e+01
9.793638569336958710e+01
9.783981593808826460e+01
9.777277556996443764e+01
9.775880778079898903e+01
9.780851704664296165e+01
9.764665551139928823e+01
9.757037439866137163e+01
9.760941644007529305e+01
9.754294917381301389e+01
9.755173394687304267e+01
9.761418113365404281e+01
9.768978038067349701e+01
9.765693787910478818e+01
9.768461828069440855e+01
9.768428780589835014e+01
9.762625810499895351e+01
9.767319389249111339e+01
9.769288015059611041e+01
9.766962978456389521e+01
9.772123405145367769e+01
9.776111692114619700e+01
9.776984312905250363e+01
9.776731646099142381e+01
9.782120058565153897e+01
9.773212717004810202e+01
9.769502196193265320e+01
9.788477306002928913e+01
9.774675172558042391e+01
9.780066094959214240e+01
9.775139510562644318e+01
9.763746496548839104e+01
9.783900020916127005e+01
9.776829533570382580e+01
9.769846475632712668e+01
9.778962978456389976e+01
9.772437147040368188e+01
9.748878895628529051e+01
9.783266680610751109e+01
9.797317715959003692e+01
9.689691277975319394e+01
9.812300773896674855e+01
9.781294289897510907e+01
9.711516419159171676e+01
9.776510353482535720e+01
9.781416858397824399e+01
9.718098724116293852e+01
9.746974273164609315e+01
9.766739594227149723e+01
9.734175277138673721e+01
9.738454298263961562e+01
9.765856515373353375e+01
9.757498849613051561e+01
9.738437565362895043e+01
9.762958376908596847e+01
9.753803806734993032e+01
9.720875967370842829e+01
9.748422087429408123e+01
9.742718678100816021e+01
9.725670361848985124e+01
9.722828278602803209e+01
9.713968207487972961e+01
9.703933905040786101e+01
9.703236561388830239e+01
9.702463919682074334e+01
9.700441748588161772e+01
9.699325245764484293e+01
9.707477515164191573e+01
9.705611378372725540e+01
9.700247228613260120e+01
9.699478351809244714e+01
9.695847730600293346e+01
9.696264379836854630e+01
9.702833298473122170e+01
9.706308722024681401e+01
9.701269608868437899e+01
9.707987032001673811e+01
9.707925956912779952e+01
9.712418322526667680e+01
9.718360175695461578e+01
9.725499686258105214e+01
9.726694833716796040e+01
9.741694624555532300e+01
9.747774942480653237e+01
9.737547375026144891e+01
9.725068395733110549e+01
9.713920100397406543e+01
9.712656348044342280e+01
9.716337167956494625e+01
9.707699226103325429e+01
9.704378163564108206e+01
9.717421459945617812e+01
9.723930558460573081e+01
9.726555950637941805e+01
9.717335285505124887e+01
9.715865300146413119e+01
9.711853587115666642e+01
9.703321480861744419e+01
9.708013386320853044e+01
9.707985358711566448e+01
9.716401589625601787e+01
9.719284250156870542e+01
9.728258941644007507e+01
9.726886425434010164e+01
9.733771595900439877e+01
9.727918008784773463e+01
9.727592972181551545e+01
9.739623509725998929e+01
9.741496339677891569e+01
9.734683539008575792e+01
9.745090566827023792e+01
9.744789374607822197e+01
9.737104371470404374e+01
9.739874084919472352e+01
9.740673080945408913e+01
9.747252457644843560e+01
9.746471449487555105e+01
9.746505751934741113e+01
9.747853168793139389e+01
9.754547165864882174e+01
9.757780798996026306e+01
9.747387994143484491e+01
9.745851913825559620e+01
9.749657393850658593e+01
9.747188035975737819e+01
9.745322735829324756e+01
9.742380673499268084e+01
9.740808617444049844e+01
9.739800460154779671e+01
9.760043923865299575e+01
9.744307048734575005e+01
9.743597155406818899e+01
9.751590043923864926e+01
9.755195984103744422e+01
9.755522693997072281e+01
9.758865090985149493e+01
9.759824722861326052e+01
9.761691696297845056e+01
9.761770759255385599e+01
9.771862790211253014e+01
9.768859234469776709e+01
9.775967789165446220e+01
9.784448441748588721e+01
9.775846893955240091e+01
9.778058565153733639e+01
9.776791047897928877e+01
9.777435264588997654e+01
9.783171721397197018e+01
9.790396569755282030e+01
9.788292407446141397e+01
9.796970508261870236e+01
9.805847730600292778e+01
9.814111692114620666e+01
9.811852332148086475e+01
9.810310395314787968e+01
9.805460782263125452e+01
9.803813428153105747e+01
9.807752353064212514e+01
9.806218782681447976e+01
9.807967370842919763e+01
9.810987241162936812e+01
9.807928048525413089e+01
9.808129679983267124e+01
9.810174440493621262e+01
9.815170466429617591e+01
9.812798996025935594e+01
9.821380882660531597e+01
9.819141602175277228e+01
9.814240117130307794e+01
9.814100815728926364e+01
9.812892281949382323e+01
9.811914662204559079e+01
9.805314787701317414e+01
9.810010876385693734e+01
9.803628947918845427e+01
9.799238653001464172e+01
9.798425434009621426e+01
9.800751725580423113e+01
9.800726626228822624e+01
9.800453879941434820e+01
9.793425643170884598e+01
9.787869065049153505e+01
9.782381091821794428e+01
9.792186153524367853e+01
9.791107718050616882e+01
9.787006902321689950e+01
9.799345325245764116e+01
9.792388621627274858e+01
9.795471658648818902e+01
9.826610750888934831e+01
9.821023216900229613e+01
9.817975737293453165e+01
9.814051035348254004e+01
9.816399498012968650e+01
9.819835180924492590e+01
9.824661367914661980e+01
9.813235306421250925e+01
9.809740640033466264e+01
9.817928885170466913e+01
9.812688140556369376e+01
9.824546329219828067e+01
9.825846057310185699e+01
9.819918008784773633e+01
9.816683957331102306e+01
9.811942689813847096e+01
9.810961305166283353e+01
9.821639405982011795e+01
9.799921773687512427e+01
9.798642125078436038e+01
9.798955448650909261e+01
9.785042041413930747e+01
9.784415812591508654e+01
9.786804434218782944e+01
9.794877222338422484e+01
9.800682284040995285e+01
9.804400752980548361e+01
9.804116711984940480e+01
9.805547375026145573e+01
9.799611378372725312e+01
9.806870529177996332e+01
9.802387784982221319e+01
9.798785191382556548e+01
9.801056264379836591e+01
9.803045806316670507e+01
9.795762392804851970e+01
9.793275465383810285e+01
9.793090985149549965e+01
9.788783099769922558e+01
9.787192219201004661e+01
9.781570801087639211e+01
9.792863836017569668e+01
9.792281531060447719e+01
9.786551767412674963e+01
9.786374816983894220e+01
9.781082618699016962e+01
9.786894791884543565e+01
9.788908596527923578e+01
9.789132817402217768e+01
9.788434637105207514e+01
9.792467684584815402e+01
9.782043087220246491e+01
9.782804015896256544e+01
9.788433800460154544e+01
9.792848358084083316e+01
9.789778707383392486e+01
9.787763229449906532e+01
9.775852750470612307e+01
9.771719305584605308e+01
9.783324827441957439e+01
9.806263961514326866e+01
9.786194519974900174e+01
9.790532942898974511e+01
9.798158544237607259e+01
9.797960677682493724e+01
9.797351181761138150e+01
9.796161890817820961e+01
9.798190755072160130e+01
9.797314787701317584e+01
9.799722652164818726e+01
9.800063166701526995e+01
9.810401171303074364e+01
9.808323781635641581e+01
9.813972390713239236e+01
9.817882033047479240e+01
9.816872202468103126e+01
9.814985986195357270e+01
9.810405772850867834e+01
9.815040786446350296e+01
9.823593390504078116e+01
9.815743568291152599e+01
9.813241162936624562e+01
9.818795649445722518e+01
9.811746496548839502e+01
9.790348044342188416e+01
9.784506170257267854e+01
9.768933277556996586e+01
9.764732482744196318e+01
9.771021961932649447e+01
9.777671616816564892e+01
9.784695670361848840e+01
9.793862371888725704e+01
9.797552813218992185e+01
9.802950847103116416e+01
9.804368542145994070e+01
9.806322944990587587e+01
9.805341560343023843e+01
9.809517674126752240e+01
9.800975946454715881e+01
9.799722652164818726e+01
9.807357874921564189e+01
9.793992888517045969e+01
9.788133863208533114e+01
9.789234888098724241e+01
9.788993934323363533e+01
9.781347835180925188e+01
9.782039322317507413e+01
9.788768458481489176e+01
9.801703827651118672e+01
9.803507216063584906e+01
9.802641288433382272e+01
9.807793348671826550e+01
9.817662832043505716e+01
9.817618489855678376e+01
9.815226103325663587e+01
9.819702572683539188e+01
9.817613888307884906e+01
9.812779334867182968e+01
9.823234469776197386e+01
9.805425643170885053e+01
9.827775360803178728e+01
9.821778707383393225e+01
9.807711357456598478e+01
9.813708429198912597e+01
9.825370424597365115e+01
9.816757163773269212e+01
9.824993097678310505e+01
9.825246601129471458e+01
9.815988286969253807e+01
9.811596737084292386e+01
9.809665341978666220e+01
9.811004392386530526e+01
9.812075716377326273e+01
9.810346371052081338e+01
9.811603430244718993e+01
9.788326709893327404e+01
9.786471867810081449e+01
9.783068395733110378e+01
9.771941434846266361e+01
9.782202468102907744e+01
9.783702154361012049e+01
9.767486299937252170e+01
9.774571428571428555e+01
9.774195774942481307e+01
9.775241581259150792e+01
9.774508261869901560e+01
9.779916753817192898e+01
9.799976573938506874e+01
9.801287596737084584e+01
9.800467684584815231e+01
9.796544655929722012e+01
9.800132608240953402e+01
9.802743777452415941e+01
9.811141602175277399e+01
9.813980338841246009e+01
9.828929930976782714e+01
9.825152896883497533e+01
9.825166283204350748e+01
9.817323154151850417e+01
9.820586069859861311e+01
9.827198912361430416e+01
9.825564944572265347e+01
9.829117757791257759e+01
9.818971344906923093e+01
9.820657603011922276e+01
9.825685839782472897e+01
9.828459318134281375e+01
9.816729554486508391e+01
9.819184271072997205e+01
9.823564526249738549e+01
9.817431499686257723e+01
9.812185316879313746e+01
9.812495712194102282e+01
