1.235255157595908981e+00
8.836940247720158348e-02
9.143066168893036749e-02
7.889517587353438166e-02
6.079862528923370146e-02
4.967406521612319908e-02
3.612261564486962673e-02
2.990895214762099089e-02
2.563728635594703445e-02
2.869368449707363627e-02
2.872771199128896016e-02
2.879212117676797217e-02
2.851382488479262817e-02
3.117283050419024371e-02
3.186917886795388039e-02
3.037926072838281755e-02
2.967319022341480608e-02
2.957839934667210943e-02
3.139765501954150384e-02
3.149123062863364714e-02
3.067578603511637511e-02
2.884316241809095974e-02
3.016294308658538925e-02
2.932683894300880736e-02
2.861469209978805689e-02
3.144505045791284870e-02
3.276847692935892092e-02
3.031363627525326260e-02
3.195181706819109901e-02
3.269677613797662696e-02
3.242212564895292221e-02
3.183879717669019227e-02
3.061745318789010212e-02
3.029540726049505250e-02
3.246587528437262782e-02
3.132473896050866347e-02
3.299330144471018106e-02
3.318895953644830643e-02
3.243913939606058588e-02
3.237108440762993811e-02
3.488911897956405855e-02
3.599744307686324890e-02
3.025530342802698960e-02
3.304191215073207927e-02
3.412593089502032051e-02
3.247924322852865225e-02
3.383791246184059825e-02
3.508477707130218393e-02
3.265667230550856753e-02
3.409919500670827858e-02
3.424259658947286650e-02
3.274903264695016442e-02
3.247802796087810584e-02
2.953586497890295370e-02
3.658441735207762502e-02
3.324607711602403648e-02
3.211587820101498986e-02
3.311482820976491964e-02
3.212438507456882170e-02
3.348670011083240694e-02
3.728319625114235453e-02
3.203810107137996382e-02
3.155199401116101643e-02
3.406395224484240480e-02
3.376499640280775094e-02
2.937788018433179840e-02
2.987735518870675983e-02
3.508599233895273034e-02
3.199435143596025821e-02
3.252542339924945070e-02
3.081675708257986673e-02
3.172213148223764628e-02
3.339798557234244930e-02
3.058585622897587106e-02
3.144383519026230228e-02
3.374190631744735519e-02
2.982145287678158313e-02
3.027839351338738882e-02
3.245979894611989575e-02
3.220945381010714009e-02
3.067092496451418598e-02
3.265059596725582852e-02
3.436290808687705173e-02
3.396794610044916174e-02
3.087752046510723603e-02
3.184851931789457052e-02
3.037196912247953559e-02
3.040599661669485948e-02
3.042301036380252316e-02
3.246344474907153499e-02
3.193480332108343533e-02
3.213167668047210712e-02
3.280250442357424828e-02
3.330076416029866676e-02
3.190199109451865439e-02
3.152768865815007426e-02
2.921746485445954680e-02
3.156779249061813369e-02
3.296413502109704630e-02
3.412714616267086692e-02
3.212681560986991453e-02
3.308809232145287771e-02
3.224955764257519952e-02
3.487818157070913389e-02
3.132838476346030271e-02
3.106710221859262239e-02
3.205268428318652774e-02
3.253757607575492178e-02
3.213532248342374636e-02
3.229938361624764415e-02
3.447106690777576588e-02
3.170268719982888977e-02
3.155320927881156284e-02
3.455613564331408427e-02
3.510786715666258662e-02
3.236257753407610627e-02
3.128341986039005068e-02
3.190320636216920080e-02
3.230059888389819056e-02
3.417940267164440438e-02
3.804759960333663898e-02
3.373096890859243052e-02
3.190685216512084699e-02
3.365319177895739755e-02
2.772754671488848743e-02
3.138671761068657917e-02
3.540439246339614071e-02
3.344051994011160850e-02
3.439936611639347191e-02
2.874958680899881297e-02
3.261413793773940833e-02
3.477609908806315181e-02
3.313184195687258332e-02
3.399832779171284985e-02
3.511515876256586510e-02
3.222525228956425042e-02
2.958447568492484844e-02
3.696236559139785133e-02
3.291917011802679427e-02
3.719569698030294330e-02
2.910930603356083265e-02
3.416968053044002612e-02
3.215598203348305623e-02
3.311725874506601247e-02
3.230910575745202240e-02
3.263844329075035744e-02
2.917493048669038760e-02
3.267976239086896328e-02
3.320475801590542370e-02
3.545786424002022458e-02
3.484901514709599912e-02
3.781548348208209342e-02
3.381117657352855632e-02
3.248653483443193768e-02
3.452696921970094951e-02
3.311118240681327346e-02
3.581758346458224079e-02
3.444068521651208470e-02
3.452332341674930333e-02
3.558911314627933448e-02
3.277576853526220635e-02
3.458651733457776545e-02
3.408461179490170773e-02
3.433617219856500979e-02
3.424138132182232008e-02
3.184122771199129204e-02
3.200042777421299028e-02
3.286326780610161757e-02
3.810107137996072285e-02
3.503009002702755365e-02
3.453790662855587418e-02
3.696358085904839774e-02
3.378930175581870005e-02
3.555630091971456047e-02
3.825784090688132827e-02
3.668771510237414657e-02
3.444068521651208470e-02
3.473842579089618521e-02
3.304555795368371851e-02
3.192022010927686448e-02
4.255867312216842641e-02
3.597313772385229980e-02
3.771826207003830395e-02
3.692590756188143114e-02
3.799898889731474771e-02
3.681531820568161723e-02
3.499363199751113346e-02
3.139279394893931124e-02
3.484293880884326011e-02
3.577626436446362801e-02
3.788596900581384097e-02
3.833318750121526841e-02
3.450509440199109323e-02
3.541897567520270462e-02
3.555265511676291429e-02
3.254851348460985339e-02
3.484901514709599912e-02
3.480040444107410091e-02
3.542991308405763623e-02
3.434710960741994140e-02
3.457071885512065512e-02
3.323635497481965129e-02
3.663181279044896987e-02
3.236014699877501344e-02
3.020426218670399857e-02
3.680316552917614614e-02
3.677886017616519704e-02
3.807312022399813450e-02
3.060408524373408115e-02
3.456099671391626993e-02
3.357541464932236458e-02
3.770124832293064027e-02
3.932849170701355201e-02
3.449172645783507574e-02
3.710090610356024665e-02
3.481984872348285742e-02
3.668771510237414657e-02
4.048542651033463363e-02
3.772676894359213579e-02
2.916399307783546294e-02
3.463512804059966366e-02
3.872328841704096580e-02
3.640212720449551714e-02
3.558546734332769523e-02
3.899429310311303132e-02
3.249382644033521617e-02
3.692590756188143114e-02
3.570699410838242688e-02
4.071146629333644712e-02
4.255381205156623381e-02
3.761374905209123598e-02
3.826148670983297445e-02
3.513824884792626779e-02
3.342836726360613742e-02
3.578963230861965245e-02
3.550890548134320868e-02
3.961286433724163503e-02
3.850332497229189826e-02
3.821530653911217601e-02
4.099826945886562296e-02
4.813067529992805932e-02
3.540925353399832637e-02
3.057127301716930021e-02
3.728319625114235453e-02
3.905991755624258627e-02
3.991911178517956738e-02
4.057049524587295203e-02
4.125469093313111069e-02
3.738527873378832966e-02
3.891408543817690552e-02
4.172621478154348723e-02
3.975869645530731578e-02
3.909880612106009928e-02
3.464363491415349550e-02
3.849846390168970567e-02
3.717017635964144778e-02
3.967484298741955073e-02
4.382498201403876859e-02
4.364633766940831383e-02
4.250155554259270330e-02
4.159132007233273115e-02
4.076129226700888480e-02
3.816912636839137757e-02
4.042709366310836411e-02
3.741809096035311061e-02
3.989845223512026445e-02
3.867953878162126713e-02
4.011598514456823916e-02
3.769760251997900102e-02
4.076372280230997763e-02
3.871721207878823373e-02
3.512731143907134312e-02
3.858717844017966331e-02
3.852763032530284737e-02
4.114774737988294295e-02
3.771583153473721112e-02
3.764534601100546357e-02
3.789933694996985847e-02
3.773770635244706045e-02
3.991668124987847455e-02
4.037605242178537307e-02
3.894082132648894745e-02
3.993369499698613823e-02
3.947553909272978612e-02
3.699153201501098609e-02
4.296943358805343366e-02
4.334738182737365997e-02
3.970400941103268549e-02
4.515934589433977242e-02
4.033837912461840647e-02
4.535014291547570520e-02
3.937588714538489687e-02
4.418227070329969197e-02
4.277377549631530829e-02
4.127899628614205979e-02
3.944637266911664442e-02
3.500335413871551171e-02
3.665733341111046539e-02
3.613233778607400498e-02
4.818657761185323601e-02
5.134384296797527003e-02
4.046233642497423788e-02
4.388817593186723764e-02
4.059601586653444755e-02
4.261457543409360310e-02
3.984619572614672700e-02
4.236909136868304004e-02
3.953265667230550923e-02
4.449824029244200951e-02
4.050122498979175090e-02
4.278471290517023295e-02
4.316023060918936644e-02
4.626280892103677017e-02
4.515813062668921907e-02
4.546437807462715835e-02
4.235329288922592278e-02
4.634301658597289597e-02
4.130451690680355531e-02
4.825949367088607639e-02
4.363783079585448199e-02
3.919116646250170310e-02
3.983647358494234875e-02
5.088690233136945740e-02
5.111901845262400296e-02
4.455414260436718621e-02
4.681332516673471916e-02
4.676349919306228148e-02
4.474980069610531158e-02
4.783901106379669088e-02
4.902875809368255344e-02
4.793987827879211960e-02
4.513990161193100897e-02
5.264053355110929339e-02
5.098533901106379329e-02
4.692512979058507949e-02
4.538903148029321821e-02
4.757165218067627155e-02
5.773858134515545693e-02
5.173515915145151384e-02
5.485232067510548842e-02
4.255138151626514098e-02
4.620690660911159348e-02
4.840167998600011789e-02
5.202439285228178945e-02
5.198915009041591567e-02
4.477653658441735351e-02
5.173515915145151384e-02
5.281796262808920867e-02
5.000218748177098771e-02
5.680525578953508903e-02
5.009940889381477719e-02
5.335754146493223993e-02
4.706367030274747482e-02
5.326761165879172893e-02
5.384607906045227321e-02
4.623364249742363541e-02
4.878205876062143703e-02
5.378653094557545034e-02
4.386022477590464236e-02
4.891087713157946104e-02
6.789457310077971763e-02
5.382298897509187746e-02
5.371847595714480256e-02
4.450067082774310234e-02
4.841626319780668181e-02
4.882337786074004982e-02
5.118464290575356485e-02
5.174002022205370643e-02
5.040808687705380237e-02
5.090634661377822084e-02
4.664804876626028191e-02
5.027926850609578530e-02
5.200251803457193317e-02
5.076902136926636500e-02
5.464207937156079220e-02
5.408913259056174344e-02
5.205234400824437779e-02
5.031694180326275190e-02
5.220789826751443680e-02
4.863744191020630270e-02
5.060739077174356698e-02
5.518408874370491629e-02
4.886955803146084826e-02
5.452176787415660697e-02
5.065235567481381901e-02
5.493252834004161422e-02
5.922242314647378075e-02
5.432854031771957443e-02
4.794473934939431220e-02
5.396639055785646538e-02
5.350701938594955992e-02
4.832147232106399209e-02
5.069975111318517080e-02
5.008482568200820634e-02
5.244122965641952877e-02
5.719292617005969359e-02
5.245459760057555321e-02
5.904499406949386547e-02
5.464694044216298480e-02
5.058794648933481047e-02
5.119193451165685027e-02
5.598130432246398169e-02
5.578078516012366372e-02
5.324938264403351884e-02
4.756071477182134688e-02
5.073985494565323023e-02
5.870228859203951294e-02
5.233671663847245387e-02
4.902511229073090726e-02
5.565682785976783231e-02
5.321292461451709865e-02
5.895749479865445425e-02
5.260893659219506580e-02
5.116276808804370857e-02
5.089419393727274282e-02
5.787955239261895202e-02
5.644918236792471206e-02
5.690247720157887851e-02
5.109957417021524645e-02
5.540526745610453024e-02
7.230356413696552298e-02
5.814326547278772517e-02
5.008725621730929917e-02
4.315658480623772719e-02
5.030357385910672746e-02
5.164522934531100978e-02
5.722695366427502095e-02
6.079741002158315505e-02
5.403566081393765957e-02
6.056529390032860949e-02
6.662826420890936852e-02
5.906808415485426816e-02
5.811896011977678300e-02
5.385823173695774430e-02
5.760004083299306160e-02
6.167726380057943908e-02
6.057137023858134850e-02
5.565804312741838566e-02
5.676636722471756907e-02
5.483287639269672498e-02
5.015531120573995388e-02
4.946503918022905621e-02
5.611862956697583060e-02
5.223341888817593232e-02
5.470284275408816149e-02
5.090634661377822084e-02
5.309139784946236701e-02
5.106068560539773343e-02
5.424104104688016320e-02
5.943752552062066263e-02
6.493661163934745517e-02
5.733875828812537434e-02
5.403201501098602033e-02
5.425562425868673405e-02
6.067102218592623081e-02
5.937311633514165410e-02
5.216293336444418477e-02
5.672018705399677063e-02
5.543321861206711859e-02
5.673233973050224865e-02
5.606515779035174674e-02
4.822668144432129544e-02
5.274747710435746112e-02
6.392793948939314019e-02
5.493617414299325347e-02
5.987259133951661205e-02
6.389512726282836619e-02
6.730516829026424175e-02
6.432654727877268330e-02
6.045470454412879557e-02
6.206493418110404364e-02
6.477984211242683588e-02
6.724318964008632604e-02
6.426456862859476760e-02
6.328627816990413379e-02
6.108785899006397013e-02
6.260451301794707490e-02
5.480127943378249739e-02
5.644067549437088022e-02
5.406847304050244052e-02
8.091859651169573675e-02
7.089506892998113929e-02
5.388375235761923981e-02
5.738858426179781896e-02
6.154966069727196842e-02
5.891009936028310939e-02
5.477818934842209470e-02
5.736670944408796269e-02
5.423861051157907037e-02
5.698511540181609714e-02
6.361440043555192936e-02
6.202726088393707704e-02
6.785325400066111179e-02
5.969151645958505753e-02
6.454043438526900489e-02
6.493539637169690182e-02
6.447359466448890353e-02
5.392021038713566000e-02
6.109028952536506296e-02
5.675786035116373723e-02
6.698919870112193808e-02
6.751419432615839156e-02
7.067875128818371100e-02
6.304930097804740952e-02
6.643989772307452857e-02
6.650430690855353710e-02
6.828224348130432220e-02
6.378332263897801280e-02
5.868284430963075643e-02
6.689076202142760219e-02
6.979160590328413460e-02
6.286336502751366240e-02
6.283298333624998122e-02
6.654319547337105012e-02
6.979039063563359513e-02
7.975193956717027688e-02
5.962346147115440975e-02
6.242343813801551344e-02
5.921391627291994891e-02
6.664649322366758555e-02
6.954733710552411796e-02
6.667079857667852771e-02
6.524164381963483417e-02
5.717591242295202991e-02
6.208316319586225374e-02
6.512862392813392742e-02
6.722253009002703006e-02
6.315502926364502390e-02
6.446751832623616452e-02
6.543851717902350595e-02
6.648000155554259494e-02
6.505935367205273323e-02
6.612271286628167155e-02
6.827981294600322937e-02
6.868206653833440478e-02
6.436786637889128915e-02
6.318419568725816560e-02
5.338792315619592110e-02
7.276901164712516745e-02
6.804283575414649121e-02
9.957538548289875113e-02
7.772001205545508995e-02
7.649866806665500674e-02
6.184375546870442969e-02
6.763207528826148396e-02
7.075895895311982986e-02
7.108100488051488641e-02
6.538383013474888261e-02
6.430467246106282009e-02
7.636620389274534348e-02
7.816358474790488509e-02
7.608426179781835330e-02
7.588981897373077434e-02
7.706012172120788040e-02
7.565162651422349671e-02
6.562080732660560689e-02
6.863831690291469223e-02
6.823120223998133116e-02
6.185833868051099360e-02
6.572167454160103561e-02
7.909691030352525298e-02
7.040653133446110601e-02
6.767947072663282881e-02
7.074437574131327289e-02
6.827859767835267601e-02
6.802217620408718135e-02
6.938935231095295919e-02
7.259158257014525217e-02
8.001565264733905003e-02
6.280503218028739287e-02
6.138681483209862400e-02
7.686810943242139427e-02
7.284314297380854730e-02
8.381336405529954403e-02
7.568565400843882407e-02
7.263290167026385802e-02
7.225373816329308529e-02
6.925324233409166363e-02
6.487584825682007894e-02
6.948171265239456995e-02
6.660881992650061201e-02
7.695196290030915931e-02
7.457489937583854089e-02
8.232830698633067379e-02
7.575006319391783260e-02
8.575657702852476638e-02
6.820568161931983564e-02
7.408393124501740090e-02
8.211441987983433832e-02
7.510232553617608720e-02
7.933145696008088443e-02
7.313237667463881597e-02
6.964212798226680767e-02
7.444729627253106330e-02
7.337786074004938597e-02
8.061721013435999006e-02
7.220634272492174044e-02
6.889838418013183308e-02
7.219175951311516959e-02
6.877564214742655502e-02
1.015975908534095529e-01
8.528262264481129007e-02
7.207873962161426284e-02
9.493306305780785381e-02
8.120175387427326641e-02
6.912928503373583222e-02
7.274592156176476476e-02
7.442542145482121396e-02
6.782165704174687726e-02
7.435979700169165207e-02
7.502090260358941498e-02
7.652904975791868791e-02
7.125600342219370886e-02
8.290798965564176448e-02
7.517038052460674191e-02
7.400129304478018921e-02
7.257092302008594231e-02
8.179480448774037460e-02
6.819109840751326479e-02
8.433835968033599750e-02
6.853988022322035634e-02
7.197544187131774129e-02
8.132449590697855835e-02
6.941244239631336188e-02
6.730516829026424175e-02
7.175790896186975965e-02
7.097527659491725815e-02
7.969360671994400735e-02
7.845403371638569323e-02
7.511933928328375087e-02
8.218369013591553252e-02
7.957572575784090108e-02
8.624997569464698532e-02
7.837990238970231338e-02
7.258672149954305264e-02
7.457489937583854089e-02
6.854352602617200252e-02
7.407056330086138340e-02
6.997511131851678889e-02
6.676923525637286361e-02
7.513270722743976837e-02
6.945619203173307443e-02
7.431969316922358570e-02
7.811618930953352635e-02
6.959351727624492334e-02
7.257092302008594231e-02
7.439260922825642608e-02
7.917833323611192520e-02
8.092831865290010807e-02
7.094732543895466981e-02
7.426986719555114802e-02
8.319479282117094032e-02
7.651203601081102423e-02
8.129532948336541665e-02
7.768841509654085542e-02
7.732505006902720690e-02
7.343133251667346983e-02
7.828268097765851696e-02
7.781237239689668683e-02
7.585700674716600034e-02
1.047548562095315938e-01
8.590848548484318614e-02
7.190131054463434757e-02
8.493991716735693753e-02
8.514894320325108734e-02
6.566698749732641227e-02
6.692722005094402238e-02
6.862373369110813526e-02
6.801002352758171721e-02
6.837703435804701191e-02
6.038421902039705497e-02
6.121789262867254056e-02
6.150226525890062357e-02
6.295937117190690546e-02
6.358401874428824818e-02
6.934074160493107486e-02
7.370962880864881384e-02
7.243845884617627906e-02
7.226346030449745661e-02
7.507923545081568450e-02
7.740768826926441859e-02
7.692036594139493866e-02
7.816966108615761022e-02
7.458340624939237273e-02
8.558522428979759011e-02
8.189688697038635667e-02
7.859743529915028115e-02
7.869951778179626323e-02
7.697626825332011535e-02
7.502454840654106116e-02
7.551065546676000162e-02
7.570874409379921288e-02
8.300278053238445419e-02
7.667609714363490814e-02
7.682800559995332790e-02
8.100731105018568745e-02
8.132449590697855835e-02
8.015297789185089894e-02
6.736957747574326416e-02
7.538062182815143120e-02
7.308012016566528546e-02
7.110531023352582858e-02
8.393732135565537544e-02
8.249358338680511105e-02
8.130991269517198750e-02
8.178143654358435710e-02
6.530848354041493553e-02
7.992572284119854598e-02
7.766167920822882043e-02
8.270382469034980033e-02
7.932173481887651312e-02
7.837747185440120667e-02
8.121998288903148344e-02
8.402117482354314049e-02
8.305989811196018424e-02
8.181789457310077729e-02
7.770421357599797962e-02
8.088821482043205557e-02
6.979889750918742697e-02
8.466283614303214689e-02
1.184302630811409907e-01
9.285130957242022920e-02
7.846983219584281743e-02
9.098830426413112571e-02
9.479695308094654438e-02
8.631438488012599386e-02
7.858285208734371030e-02
7.928770732466118576e-02
7.555440510217970029e-02
7.170443718524567578e-02
7.553617608742149714e-02
7.480093915884034050e-02
8.079342394368935198e-02
7.528340041610764866e-02
7.825837562464757480e-02
7.678304069688307587e-02
7.484225825895894635e-02
7.309470337747185631e-02
7.737487604269964458e-02
7.183325555620369285e-02
8.262361702541368147e-02
8.749319450115693175e-02
8.198924731182795356e-02
8.372708005211067228e-02
9.079143090474245392e-02
9.488445235178595560e-02
9.059212701005268931e-02
9.364487934822765536e-02
8.359097007524937673e-02
8.361892123121196507e-02
8.468349569309144287e-02
7.460285053180112924e-02
8.150678605456065928e-02
7.623009391588403405e-02
8.217153745941005449e-02
7.653634136382196640e-02
7.754258297847517467e-02
7.040045499620836700e-02
7.985159151451515225e-02
7.403532053899550269e-02
7.143950883742634927e-02
8.025749090979797384e-02
8.280590717299578241e-02
7.949187228995313603e-02
8.022224814793210701e-02
7.691185906784110682e-02
7.611099768613038830e-02
8.158820898714733150e-02
7.899604308852982426e-02
8.130383635691924848e-02
7.693373388555095616e-02
8.793676719360671301e-02
7.898510567967488571e-02
7.912364619183728798e-02
8.339045091290905876e-02
8.752236092477007345e-02
8.875828812537672752e-02
8.907547298216959841e-02
8.424356880359330779e-02
8.799388477318244306e-02
1.130648564039744147e-01
8.869144840459662615e-02
7.856097726963386096e-02
8.847513076279919786e-02
8.766697777518520085e-02
7.721567598047794634e-02
6.958379513504053815e-02
7.711237823018141091e-02
7.424191603958855967e-02
7.702001788873981403e-02
7.524329658363958229e-02
7.333654163993078012e-02
7.397577242411869369e-02
6.688833148612650936e-02
6.698190709521864572e-02
6.856053977327966620e-02
8.527654630655855106e-02
7.400979991833400717e-02
8.425936728305041812e-02
8.415606953275389657e-02
8.632167648602928622e-02
8.301736374419102504e-02
8.899769585253455850e-02
8.813971689124812381e-02
9.346501973594664725e-02
8.580275719924555788e-02
7.780265025569231552e-02
8.076790332302787034e-02
8.870117054580101135e-02
8.657931322794532036e-02
8.615640008555484897e-02
8.178508234653600328e-02
9.124958680899881991e-02
8.243646580722938100e-02
9.495250734021661032e-02
8.563626553112056727e-02
8.578088238153570855e-02
7.590804798848899138e-02
8.411475043263527684e-02
8.652098038071905084e-02
8.319722335647203315e-02
9.683981800151665598e-02
9.583965272511617284e-02
9.256207587158996053e-02
9.157527853934550877e-02
9.435459565614731647e-02
8.103283167084718297e-02
8.367603881078768124e-02
8.110210192692839104e-02
8.723798829454199044e-02
8.839370783021252564e-02
9.726759221450932691e-02
8.232466118337902761e-02
9.062493923661747719e-02
9.920351358183125690e-02
8.736073032724726850e-02
9.547993350055415662e-02
8.245591008963813751e-02
8.472481479321006259e-02
7.728130043360749435e-02
1.186903303583581315e-01
9.975767563048085207e-02
9.208812148787648422e-02
8.261267961655875680e-02
8.568852204009411166e-02
9.711203795523926097e-02
8.663764607517158989e-02
7.935940811604347278e-02
7.481795290594800418e-02
8.170730521690096337e-02
9.008536039977445287e-02
8.408436874137159567e-02
7.421274961597541797e-02
7.442299091952012113e-02
7.822313286278169409e-02
8.361406016060977942e-02
8.204150382080149795e-02
8.071929261700597213e-02
8.991279239339672325e-02
8.438940092165898854e-02
7.832764588072876899e-02
7.400372358008128204e-02
8.463123918411791236e-02
8.015905423010363795e-02
8.382187092885337587e-02
8.893693247000719615e-02
7.991357016469306795e-02
8.135730813354333235e-02
8.802912753504832377e-02
7.872382313480720539e-02
8.358489373699663771e-02
8.135973866884442518e-02
8.583192362285869959e-02
7.474260631161407098e-02
7.174332575006318879e-02
8.469321783429582806e-02
7.879673919384004577e-02
8.540901048046821431e-02
9.198239320227886984e-02
8.274514379046840618e-02
8.949109451865679132e-02
8.759892278675456001e-02
8.261632541951038911e-02
8.570918159015342153e-02
8.673608275486592578e-02
8.995532676116588244e-02
8.418888175931867057e-02
7.479243228528650866e-02
8.934526240059111057e-02
8.313645997394465692e-02
8.046773221334266313e-02
9.100531801123878939e-02
8.534703183029029860e-02
