1.741459028587511568e+02
1.683017771701982213e+02
1.682469241285030819e+02
1.679828615656789168e+02
1.674230931607092714e+02
1.671445157010172409e+02
1.667932632383096916e+02
1.665674480318443216e+02
1.663855896425555727e+02
1.664338989184190325e+02
1.663098488199107408e+02
1.663258111857182939e+02
1.662922278959430571e+02
1.663038780105343619e+02
1.662173213783120787e+02
1.661503256805114290e+02
1.662475071368260160e+02
1.663204233846648776e+02
1.663541071931164765e+02
1.663486691327248650e+02
1.664212335651964167e+02
1.664829922399581790e+02
1.665179928430702319e+02
1.665758614450564892e+02
1.666289956173856979e+02
1.667138534839773172e+02
1.667636403843834216e+02
1.667785272003538353e+02
1.667429234851835531e+02
1.667044851433396389e+02
1.667209802581319593e+02
1.667000422178440715e+02
1.666833862731695604e+02
1.666448775682521841e+02
1.666208435527321114e+02
1.666858288770053491e+02
1.666025089461622031e+02
1.664685778617667040e+02
1.665433838607213204e+02
1.664633910980660119e+02
1.663810160427807432e+02
1.663480559687990024e+02
1.663600377950223219e+02
1.663296107916850985e+02
1.663199207912830104e+02
1.663118994009086862e+02
1.663707430340557210e+02
1.663486490289895983e+02
1.663867556592014694e+02
1.663740601503759535e+02
1.664188713763017233e+02
1.666168228056772875e+02
1.666362932732901641e+02
1.667229705279240761e+02
1.666959511077158140e+02
1.668285050862450305e+02
1.669071408467693232e+02
1.669105182742953559e+02
1.669616621768324478e+02
1.669983615455751647e+02
1.670021008403361407e+02
1.669418499457199232e+02
1.669043765831691530e+02
1.668832375055285411e+02
1.670288890675887501e+02
1.669669394073418971e+02
1.669604559527160177e+02
1.670095693779904309e+02
1.670789574202887025e+02
1.671931064291745486e+02
1.673190563306662284e+02
1.674249024968839308e+02
1.674901089622451877e+02
1.674977885891198639e+02
1.675155602911020765e+02
1.674986932572071794e+02
1.675802842668167614e+02
1.675681818181818130e+02
1.676618853282940051e+02
1.676528587511559749e+02
1.676738973101202248e+02
1.677557496682883595e+02
1.677588154879176443e+02
1.677552772305094209e+02
1.677491355393832180e+02
1.678014153029632780e+02
1.677576896787423095e+02
1.677988319729805937e+02
1.677401089622451877e+02
1.677370230388806362e+02
1.677785875115596355e+02
1.678153974508463762e+02
1.679018133569217071e+02
1.679922299063165951e+02
1.680156306541755384e+02
1.680600197016605648e+02
1.681588798198705206e+02
1.682008664709903201e+02
1.683259519118652179e+02
1.683387981987053195e+02
1.683078887057215240e+02
1.683171364239475736e+02
1.683361847131197067e+02
1.682879256965944137e+02
1.683464778255799956e+02
1.684481524667283168e+02
1.685173495235414691e+02
1.685918841220698710e+02
1.686447569458405269e+02
1.687659623658075532e+02
1.690090265771380302e+02
1.691458525994129616e+02
1.692073700293514662e+02
1.692413051344939845e+02
1.694252945197217741e+02
1.695145048450002037e+02
1.694816754452977250e+02
1.695622612681436294e+02
1.694321197378473016e+02
1.693442764665674929e+02
1.693484479916368457e+02
1.693334707088577034e+02
1.691809436693337716e+02
1.691887539704877099e+02
1.691543162719633244e+02
1.691578645812391812e+02
1.692475171886936494e+02
1.692994853443769898e+02
1.693876703791564466e+02
1.694745486711431113e+02
1.694716235776607220e+02
1.692971834666880966e+02
1.690501085601704858e+02
1.688534236661171519e+02
1.687184974468256087e+02
1.685356640263761108e+02
1.682764766193558899e+02
1.681253065819629171e+02
1.680028346266736321e+02
1.678681496522053749e+02
1.679106791041775466e+02
1.679388243335611719e+02
1.679256262313537889e+02
1.679390756302520913e+02
1.679073519359897091e+02
1.679426741988661433e+02
1.678643198906356702e+02
1.677973342447026539e+02
1.677466929355474292e+02
1.677050782035302063e+02
1.677687869406135519e+02
1.678175284467854169e+02
1.677258152064653700e+02
1.677030376743998943e+02
1.676530497366410657e+02
1.676630815005428019e+02
1.675906778979534408e+02
1.676019761971774358e+02
1.675112279361505330e+02
1.674630392826987304e+02
1.675048248964657773e+02
1.674373969683567225e+02
1.674669695629447972e+02
1.674581741787624196e+02
1.674443930682320740e+02
1.675156507579108336e+02
1.676777371235575629e+02
1.679103876000160938e+02
1.680585119215150200e+02
1.681046801495717773e+02
1.680634071810542309e+02
1.681212657311728549e+02
1.681690121024486473e+02
1.681334686984841653e+02
1.682180049053114033e+02
1.682633890876925022e+02
1.682780045032367013e+02
1.683001286639057525e+02
1.683116883116883002e+02
1.683348679184592527e+02
1.682481605082224405e+02
1.683480057094608071e+02
1.682640022516183649e+02
1.681478127136021783e+02
1.680509830726549012e+02
1.679473181617144348e+02
1.679418298419846280e+02
1.679727694905713520e+02
1.680323067025853447e+02
1.680333118893490507e+02
1.679161774757749868e+02
1.679126492702343967e+02
1.679236761690322055e+02
1.678855092276144774e+02
1.678554943508503925e+02
1.678045816412689533e+02
1.677572675003015661e+02
1.676741586586787776e+02
1.676288347875035072e+02
1.675957540911101376e+02
1.676219693619074462e+02
1.675736299304410863e+02
1.675436150536769730e+02
1.675075087451248521e+02
1.675008644606167820e+02
1.674526959109002462e+02
1.672932129789714963e+02
1.672710586626995166e+02
1.671496421535121328e+02
1.669754834948333269e+02
1.669848819910739337e+02
1.669426239395279765e+02
1.669804189618430996e+02
1.669017932531864403e+02
1.669568171766314322e+02
1.669161372683044533e+02
1.668621989465642628e+02
1.667695810381569004e+02
1.667969221181295438e+02
1.667108982348920563e+02
1.667338567005749610e+02
1.668802621527079850e+02
1.671375397048771561e+02
1.673085420771179201e+02
1.674436391781593159e+02
1.676450685537372749e+02
1.677218246150134746e+02
1.676255980861243984e+02
1.676794660447911269e+02
1.677104056933778224e+02
1.675987495476659603e+02
1.676731836275180001e+02
1.676732238349885336e+02
1.675621104901290721e+02
1.675696393389891909e+02
1.675577077721040666e+02
1.675867375658397407e+02
1.676080073177596432e+02
1.676230248080093190e+02
1.675035784648787853e+02
1.674437497487033113e+02
1.674898677174219017e+02
1.674049595914920872e+02
1.673509810622813632e+02
1.673991496119978990e+02
1.673385167464114716e+02
1.673365264766193548e+02
1.672376764102770323e+02
1.673005709460817911e+02
1.673862430139519972e+02
1.673412910618793035e+02
1.673350488520767101e+02
1.672723151461541420e+02
1.672507639419404200e+02
1.671756764906919841e+02
1.670455751678661898e+02
1.669434884001447585e+02
1.669127095814402253e+02
1.668257609263801271e+02
1.667266394596115902e+02
1.667390736198785817e+02
1.667935748462064112e+02
1.667453861927546086e+02
1.668636162599010788e+02
1.668934602549153681e+02
1.669718748743516414e+02
1.670236118370793292e+02
1.671552913031241303e+02
1.672522315146154028e+02
1.673016163403160306e+02
1.673377125970005181e+02
1.674358489807406158e+02
1.674811326444453243e+02
1.675933717984801490e+02
1.676560954525350837e+02
1.677095010252905070e+02
1.676711732539905881e+02
1.677085360459973344e+02
1.678176390173294124e+02
1.676866933376221311e+02
1.676993486389771135e+02
1.677604237867395796e+02
1.676508885850991248e+02
1.677872421695951175e+02
1.677982992239958264e+02
1.681293273290177410e+02
1.682738430300349819e+02
1.683899119456395113e+02
1.684219472477986415e+02
1.686905230991918359e+02
1.687688573036870139e+02
1.687465924168710671e+02
1.686716959511077221e+02
1.686761690322061895e+02
1.685719010092075223e+02
1.685348498250974956e+02
1.684176852559205599e+02
1.683192674198866143e+02
1.684711310361465166e+02
1.685866269952957168e+02
1.686373688231273320e+02
1.686845522898154570e+02
1.687295545012263176e+02
1.687644143781914750e+02
1.687006453299023008e+02
1.686825318644204117e+02
1.686930461179687200e+02
1.687000723734470000e+02
1.686619355876321720e+02
1.685503397531261385e+02
1.685369004060954410e+02
1.686067005749668226e+02
1.686344336777773378e+02
1.685803546298902234e+02
1.688178199509468982e+02
1.687434260785653919e+02
1.687911925535764510e+02
1.688236198785734530e+02
1.687794620240440793e+02
1.687509951348960726e+02
1.687784367335451066e+02
1.688017168589923926e+02
1.687245788267460114e+02
1.687633086727514069e+02
1.688616058863736953e+02
1.688664609384423727e+02
1.689566764504845082e+02
1.689935768565799492e+02
1.691066804712315559e+02
1.692181958907965225e+02
1.692305395842547568e+02
1.692397973543484397e+02
1.693005910498170579e+02
1.692821760283060541e+02
1.691742692292228014e+02
1.692742048972699251e+02
1.694069096538136705e+02
1.694499014916971475e+02
1.695936029914358016e+02
1.696228639781271283e+02
1.696261408869767990e+02
1.698341341321217612e+02
1.700226066503156233e+02
1.700295223352498795e+02
1.700769470467612905e+02
1.701209340195408402e+02
1.701367053998633025e+02
1.700774295364078625e+02
1.700559889027381359e+02
1.699822282980177590e+02
1.698447991636845984e+02
1.697079630895420337e+02
1.695491636846126084e+02
1.695635881146717168e+02
1.694972960476056585e+02
1.693974307426319683e+02
1.692571468778899089e+02
1.690511841100076253e+02
1.690367496280808837e+02
1.688025913714768080e+02
1.685875618189859608e+02
1.685185657995255610e+02
1.685452937155723419e+02
1.684868119496602503e+02
1.685153391500140856e+02
1.686469281492501295e+02
1.687486731534719127e+02
1.687729886212858332e+02
1.688094366933376307e+02
1.687768284347231713e+02
1.687829198665112074e+02
1.689002854730408956e+02
1.689539222387519715e+02
1.690307285593663380e+02
1.690399360701218257e+02
1.692011177676812395e+02
1.693590024526557158e+02
1.694335471030517510e+02
1.695263962044147661e+02
1.695468517550560819e+02
1.695152386313376951e+02
1.695879940492943661e+02
1.694952655703429798e+02
1.694949338587109366e+02
1.694769510675083382e+02
1.694330947690080791e+02
1.692836536528486988e+02
1.693408286759679982e+02
1.693579369546861813e+02
1.694057034296972404e+02
1.694740159221583440e+02
1.695270495758111906e+02
1.695765851795263472e+02
1.694917976760081899e+02
1.695439467653089878e+02
1.696865526114752072e+02
1.696761690322061895e+02
1.697333641590607556e+02
1.697401391178480878e+02
1.697126774154637872e+02
1.696656648305255146e+02
1.696054541433798306e+02
1.695105645128865035e+02
1.694683868762816132e+02
1.694418801013228233e+02
1.693962245185155382e+02
1.693511619958988490e+02
1.694031603071850611e+02
1.694584556310562391e+02
1.694111414900888519e+02
1.694863395118813116e+02
1.694841884122069757e+02
1.695148164528969517e+02
1.695891399622049676e+02
1.695168167745567018e+02
1.694044972055808103e+02
1.694182984198463942e+02
1.694716939407341840e+02
1.693321137067267159e+02
1.693314000241244912e+02
1.693211471191347357e+02
1.692699730609947437e+02
1.693559466848940644e+02
1.693689135941457948e+02
1.693710043826143021e+02
1.694501125809175335e+02
1.693884343210968666e+02
1.694216959511077221e+02
1.695237224076233247e+02
1.695942965703027596e+02
1.695168871376301638e+02
1.694552189296771303e+02
1.695780728559366253e+02
1.695954826906839230e+02
1.696895882755015919e+02
1.697220960154396607e+02
1.698965059708093861e+02
1.699349041051827385e+02
1.699724980901451374e+02
1.700421876884725236e+02
1.699696735153391387e+02
1.698554239877769305e+02
1.697423103212576905e+02
1.697260765550239228e+02
1.697167082143862444e+02
1.697101946041574649e+02
1.696821297897149350e+02
1.697127779341401492e+02
1.696842708375216091e+02
1.697357062442201823e+02
1.697371034538217316e+02
1.697203469904708300e+02
1.696894173937517678e+02
1.696183104820875656e+02
1.695831993084315172e+02
1.695901954083068688e+02
1.695095492742551642e+02
1.696016746411483211e+02
1.694793534638735935e+02
1.694614510876120903e+02
1.693987776928953508e+02
1.693191467974749571e+02
1.692834224598930462e+02
1.691342125366893185e+02
1.691153150255317428e+02
1.690931908648626916e+02
1.689995275622210613e+02
1.689413071448675225e+02
1.687614189216356522e+02
1.687427727071689958e+02
1.687517791805717593e+02
1.687444815246672931e+02
1.686729222789594189e+02
1.685466808733062578e+02
1.684955068151662658e+02
1.683614752120944047e+02
1.682302782356962041e+02
1.680786759679948545e+02
1.679999899481323666e+02
1.678913292589763273e+02
1.678676269550882694e+02
1.677555787865385355e+02
1.677412749788910844e+02
1.677890012464315816e+02
1.678443066221703930e+02
1.679102066663986079e+02
1.680743536649109444e+02
1.680998250975031283e+02
1.681392183667725533e+02
1.682990129065980511e+02
1.683723513328776562e+02
1.684689095733987472e+02
1.685494953962446232e+02
1.687469743878412487e+02
1.688676269550882694e+02
1.688633549113425261e+02
1.688520767158537979e+02
1.688142917454063081e+02
1.688023903341240839e+02
1.687358067628965443e+02
1.686793152667765696e+02
1.687258554139359035e+02
1.687450544811225939e+02
1.687404507257448358e+02
1.686775863455430056e+02
1.686142093200916747e+02
1.687675003015560264e+02
1.687900365887981877e+02
1.688314100759921246e+02
1.687885187567850096e+02
1.688779602750190918e+02
1.690004523340436720e+02
1.690405994933858835e+02
1.690248582686663212e+02
1.689924510474046144e+02
1.689475996140082827e+02
1.689268224036025856e+02
1.688663503678983488e+02
1.688540971412488432e+02
1.689606670419364036e+02
1.690384483937115476e+02
1.691127115918137633e+02
1.692148486188733898e+02
1.692924389851634430e+02
1.692932431345743964e+02
1.692141550400064318e+02
1.691896284829721253e+02
1.691282417273129397e+02
1.690741827831611204e+02
1.690587531663383061e+02
1.691968055164649627e+02
1.695043826142897387e+02
1.696417815930199708e+02
1.697630272204575590e+02
1.696871858791363366e+02
1.695724639137951897e+02
1.695547826786216774e+02
1.694148104217763660e+02
1.693187346709018470e+02
1.692336657150898702e+02
1.691233163121708003e+02
1.690902858751155975e+02
1.690288187045152881e+02
1.690237626150938866e+02
1.688854288126733820e+02
1.688769349845201191e+02
1.687985706244220125e+02
1.688329178561376693e+02
1.688383358127940141e+02
1.687795223352498795e+02
1.688657372039724862e+02
1.688538056370873619e+02
1.688100498572634933e+02
1.686525270395239318e+02
1.682057818342647977e+02
1.675787664348035833e+02
1.671424450162840287e+02
1.666946443649229934e+02
1.662168690442684351e+02
1.656878593542680278e+02
1.652536789835551474e+02
1.650419263399139425e+02
1.647774415986490339e+02
1.647319971050621064e+02
1.648475131679466017e+02
1.650733283744119717e+02
1.652514675726750113e+02
1.654629890233605352e+02
1.655414237465321037e+02
1.657284890032568114e+02
1.660280648144425300e+02
1.663198504282095485e+02
1.669262192915443563e+02
1.680000703630734620e+02
1.689096940211491358e+02
1.693176892766676076e+02
1.695515660809778353e+02
1.697251819388042406e+02
1.698963350890595336e+02
1.699388042298259052e+02
1.700473543484379491e+02
1.700126050420168156e+02
1.699749708495838547e+02
1.700964577218447289e+02
1.701768324554702190e+02
1.702035804752522949e+02
1.703068232077519895e+02
1.703694764987334622e+02
1.704598930481283503e+02
1.704803485987696376e+02
1.704857263479554490e+02
1.705668047123155588e+02
1.708387780949700527e+02
1.710067649069196989e+02
1.712332636403843935e+02
1.712473764625467538e+02
1.713255900446303031e+02
1.713000180933617571e+02
1.713492722447830943e+02
1.712868601986249075e+02
1.712875537774918655e+02
1.714184693015962466e+02
1.714698645008242579e+02
1.715483695870692884e+02
1.716535623818905663e+02
1.716144103574444273e+02
1.716692734510072000e+02
1.716438221221502829e+02
1.715930400868481343e+02
1.715876321820594228e+02
1.715633870773189642e+02
1.716163001085601820e+02
1.716099875356841267e+02
1.716584777451650439e+02
1.716441035744441308e+02
1.717635599694423263e+02
1.718456937799043089e+02
1.719135338345864739e+02
1.720130372723251924e+02
1.719764685778617661e+02
1.719712617104258072e+02
1.719581440231594911e+02
1.718397732298660969e+02
1.717427123959631672e+02
1.715882051385147236e+02
1.715213099593904644e+02
1.714425334727192194e+02
1.714318282336858204e+02
1.715017088174982973e+02
1.714900587029069925e+02
1.714718748743516414e+02
1.714246813557959115e+02
1.714244602147078922e+02
1.715406698564593171e+02
1.716112741747416806e+02
1.715913111656145702e+02
1.717725061316392612e+02
1.718293795987294459e+02
1.720296932169997319e+02
1.721762896546178183e+02
1.723256202002332031e+02
1.722672791604680071e+02
1.723816191548389725e+02
1.723497949419001998e+02
1.723200414136946677e+02
1.723363756986047974e+02
1.723640183346065839e+02
1.724268224036025856e+02
1.724503236701379194e+02
1.724901190141128211e+02
1.725057898757589214e+02
1.724328836797876932e+02
1.723913594145792274e+02
1.723020284668891406e+02
1.722746471794459353e+02
1.722370934019540698e+02
1.722082948011740484e+02
1.723050741827831587e+02
1.723152667765670856e+02
1.723392304290137247e+02
1.722851714848618769e+02
1.723472920268585824e+02
1.723056069317679260e+02
1.721950665433637653e+02
1.722156125608138098e+02
1.721428671947247722e+02
1.719656527682843432e+02
1.718617164569176907e+02
1.718224538619275563e+02
1.717739334968437106e+02
1.718079289131920575e+02
1.718014555104338399e+02
1.718069036226930848e+02
1.717688070443488471e+02
1.716697659925214055e+02
1.716194061356600002e+02
1.715645128864942990e+02
1.716111334485947566e+02
1.716600458365164172e+02
1.716463350890595336e+02
1.715532849503437660e+02
1.715317538498653107e+02
1.714853242732499723e+02
1.714143580877326940e+02
1.715453339230429037e+02
1.715835310200635320e+02
1.716335591652929224e+02
1.716095754091110166e+02
1.716384443729645000e+02
1.716101885730368792e+02
1.716715753286960648e+02
1.716766515218527616e+02
1.717081239194242244e+02
1.717600518676370029e+02
1.719124381810140392e+02
1.720172691086003738e+02
1.720819126693739634e+02
1.721501749024968717e+02
1.722196735153391387e+02
1.722167283181215112e+02
1.722445116802701932e+02
1.722102046560250983e+02
1.721613224237063378e+02
1.721197478991596768e+02
1.720081118571830530e+02
1.719743074263197968e+02
1.719294459410558602e+02
1.719125789071609631e+02
1.718460556471392522e+02
1.718473824936673111e+02
1.718579067990832812e+02
1.718381347754412900e+02
1.718581379920389338e+02
1.719293655261147649e+02
1.720689960194604282e+02
1.722326404245908975e+02
1.722589662659322016e+02
1.723056672429737546e+02
1.722833420449519508e+02
1.721493506493506516e+02
1.718899018937718495e+02
1.718691045796308856e+02
1.716361223915403400e+02
1.715140927184270936e+02
1.712273933496843767e+02
1.711072634795544900e+02
1.710676993285352410e+02
1.711120682722850006e+02
1.712081038156889576e+02
1.715069357886695229e+02
1.717073700293514662e+02
1.719679848015761365e+02
1.721909452776325793e+02
1.721822504121265638e+02
1.722489445538981272e+02
1.721545072574484436e+02
1.721889952153109959e+02
1.721315085842949486e+02
1.720818322544328680e+02
1.720909191427767269e+02
1.719344517711390665e+02
1.717130593864339971e+02
1.717358268666318111e+02
1.716110932411241947e+02
1.715851795263560007e+02
1.715013167946604540e+02
1.714085380563708725e+02
1.712620823448996816e+02
1.713558964255558692e+02
1.713084214547062913e+02
1.712959470869687664e+02
1.711423646013429334e+02
1.711505066141289149e+02
1.712670982268505497e+02
1.714519621245627548e+02
1.714795343974910509e+02
1.715049254151421394e+02
1.716397712194925873e+02
1.716991476016243894e+02
1.717448936512404032e+02
1.717116018656266476e+02
1.716694845402275860e+02
1.716408668730650220e+02
1.718085822845884820e+02
1.718057275541795548e+02
1.719673716376502739e+02
1.719891640866873104e+02
1.721373587712596986e+02
1.722367415865867883e+02
1.723085822845884820e+02
1.723732761047002668e+02
1.724504845000201101e+02
1.725413734871939084e+02
1.725439467653089878e+02
1.723654456998110334e+02
1.721000060311205857e+02
1.719201680672268822e+02
1.717053998632945877e+02
1.714536005789875901e+02
1.712924992963692716e+02
1.712201761087210059e+02
1.712864983313899643e+02
1.712786377708978307e+02
1.714323810864058544e+02
1.716106710626834513e+02
1.717765268786940567e+02
1.719350548831972958e+02
1.720283663704716446e+02
1.722149993968879471e+02
1.724066885127256512e+02
1.725448715371315984e+02
1.727179043866350412e+02
1.727425515660809765e+02
1.727510051867637060e+02
1.726312874432069577e+02
1.725791283020385265e+02
1.725259237666358274e+02
1.725320654577620587e+02
1.725101322825780983e+02
1.722480800932813452e+02
1.721266133247557377e+02
1.720556169836355593e+02
1.718783522978569351e+02
1.717851915885971721e+02
1.717950424188814225e+02
1.717900265369305544e+02
1.717062140645732029e+02
1.718102911020867793e+02
1.717427526034337291e+02
1.717655200836315430e+02
1.716184311044992228e+02
1.715231695549032906e+02
1.715086948655060155e+02
1.713376824413976180e+02
1.710165654778657824e+02
1.708610530336536613e+02
1.707156125608138098e+02
1.705885770576173002e+02
1.703864440513047214e+02
1.701829942503317170e+02
1.700164750110570537e+02
1.701051123798801825e+02
1.702799244099553562e+02
1.704437296449680446e+02
1.707038418238108761e+02
1.708559667886293312e+02
1.711086305335531392e+02
1.712717823971694031e+02
1.714342105263157805e+02
1.715935024727594396e+02
1.716215069759961409e+02
1.715690161231956949e+02
1.714745587230107446e+02
1.712770596276788240e+02
1.710887579912347576e+02
1.709118451208234433e+02
1.707178541272968459e+02
1.705837119536809894e+02
1.703413413212174703e+02
1.701634132121748166e+02
1.700153592537493523e+02
1.698226247436773804e+02
1.694815950303566296e+02
1.692948011740581364e+02
1.690754895259539126e+02
1.689332153914197363e+02
1.689442523420851501e+02
1.688175284467854169e+02
1.687742551566080920e+02
1.686962727674801954e+02
1.686495717904386709e+02
1.686127920067548587e+02
1.686281211049012825e+02
1.685978247758433497e+02
1.685684733223432943e+02
1.685339150014072516e+02
1.685433838607213204e+02
1.686301917896345230e+02
1.686152446624582808e+02
1.686116159382413286e+02
1.686309758353102097e+02
1.687534477905994947e+02
1.688785533352096877e+02
1.689344819267419950e+02
1.689595814402316023e+02
1.690298942543524561e+02
1.689642957661533558e+02
1.692291926339914028e+02
1.694185095090667801e+02
1.695097603634755217e+02
1.696097161352579406e+02
1.697368923646013457e+02
1.698786035945478545e+02
1.699905311406859312e+02
1.701335089059547272e+02
1.700858731052229587e+02
1.701371677857746079e+02
1.702492963692654087e+02
1.702666358409392444e+02
1.703905552651682740e+02
1.705411825017088177e+02
1.706663483575248392e+02
1.706590507016203730e+02
1.707705359655824111e+02
1.708502673796791385e+02
1.708878814683768326e+02
1.712178340235615792e+02
1.713138494632302695e+02
1.713896204414780300e+02
1.714618129548470051e+02
1.715115696996501811e+02
