2.525048414019231586e+02
2.526744789664400628e+02
2.527062829095039831e+02
2.526359883330150353e+02
2.525754881705602202e+02
2.524376694304656041e+02
2.522144614560417040e+02
2.520501898613305514e+02
2.519455937537978514e+02
2.519307483587101899e+02
2.519459000617576407e+02
2.519892841818601141e+02
2.519900840548725398e+02
2.519673875031312775e+02
2.519765978238493744e+02
2.519646976976058284e+02
2.519110851238501141e+02
2.519380290632929018e+02
2.518861489276741281e+02
2.517559209204616195e+02
2.517416112542752842e+02
2.517639729754531857e+02
2.518790269575806917e+02
2.519124281664430214e+02
2.519174605457986331e+02
2.519231005806209964e+02
2.519143714238235532e+02
2.519104923497416735e+02
2.519153573138156048e+02
2.518818903789537842e+02
2.517608664918933812e+02
2.517213391238352358e+02
2.517251338702196790e+02
2.518175173429830807e+02
2.518863287440877627e+02
2.519507303026620377e+02
2.519817951382602246e+02
2.520026563224691074e+02
2.519575918489839808e+02
2.519674135455084354e+02
2.519361515319118325e+02
2.519019789726406202e+02
2.518186334448608363e+02
2.516686157112421256e+02
2.516777578257343464e+02
2.517731609741337309e+02
2.518245301831151153e+02
2.519284553894079579e+02
2.519598153719471441e+02
2.519892655801621686e+02
2.519551289841736832e+02
2.519624828554350415e+02
2.519578733546798048e+02
2.519316846441743110e+02
2.518257343330299136e+02
2.516715113755583673e+02
2.516241427717522186e+02
2.516945886420512579e+02
2.518187797782181576e+02
2.519112922227540992e+02
2.519286166041236186e+02
2.518940558894215940e+02
2.518696876650900833e+02
2.519068848604500488e+02
2.518948446014152296e+02
2.518858426197143388e+02
2.517564839318532961e+02
2.516262881675839367e+02
2.516241241700542446e+02
2.516868379345666540e+02
2.517967739695279477e+02
2.518550729310571512e+02
2.518956977992951067e+02
2.519280957565806602e+02
2.519929313547740719e+02
2.519883689783203522e+02
2.519609451150701034e+02
2.519659688136333102e+02
2.518619133954547351e+02
2.517086118420889420e+02
2.516721934378170147e+02
2.516796986028884646e+02
2.517979037126508786e+02
2.518740280612814217e+02
2.519446587084468945e+02
2.519794786068072199e+02
2.519468140251842101e+02
2.519607045331097765e+02
2.519434037138910014e+02
2.519748083405053194e+02
2.519429337109891378e+02
2.517911215335735733e+02
2.516824516541869912e+02
2.516980076341368431e+02
2.517648224529935135e+02
2.518690651282649071e+02
2.519208311734695087e+02
2.519066479988293281e+02
2.519300191721500255e+02
2.519472914687652576e+02
2.519367864698689630e+02
2.519220415239502984e+02
2.519005230797467334e+02
2.517870787645496193e+02
2.516509490586300615e+02
2.516608129190032344e+02
2.517325472669145370e+02
2.518677605291811119e+02
2.519109251492476176e+02
2.519709900319701319e+02
2.519705869951809234e+02
2.519645315224373689e+02
2.519454288187425846e+02
2.519494728278797311e+02
2.518918546884959540e+02
2.518347325943912267e+02
2.517151273968287910e+02
2.516716688699344502e+02
2.517091413704243053e+02
2.518181832837701393e+02
2.519521837153295394e+02
2.519768111233193224e+02
2.520330614178462270e+02
2.520400792184310603e+02
2.520658772932793283e+02
2.520248791509688999e+02
2.519941144227645111e+02
2.518987509579874313e+02
2.517526445413937495e+02
2.516781534218443426e+02
2.516886199772315251e+02
2.517851280664899036e+02
2.519216025238783914e+02
2.519927924620959345e+02
2.520162702851516201e+02
2.520158362455324834e+02
2.520100709592771580e+02
2.520137702169454030e+02
2.520098291372036385e+02
2.519767416769802821e+02
2.518244012113425754e+02
2.517334389083035546e+02
2.517529223267499958e+02
2.518042642532410298e+02
2.519011034527231629e+02
2.519753750722366021e+02
2.520155026550823436e+02
2.520162033190389650e+02
2.520611561823363331e+02
2.520479340954242389e+02
2.520116459030380156e+02
2.519639685110456924e+02
2.517302778597630493e+02
2.516848711150353779e+02
2.516905669549516347e+02
2.517587669802499590e+02
2.518796048503307361e+02
2.519933319113368668e+02
2.520542822348824075e+02
2.520439731738713078e+02
2.520506846664963518e+02
2.520219388425775549e+02
2.519768334453569025e+02
2.519050656143892866e+02
2.517741369432201850e+02
2.516977162075354215e+02
2.516894347316022902e+02
2.517804515996220118e+02
2.519370307721688960e+02
2.520248630294973395e+02
2.520536510172648548e+02
2.520661253159188391e+02
2.520585792271118635e+02
2.520571840997646405e+02
2.520608027500750268e+02
2.520570303257281353e+02
2.519758661570628249e+02
2.518444947654821817e+02
2.517275855740111865e+02
2.517054619545672267e+02
2.519851521246859534e+02
2.520173690254446512e+02
2.521088881393093573e+02
2.521341839683126409e+02
2.521782241082966038e+02
2.521350470870981155e+02
2.521096966931141594e+02
2.520709344748988769e+02
2.520466220556612313e+02
2.519476027371778457e+02
2.517927088784664136e+02
2.517347794706700768e+02
2.517644888625433737e+02
2.518643278958503231e+02
2.519454747029308805e+02
2.520364419664227000e+02
2.520471602647889711e+02
2.520463678324557577e+02
2.520466902618871075e+02
2.519859048733968336e+02
2.519899426819680173e+02
2.519441391010171287e+02
2.517645682297880114e+02
2.516080349414294517e+02
2.516799280238300014e+02
2.517903712650890782e+02
2.519211660040328411e+02
2.520037017378946302e+02
2.520410105434424111e+02
2.520630684368869083e+02
2.520892174637700975e+02
2.520254260408890161e+02
2.520189774522618507e+02
2.520161450337186864e+02
2.517923728077898886e+02
2.517267621388480450e+02
2.517268229043947088e+02
2.517885495388019024e+02
2.519724174022604757e+02
2.518348156819754422e+02
2.519032141253853752e+02
2.519362668624391972e+02
2.519835040142464209e+02
2.519277373638665836e+02
2.519042062159433897e+02
2.518676005545786154e+02
2.517521894198502537e+02
2.516869483046412483e+02
2.516441668795527562e+02
2.516750246162469580e+02
2.518218316967972896e+02
2.519876968369672738e+02
2.520566620121084611e+02
2.520843152963002467e+02
2.520896093395405160e+02
2.520552867265724046e+02
2.520327662709051992e+02
2.520209107887367850e+02
2.519756999818943370e+02
2.518322957719580586e+02
2.520032106530684075e+02
2.519255857674688457e+02
2.519967558638752507e+02
2.521208229887224093e+02
2.521934018537212125e+02
2.518401357675928693e+02
2.518806626668882416e+02
2.519074379509361563e+02
2.519024464953160987e+02
2.519034088231573776e+02
2.518912495132555591e+02
2.517946248533566234e+02
2.516593061814682528e+02
2.516640508545619923e+02
2.517095506077794766e+02
2.517903551436175178e+02
2.519353008142583121e+02
2.520346673644370128e+02
2.520500137652564945e+02
2.520325393301900476e+02
2.519953111320001256e+02
2.519871797097638932e+02
2.519694708933031393e+02
2.519527826900039429e+02
2.518614285111945037e+02
2.517291567974324664e+02
2.517509145834831941e+02
2.517867278125147266e+02
2.519087822336422846e+02
2.520062997750434590e+02
2.520360910143878073e+02
2.520366106218175730e+02
2.519802896408384072e+02
2.519837855199422734e+02
2.519400764901820367e+02
2.519023063625247687e+02
2.519064185778877913e+02
2.518976398165624460e+02
2.518396322816346640e+02
2.517298909444454011e+02
2.517116339979513384e+02
2.517810654556547831e+02
2.518930476773919906e+02
2.519642624178734991e+02
2.519952689681514073e+02
2.520198219693493513e+02
2.519944715753653952e+02
2.519699880205065199e+02
2.519810771127188502e+02
2.519832249887769819e+02
2.517374035501960634e+02
2.516547400846749269e+02
2.516316057729749502e+02
2.516920947744110038e+02
2.518473978704776073e+02
2.519772873267871773e+02
2.520241177214656147e+02
2.520413813372884704e+02
2.519913626115791772e+02
2.520139239909819082e+02
2.519095014992968515e+02
2.518311821503066881e+02
2.517252988052749458e+02
2.515875705934437576e+02
2.515971752701586581e+02
2.516245904526165020e+02
2.517391781521817222e+02
2.518980490539176458e+02
2.519784716348908375e+02
2.520359657629548451e+02
2.520327687511316128e+02
2.520212865430356430e+02
2.519632480052779329e+02
2.519519927378971147e+02
2.519255820471292679e+02
2.518252705306940413e+02
2.516755318225447695e+02
2.516435418625012232e+02
2.517316506650727206e+02
2.518473110625537856e+02
2.519305214179950383e+02
2.519493512967863751e+02
2.520049356505261926e+02
2.520406670320867022e+02
2.520220554132181121e+02
2.519853145795148066e+02
2.519405998179513801e+02
2.518589966492141343e+02
2.517059716410913950e+02
2.516456587357293984e+02
2.516642852359563278e+02
2.517328721765722719e+02
2.518251750419778432e+02
2.519638395392731525e+02
2.519936072164667280e+02
2.519749707953342011e+02
2.519659551723881350e+02
2.519963788694632001e+02
2.519394874364132022e+02
2.519805835476662423e+02
2.518897229339094110e+02
2.516941186391493943e+02
2.516600465290471789e+02
2.516720595055916760e+02
2.517505326286183447e+02
2.518901296910381973e+02
2.519599592250780518e+02
2.520128798156695780e+02
2.520334768557673897e+02
2.520145973724481507e+02
2.519756094536309377e+02
2.519643355845521455e+02
2.519833787628134587e+02
2.519131399914184044e+02
2.517155465550895599e+02
2.516420648876829489e+02
2.516572314720887675e+02
2.517637187522477120e+02
2.518689014333228329e+02
2.519958778637314083e+02
2.519308401270868103e+02
2.519140750367693613e+02
2.519595189848929522e+02
2.519732061142541113e+02
2.519999293135477387e+02
2.519471587766531400e+02
2.519663644097433348e+02
2.518101870338724382e+02
2.516795249870408213e+02
2.516431512268439974e+02
2.517013236968270462e+02
2.518512546225219353e+02
2.519210345520339160e+02
2.520248890718744690e+02
2.520249163543648194e+02
2.520115888578309296e+02
2.519890721225033303e+02
2.519808476917773135e+02
2.519646555337571101e+02
2.519202321987951052e+02
2.518694011989414321e+02
2.517359935414904726e+02
2.516732090905257735e+02
2.516880954093489606e+02
2.517603282827656415e+02
2.518320589103373379e+02
2.518999836305058011e+02
2.519730622611232036e+02
2.519787159371907421e+02
2.519884061817162717e+02
2.519517819186535235e+02
2.519388971425311752e+02
2.519574455156266595e+02
2.519388624193616408e+02
2.517655317977425113e+02
2.517009888662637138e+02
2.516789942185922655e+02
2.517876058126585690e+02
2.519052813940856481e+02
2.520119162477150780e+02
2.520315211972548752e+02
2.520891963818457384e+02
2.520928423146464752e+02
2.521141524198328909e+02
2.520733725374452092e+02
2.520585631056402747e+02
2.520526886894235759e+02
2.519009037944983618e+02
2.517707849172472550e+02
2.517425239775886610e+02
2.517982707861573601e+02
2.518850539077207031e+02
2.519514942123917081e+02
2.520050695827515028e+02
2.520203750598354588e+02
2.520357313815605096e+02
2.520095984761489092e+02
2.519781888890817925e+02
2.519542968682181368e+02
2.519353008142583121e+02
2.520247228967060096e+02
2.518590921379303609e+02
2.518055911743624051e+02
2.518713692585859292e+02
2.519533134584524987e+02
2.520880145539684918e+02
2.521241973367328910e+02
2.521230018676104692e+02
2.521447757751327572e+02
2.520904811391183671e+02
2.520429128770874172e+02
2.520351993729987612e+02
2.520257720324711102e+02
2.519299894094332899e+02
2.517609446190248264e+02
2.517220993132253000e+02
2.517008970978870934e+02
2.517294655856186694e+02
2.518464231415043457e+02
2.519628499289415231e+02
2.520517970480345582e+02
2.520791130214365978e+02
2.520203862208542489e+02
2.520394405601343237e+02
2.520210794441316580e+02
2.520102507756907926e+02
2.519974180843227316e+02
2.518571761630401511e+02
2.517215387820600370e+02
2.517041027905027306e+02
2.517067975564809501e+02
2.518192138178372943e+02
2.519534275488666708e+02
2.518485536559777245e+02
2.519077380583299544e+02
2.519629317764125460e+02
2.519577567840392476e+02
2.519710842805731374e+02
2.519738584137960231e+02
2.519617511886484920e+02
2.519460401945489707e+02
2.518485598565437158e+02
2.516754735372244909e+02
2.516484638717822122e+02
2.516960160123416017e+02
2.518205791824677817e+02
2.519278998186954368e+02
2.519638792228954571e+02
2.519907537159992046e+02
2.520156303867416909e+02
2.519945732646475847e+02
2.519725141310898948e+02
2.519890411196734021e+02
2.520114636063979958e+02
2.520017051556466186e+02
2.519059981795138299e+02
2.517263566218324513e+02
2.517215871464747181e+02
2.517184819030281062e+02
2.518269732061142463e+02
2.519947233183445121e+02
2.520073092271862549e+02
2.520080842979347153e+02
2.519929995609999196e+02
2.520351596893764565e+02
2.520526366046692601e+02
2.520163942964713897e+02
2.519608719483914570e+02
2.519212156085607432e+02
2.517998829333141657e+02
2.517095766501566345e+02
2.516984267923976120e+02
2.518096463445183417e+02
2.519181413679440595e+02
2.520384435091235105e+02
2.520768572555302853e+02
2.520657607226387711e+02
2.520539734466962045e+02
2.520341427965544767e+02
2.520355577657128663e+02
2.520196185907849724e+02
2.519738980974183278e+02
2.518355076651396871e+02
2.517604795765757615e+02
2.516920154071663660e+02
2.517518707107584817e+02
2.518561939933877056e+02
2.520028311784299717e+02
2.520668321804414234e+02
2.520524605085952317e+02
2.520238746592789028e+02
2.520084947754031077e+02
2.520223865234418668e+02
2.520520326695420863e+02
2.520289578832755808e+02
2.519284553894079579e+02
2.517576967625604993e+02
2.517099610852478691e+02
2.517570184206414297e+02
2.518367304167524310e+02
2.519644843981358520e+02
2.519481570677771458e+02
2.519728117582573077e+02
2.519491938024102922e+02
2.519360833256859564e+02
2.519457549685135120e+02
2.519698416871491986e+02
2.519820319998809452e+02
2.519338560823831870e+02
2.517731287311905817e+02
2.516916309720751315e+02
2.516885877342883759e+02
2.517655119559313448e+02
2.519014172013621362e+02
2.519642400958359474e+02
2.520319031521197246e+02
2.520446614366959466e+02
2.519923385806656313e+02
2.519860164835846206e+02
2.520258030353010668e+02
2.520139661548306265e+02
2.519983791720508179e+02
2.518336549360225547e+02
2.516998330807636250e+02
2.516870772764137882e+02
2.516931501107420956e+02
2.518015657669232041e+02
2.519497171301796357e+02
2.518466178392763766e+02
2.518735146544176473e+02
2.519450047000290169e+02
2.519470260845409939e+02
2.519679492744097615e+02
2.519642103331192118e+02
2.519498895059140864e+02
2.519198849670997902e+02
2.518118971499718555e+02
2.517009070187926625e+02
2.516561637346256930e+02
2.517218897340949297e+02
2.518184226256172735e+02
2.519373271592230878e+02
2.519795716152970328e+02
2.519702224019008554e+02
2.519577096597377306e+02
2.519618379965723136e+02
2.519621901887204274e+02
2.519843882149562546e+02
2.519704543030687773e+02
2.519648465111895348e+02
2.518660888565908351e+02
2.517560139289514325e+02
2.517421817063461447e+02
2.517973605430703685e+02
2.518826232858535263e+02
2.520363526782724648e+02
2.520676134517558751e+02
2.520589351395995550e+02
2.520478398468212049e+02
2.520488133356812739e+02
2.520445795892248952e+02
2.520261291850720227e+02
2.519932252616018786e+02
2.519483443248699643e+02
2.518372413433898203e+02
2.517240946553601475e+02
2.517332442105315238e+02
2.518198140326248904e+02
2.519379410152558592e+02
2.520391962578344192e+02
2.520967040271436019e+02
2.520962811485432269e+02
2.520476749117659381e+02
2.520376175937339553e+02
2.520442732812651059e+02
2.520640568071053451e+02
2.520235361083759642e+02
2.519244857870626504e+02
2.517586603305149708e+02
2.517192805359273109e+02
2.520257583912259634e+02
2.520503572766122033e+02
2.521286828261683866e+02
2.521982519364367477e+02
2.522075862684745857e+02
2.521624895520463099e+02
2.521503364427104827e+02
2.521660709989607767e+02
2.521006649486965046e+02
2.520179493984210808e+02
2.519216298063687134e+02
2.517777989974924822e+02
2.516993047925414544e+02
2.516867052424545363e+02
2.517757118869810427e+02
2.519663309266869931e+02
2.519730560605572123e+02
2.520000024802263852e+02
2.519771236318451031e+02
2.519284987933698687e+02
2.519153597940419900e+02
2.519063144083791883e+02
2.518863895096344265e+02
2.519500606415353730e+02
2.518044105865983511e+02
2.517025352874210284e+02
2.517440679185195904e+02
2.518025342953304744e+02
2.519538343059954570e+02
2.520788414366463428e+02
2.521241539327709802e+02
2.521585224299274159e+02
2.521079927775807334e+02
2.520034871983114613e+02
2.519493512967863751e+02
2.519814987512060043e+02
2.520033954299348409e+02
2.520178923532139947e+02
2.519109735136623272e+02
2.517842748686099981e+02
2.517879394031087088e+02
2.518265577681930836e+02
2.519834370481337658e+02
2.518292351725865501e+02
2.518808052799059567e+02
2.518980602149364074e+02
2.519114410363378056e+02
2.519208014107527731e+02
2.519510390908482123e+02
2.519185233228089089e+02
2.518737229934348534e+02
2.518117855397840685e+02
2.517312054644347938e+02
2.517501928376022136e+02
2.517957595569323530e+02
2.519702075205424876e+02
2.520764343769299387e+02
2.520909399810014691e+02
2.520244475915761484e+02
2.519926597699838169e+02
2.518982363110104643e+02
2.518614805959487910e+02
2.518968163813993044e+02
2.519398954336551810e+02
2.519051437415207317e+02
2.517425537403054250e+02
2.517188564172137717e+02
2.517236978191369303e+02
2.517878860782412289e+02
2.519100669909149417e+02
2.519793657565062404e+02
2.520228862890604660e+02
2.520200191473477673e+02
2.519903928430587143e+02
2.519963255445957202e+02
2.519739142188898882e+02
2.519459769487758933e+02
2.519362259387036715e+02
2.518273315988283514e+02
2.516884029574219426e+02
2.516933150457973909e+02
2.517525093690552183e+02
2.518956395139748281e+02
2.520086175466096563e+02
2.520525745990094038e+02
2.520601454900803446e+02
2.520482478440632121e+02
2.520478758101039602e+02
2.520430232471620116e+02
2.520094657840367631e+02
2.519751270495970914e+02
2.519579762840752153e+02
2.517333000156254172e+02
2.516930943056482306e+02
2.517058823529411882e+02
2.518342638316025557e+02
2.519317429294946180e+02
2.520245368797263836e+02
2.520535195652659297e+02
2.520247613402151217e+02
2.519933616740536024e+02
2.519929983208867270e+02
2.519974999317937829e+02
2.519813375364903436e+02
2.519871338255755973e+02
2.519278601350731321e+02
2.517571399517347857e+02
2.516424133594914565e+02
2.516490380441926789e+02
2.517616750456981833e+02
2.518960623925752031e+02
2.519533618228671799e+02
2.519900468514765919e+02
2.519969840447035949e+02
2.519626155475471876e+02
2.519570052754415315e+02
2.519701913990708988e+02
2.519625733836984693e+02
2.519534461505646163e+02
2.518598944911691433e+02
2.518770006126159160e+02
2.517466014697821493e+02
2.517561937453650671e+02
2.518475789270044629e+02
2.519708474189523884e+02
2.519966888977625956e+02
2.520127644851422133e+02
2.520028348987695495e+02
2.520007143052017682e+02
2.520201431586675369e+02
2.519917817698399460e+02
2.519715418823430184e+02
2.519634315420311452e+02
2.518415358553928911e+02
2.516998355609900102e+02
2.516315388068622951e+02
2.516976045973476346e+02
2.517973803848815351e+02
2.518864738373318630e+02
2.519905131340388778e+02
2.520061906450820857e+02
2.519798432000873163e+02
2.519677992207128625e+02
2.519630508272795169e+02
2.519214115464459667e+02
2.519025779473150237e+02
2.518452822373626248e+02
2.516953798342712787e+02
2.516346043666866024e+02
2.516808432273697917e+02
2.518040199509411252e+02
2.519063131682659957e+02
2.519359915573093645e+02
2.519642673783262978e+02
2.519685742914613229e+02
2.519783178608543324e+02
2.519992720535530566e+02
2.519755660496690268e+02
2.519724471649772113e+02
2.519257420217317360e+02
2.517516896542316260e+02
2.516249525656701849e+02
2.515981152759623853e+02
2.516618074897876625e+02
2.517928638926161113e+02
2.518686137270610175e+02
2.518686335688721556e+02
2.518721691315983264e+02
2.518679564670663069e+02
2.518552651486027685e+02
2.518445245281989457e+02
2.518602156804873289e+02
2.518791918926359585e+02
2.517036699909967865e+02
2.516814719647609309e+02
2.516638722782615503e+02
2.517733048272646386e+02
2.518718814253365110e+02
2.519552492751538466e+02
2.519729903345577497e+02
2.518979076810131232e+02
2.518867541029145229e+02
2.518526423091899744e+02
2.519031657609706656e+02
2.518912172703124384e+02
2.518770675787285995e+02
2.516947982211816282e+02
2.517390839035787167e+02
2.517598905228069270e+02
2.518582004965413148e+02
2.519931942587719504e+02
2.520847518161457685e+02
2.520832438384975660e+02
2.520428545917671386e+02
2.520230053399274368e+02
2.520062439699495656e+02
2.520096046767149005e+02
2.519995783615128460e+02
2.519840682657512900e+02
2.518464132205987767e+02
2.516833594170475976e+02
2.516441333964964429e+02
2.516957233456269876e+02
2.517973270600140268e+02
2.519375789022022047e+02
2.520036620542723256e+02
2.519855613620411248e+02
2.519772513635044504e+02
2.519472753472936972e+02
2.519761141797023356e+02
2.519798618017852618e+02
2.519879064160976725e+02
2.519461406437179676e+02
2.517833410633722622e+02
2.516344270304993529e+02
2.516323498408934825e+02
2.517531294256539809e+02
2.518889056993122324e+02
2.519688123931952646e+02
2.520048190798856069e+02
2.519882003229254792e+02
2.519614361998963261e+02
2.519919268630840747e+02
2.519859681191699110e+02
2.519678153421844229e+02
2.519037312525887273e+02
2.517972067690338633e+02
2.516448948259997280e+02
2.516396727093249126e+02
2.517002286768736212e+02
2.518072628469526819e+02
2.519321955708117002e+02
2.519740196285116838e+02
2.520066618880971419e+02
2.520157990421365639e+02
2.519613171490293553e+02
2.519320145142848730e+02
2.519136223954522507e+02
2.519342479581536338e+02
2.519034943909680067e+02
2.519262641093879154e+02
2.517912195025161850e+02
2.517386300221484134e+02
2.518124093167224373e+02
2.519294623613243402e+02
2.520436966286282541e+02
2.520906745967772054e+02
2.520535877714917774e+02
2.520060939162526665e+02
2.520027121275630009e+02
2.519958753835049947e+02
2.519586533858810640e+02
2.519666384747599750e+02
2.517819211337611023e+02
2.517714322563363680e+02
2.517536577138761231e+02
2.518036131938123390e+02
2.519526165148354835e+02
2.520557964130966013e+02
2.520772863346966233e+02
2.520586598344696938e+02
2.520480370248196209e+02
2.520338960140281586e+02
2.520077978317860925e+02
2.519895607271031679e+02
2.519832485509277262e+02
2.519506955794925034e+02
2.517667247866385196e+02
2.517723722621400952e+02
2.517547217309995915e+02
2.518283348504051560e+02
2.519632938894662288e+02
2.520728516899022509e+02
2.520969148463871647e+02
2.520920474020868767e+02
2.520507193896658862e+02
2.520135048327211393e+02
2.519867692322955293e+02
2.519872913199516802e+02
2.520022148421707868e+02
2.519739241397954856e+02
2.518334081534962650e+02
2.516831027136157104e+02
2.516728903814340299e+02
2.517413967146921152e+02
2.518573820218309436e+02
2.519542299021054532e+02
2.520251308939479884e+02
2.520377750881100383e+02
2.520310350728814512e+02
2.520110109650808852e+02
2.519920310325926494e+02
2.519755660496690268e+02
