1.650484063860667732e+02
1.595713091436865056e+02
1.625210333817126411e+02
1.661584208998548604e+02
1.711413410740203176e+02
1.736901828737300377e+02
1.773193033381712667e+02
1.794495210449927356e+02
1.824611901306240895e+02
1.847901770682148026e+02
1.868562786647314908e+02
1.888054687953555799e+02
1.907474833091436892e+02
1.922906124818577780e+02
1.937013410740203199e+02
1.952486850507982581e+02
1.964558258345428214e+02
1.977885166908563122e+02
1.991441973875181475e+02
2.002380377358490477e+02
2.013229143686502312e+02
2.024315355587808369e+02
2.015529288824383229e+02
1.998000116110304702e+02
1.983760116110304921e+02
1.968906008708272850e+02
1.954653468795355593e+02
1.937468330914368551e+02
1.927108737300435450e+02
1.915187460087082627e+02
1.900813933236574655e+02
1.887491552975326670e+02
1.872783164005805645e+02
1.860901248185776353e+02
1.848114833091436822e+02
1.835229492017416533e+02
1.824111465892598005e+02
1.810013933236574815e+02
1.801436284470246676e+02
1.787063222060957912e+02
1.778679129172714113e+02
1.767040348330914412e+02
1.755678026124818700e+02
1.748682031930333949e+02
1.738804644412191465e+02
1.732474194484760517e+02
1.724553846153846166e+02
1.719674310595065378e+02
1.711153555878084092e+02
1.704373062409288764e+02
1.698883483309143685e+02
1.691112452830188602e+02
1.684163715529753347e+02
1.677837561683599290e+02
1.672608301886792503e+02
1.665690914368650226e+02
1.662048301886792387e+02
1.658744150943396107e+02
1.655062641509433945e+02
1.650581712626995738e+02
1.643371146589259695e+02
1.641320174165457217e+02
1.640584731494920163e+02
1.640636400580551424e+02
1.639956806966618217e+02
1.638123773584905791e+02
1.637855094339622610e+02
1.636507866473149591e+02
1.635830246734397804e+02
1.634223396226415161e+02
1.632723947750362754e+02
1.629853004354136488e+02
1.666993904208998458e+02
1.702533642960812870e+02
1.730237445573294508e+02
1.760648824383164026e+02
1.783106763425253973e+02
1.813411901306240850e+02
1.831567837445573161e+02
1.854355297532655982e+02
1.873832685050798261e+02
1.888309782293178500e+02
1.907852656023221982e+02
1.923598490566037640e+02
1.936831465892597919e+02
1.951651088534107430e+02
1.964048998548621228e+02
1.977874949201741686e+02
1.991765689404934676e+02
2.002589956458635641e+02
2.013746182873730106e+02
2.024046095791001392e+02
2.018127837445573221e+02
2.004389085631349872e+02
1.986816603773584973e+02
1.972710130624092812e+02
1.959094339622641598e+02
1.944925283018867788e+02
1.932160696661828752e+02
1.920258577648766334e+02
1.904662873730043486e+02
1.894173584905660448e+02
1.881200000000000045e+02
1.866728592162554321e+02
1.857259100145138007e+02
1.846218403483309203e+02
1.835062293178519610e+02
1.825884934687953489e+02
1.816254629898403437e+02
1.805360000000000014e+02
1.797609521044992675e+02
1.790354600870827255e+02
1.781583976777939142e+02
1.774023222060957892e+02
1.768042031930333735e+02
1.763191291727140708e+02
1.755454862119013058e+02
1.751363018867924666e+02
1.743735036284470254e+02
1.739433149492017492e+02
1.729329114658926017e+02
1.727515820029027509e+02
1.723415849056603690e+02
1.720097997097242342e+02
1.715014223512336855e+02
1.710525283018867810e+02
1.706510537010159680e+02
1.701157503628446932e+02
1.694974049346879497e+02
1.689985950653120597e+02
1.684771785195936218e+02
1.678394078374455773e+02
1.674299100145137800e+02
1.667991988388969560e+02
1.662816719883889789e+02
1.657494571843251094e+02
1.652409172714078238e+02
1.649076574746008816e+02
1.644963018867924518e+02
1.643933701015965028e+02
1.639071117561683479e+02
1.634501248185776490e+02
1.630434368650217607e+02
1.628214571843251122e+02
1.624064441219158255e+02
1.622173817126270023e+02
1.617092481857764881e+02
1.615536371552975368e+02
1.611296023222060967e+02
1.608413701015965103e+02
1.606953381712627049e+02
1.607481451378809822e+02
1.639665834542815617e+02
1.684078838896951993e+02
1.714481161103047953e+02
1.744350072568940391e+02
1.772062699564586410e+02
1.797111291727140667e+02
1.822674368650217787e+02
1.841166328011611029e+02
1.865111523947750243e+02
1.879220319303338158e+02
1.876005224963715534e+02
1.870452133526850389e+02
1.859490507982583551e+02
1.847964702467344011e+02
1.838624325108853270e+02
1.827478084179971063e+02
1.818590537010159665e+02
1.805860783744557239e+02
1.796332656023222114e+02
1.788472568940493375e+02
1.778891959361393447e+02
1.767688708272859230e+02
1.759812830188679129e+02
1.751568882438316450e+02
1.745476806966618426e+02
1.738645341074020223e+02
1.733298345428156608e+02
1.727997445573294613e+02
1.716743570391872140e+02
1.712894513788098720e+02
1.710817416545718572e+02
1.709143105950653023e+02
1.704113904208998633e+02
1.700201103047895401e+02
1.697586182873729967e+02
1.694481277213352826e+02
1.691167605224963779e+02
1.687614049346879597e+02
1.685569927431059511e+02
1.682474658925979725e+02
1.678122496371553041e+02
1.672861074020319165e+02
1.669208476052249637e+02
1.665729462989840215e+02
1.662214455732946305e+02
1.658042264150943481e+02
1.655926037735848979e+02
1.653267692307692300e+02
1.649405050798258401e+02
1.646901480406386042e+02
1.643300319303338313e+02
1.641615674891146455e+02
1.640603541364295950e+02
1.639495500725689396e+02
1.637951001451378943e+02
1.636473033381712696e+02
1.634814049346879585e+02
1.632209927431059384e+02
1.631593149492017290e+02
1.629641335268505031e+02
1.627368824383163997e+02
1.626802438316400696e+02
1.625227750362844574e+02
1.622535500725689417e+02
1.620678084179970995e+02
1.619297416545718420e+02
1.615241103047895592e+02
1.613998838896952179e+02
1.611137880986937603e+02
1.609920696661828856e+02
1.610464789550072453e+02
1.643350130624093026e+02
1.691116865021770650e+02
1.720067227866473161e+02
1.753298113207547146e+02
1.775050101596516754e+02
1.803490972423802532e+02
1.825263512336719884e+02
1.842292946298983907e+02
1.864411146589259829e+02
1.879408185776487699e+02
1.893669666182873641e+02
1.911288011611030413e+02
1.924302351233671970e+02
1.936683193033381656e+02
1.946564992743105904e+02
1.963371262699564568e+02
1.976696661828737263e+02
1.993158780841799569e+02
2.001852423802612577e+02
1.991676865021770766e+02
1.977713323657474689e+02
1.959603947750362920e+02
1.944534455732946299e+02
1.930095210449927379e+02
1.914932481857764799e+02
1.901132888243831758e+02
1.887766386066763289e+02
1.874438548621190250e+02
1.861689753265602292e+02
1.849271872278664830e+02
1.840305253991291750e+02
1.831376023222061065e+02
1.820597735849056562e+02
1.813320638606676312e+02
1.804532830188679213e+02
1.793587111756168326e+02
1.786737184325108956e+02
1.776502641509434000e+02
1.766939912917271442e+02
1.760152685050798311e+02
1.752151291727140858e+02
1.745417010159651738e+02
1.738594833091436840e+02
1.730627808417997073e+02
1.722480696661828858e+02
1.716971843251088501e+02
1.708041915820029146e+02
1.701738867924528336e+02
1.698286792452830127e+02
1.692329404934687886e+02
1.687837677793904163e+02
1.687144383164005887e+02
1.685140551523947750e+02
1.682218635703918608e+02
1.677926618287372946e+02
1.678297126269956436e+02
1.675470072568940623e+02
1.671745486211901266e+02
1.670261248185776424e+02
1.666759361393323786e+02
1.663922089985486252e+02
1.660860261248185736e+02
1.655573991291727225e+02
1.650049462989840379e+02
1.645843947750362872e+02
1.643598838896951975e+02
1.639444876632801140e+02
1.639947518142235197e+02
1.638025079825834496e+02
1.637564354136429472e+02
1.636660899854862237e+02
1.637735849056603854e+02
1.635945776487663181e+02
1.634467343976778011e+02
1.633389375907111685e+02
1.632893584905660305e+02
1.632118780841799719e+02
1.624718026124818664e+02
1.624906124818577666e+02
1.663928359941944848e+02
1.696685050798258487e+02
1.731468911465892688e+02
1.762163483309143714e+02
1.789349085631349681e+02
1.814818461538461634e+02
1.834921335268504947e+02
1.856834136429608009e+02
1.877160870827285919e+02
1.895086095791001526e+02
1.914562902757619725e+02
1.930027285921625548e+02
1.942887431059506582e+02
1.955050449927431089e+02
1.965121393323657344e+02
1.980066182873730156e+02
1.992050856313497889e+02
2.004846560232220725e+02
2.013682554426705451e+02
2.024491378809869389e+02
2.034456429608127621e+02
2.027333875181422229e+02
2.012178693759070995e+02
1.992972656023221987e+02
1.980060957910014565e+02
1.964985312046444221e+02
1.950011843251088521e+02
1.937058925979680737e+02
1.923385195936139382e+02
1.912460957910014372e+02
1.902205863570391955e+02
1.887399825834542924e+02
1.875682670537010210e+02
1.865441741654571786e+02
1.853873207547169670e+02
1.840458287373004396e+02
1.826347053701015852e+02
1.815282438316400544e+02
1.805789608127721237e+02
1.792590188679245387e+02
1.783604179970972439e+02
1.772471059506531219e+02
1.760496603773584923e+02
1.751658751814223649e+02
1.741194775036284454e+02
1.733503512336720007e+02
1.726298519593613889e+02
1.719506066763425167e+02
1.710048650217706836e+02
1.707010391872278774e+02
1.697973410740203235e+02
1.693977126269956557e+02
1.690394658925979741e+02
1.686347982583454268e+02
1.681505950653120465e+02
1.676470943396226403e+02
1.672436923076922994e+02
1.666864789550072601e+02
1.657274078374455826e+02
1.653814571843251144e+02
1.650745544267053617e+02
1.650134455732946321e+02
1.648695616835994144e+02
1.645551001451378852e+02
1.643088766328011729e+02
1.640768301886792528e+02
1.638353439767779491e+02
1.635557503628446909e+02
1.634323367198838923e+02
1.633974339622641594e+02
1.633699390420899817e+02
1.631467518142235065e+02
1.631181538461538594e+02
1.629589782293178644e+02
1.628113091436865147e+02
1.626199709724238005e+02
1.625679071117561705e+02
1.622756458635703893e+02
1.620112859216255572e+02
1.619323889695210426e+02
1.617387053701015986e+02
1.614969985486211783e+02
1.614822757619738809e+02
1.614784557329462871e+02
1.613444760522496324e+02
1.611868563134978274e+02
1.611565631349782279e+02
1.611410740203193086e+02
1.610876632801161179e+02
1.612209695210449922e+02
1.612682031930333721e+02
1.614649637155297626e+02
1.616609927431059646e+02
1.615671756168359821e+02
1.616074891146589323e+02
1.617171669085631436e+02
1.617688359941944896e+02
1.619193730043541279e+02
1.618476052249637291e+02
1.615926153846153852e+02
1.614988911465892727e+02
1.613124063860667547e+02
1.612064673439767830e+02
1.610404528301886842e+02
1.609896545718432606e+02
1.609605573294630005e+02
1.609566328011611063e+02
1.609292888243831499e+02
1.607514078374455835e+02
1.607024673439767639e+02
1.604761103047895574e+02
1.604560696661828842e+02
1.603808301886792549e+02
1.602145602322206059e+02
1.601418287373004432e+02
1.601668621190130750e+02
1.601196052249637205e+02
1.601593730043541370e+02
1.601211146589259897e+02
1.602554078374455742e+02
1.602417416545718538e+02
1.640321857764876654e+02
1.680553381712626901e+02
1.715363018867924438e+02
1.745729114658925880e+02
1.774847373004354267e+02
1.796734049346879658e+02
1.823332597968069706e+02
1.845276632801161156e+02
1.867255849056603836e+02
1.887904208998548654e+02
1.903504208998548677e+02
1.921748388969521102e+02
1.935601161103047900e+02
1.948571378809869259e+02
1.961084934687953591e+02
1.971984092888243936e+02
1.982651378809869414e+02
1.995963309143686502e+02
2.004029143686502152e+02
1.994019274310595051e+02
1.979729346879535683e+02
1.959738751814223576e+02
1.947990478955007347e+02
1.931780435413643033e+02
1.914989143686502189e+02
1.899544963715529775e+02
1.883664092888243715e+02
1.872077910014513691e+02
1.856597155297532709e+02
1.844411378809869291e+02
1.831907343976778009e+02
1.817006328011611060e+02
1.807613236574746054e+02
1.794945021770682274e+02
1.786450624092888120e+02
1.772584150943396253e+02
1.763675239477503567e+02
1.755387169811320689e+02
1.745904905660377437e+02
1.738407895500725715e+02
1.733604644412191647e+02
1.728064441219158311e+02
1.720384325108853432e+02
1.715417242380261200e+02
1.708647198838897054e+02
1.701875413642960950e+02
1.693940319303338242e+02
1.690468505079825832e+02
1.683481219158200304e+02
1.677400870827285928e+02
1.672760058055152399e+02
1.667479477503628402e+02
1.664261248185776481e+02
1.656766211901306178e+02
1.653155878084180017e+02
1.651658751814223649e+02
1.649124412191582110e+02
1.642130159651669032e+02
1.640198548621190184e+02
1.638674484760522603e+02
1.638478490566037635e+02
1.639406328011611151e+02
1.638904150943396303e+02
1.636239419448476156e+02
1.636254746008708310e+02
1.634790943396226339e+02
1.633823976777939038e+02
1.631844760522496358e+02
1.627916632801160972e+02
1.626495326560232115e+02
1.625535326560232079e+02
1.623568534107402002e+02
1.621854978229317794e+02
1.620784905660377433e+02
1.618222119013062468e+02
1.616662409288824449e+02
1.614565573294629814e+02
1.612137242380261171e+02
1.611072859216255324e+02
1.609915355587808392e+02
1.608737068214803969e+02
1.606595297532656161e+02
1.605832452830188686e+02
1.605791930333816993e+02
1.604635007256894141e+02
1.604775384615384723e+02
1.603637039187227913e+02
1.602977997097242451e+02
1.602423802612481722e+02
1.601754426705370236e+02
1.600837968069666317e+02
1.600916342525399045e+02
1.600538287373004493e+02
1.599955878084180085e+02
1.597138461538461627e+02
1.595157271407837527e+02
1.593457648766328134e+02
1.594336139332365860e+02
1.594426473149491983e+02
1.642285515239477434e+02
1.681692307692307793e+02
1.711517329462989778e+02
1.743075065312046377e+02
1.772249869375906997e+02
1.800309201741654590e+02
1.824544441219158273e+02
1.843075994194484792e+02
1.866119825834542780e+02
1.881965979680696535e+02
1.895774281567489083e+02
1.912927721335268529e+02
1.923779854862119123e+02
1.934806502177068239e+02
1.947362089985486193e+02
1.960352975326560170e+02
1.970037387518142111e+02
1.980347750362844579e+02
1.996569404934687952e+02
2.002255442670536922e+02
1.990368534107402070e+02
1.974166850507982645e+02
1.957595820029027607e+02
1.942560116110304875e+02
1.928210624092888281e+02
1.914652656023222050e+02
1.899944499274310488e+02
1.885758026124818514e+02
1.872595645863570439e+02
1.861317503628447128e+02
1.848741944847605225e+02
1.838805805515239342e+02
1.828912510885341192e+02
1.817995936139332400e+02
1.809855907111756039e+02
1.801528243831640168e+02
1.792654629898403584e+02
1.782770159651668962e+02
1.775751872278664791e+02
1.766778171262699573e+02
1.759071117561683479e+02
1.752930624092888365e+02
1.741325631349782270e+02
1.735588621190130709e+02
1.727128011611030445e+02
1.719862641509433843e+02
1.714993091436865029e+02
1.706172539912917330e+02
1.699789724238026167e+02
1.696839709724237935e+02
1.692938984034832970e+02
1.690647547169811276e+02
1.684187169811320643e+02
1.682267402031930317e+02
1.678737068214803969e+02
1.676846095791001403e+02
1.674398838896952100e+02
1.670033904208998479e+02
1.667130333817126200e+02
1.664250798258345299e+02
1.663711001451378877e+02
1.660897300435413513e+02
1.658607489114658904e+02
1.658265892597968048e+02
1.655307053701016002e+02
1.653727721335268370e+02
1.650467576197387416e+02
1.646266473149491958e+02
1.643905486211901348e+02
1.642557910014513709e+02
1.639678490566037681e+02
1.638926095791001387e+02
1.634388156748911456e+02
1.633872743105950747e+02
1.634128185776487783e+02
1.631433962264150921e+02
1.629701480406386054e+02
1.626234658925979772e+02
1.621903628447024630e+02
1.623061248185776435e+02
1.622774571843251010e+02
1.621428505079825868e+02
1.619948795355587947e+02
1.620123076923077008e+02
1.618161973875181445e+02
1.617462177068214828e+02
1.616513788098693851e+02
1.613326676342525445e+02
1.610120406386066634e+02
1.608331727140783869e+02
1.606396400580551642e+02
1.604089985486211845e+02
1.601467169811320730e+02
1.599454629898403368e+02
1.597397735849056630e+02
1.597077619738751935e+02
1.596773526850508063e+02
1.596959187227866437e+02
1.595640986937590640e+02
1.595179680696661819e+02
1.631092714078374399e+02
1.678859332365747434e+02
1.710228272859216361e+02
1.741013875181422463e+02
1.771246095791001380e+02
1.799521625544267067e+02
1.819490507982583551e+02
1.841997910014513877e+02
1.867916284470246637e+02
1.883481219158200304e+02
1.883315297532656132e+02
1.877019796806966667e+02
1.866828911465892702e+02
1.851465195936139310e+02
1.843396574746008696e+02
1.833422699564586367e+02
1.824073962264151021e+02
1.811630885341074020e+02
1.801262583454281696e+02
1.791942525399129238e+02
1.784719651669085749e+02
1.772729056603773472e+02
1.766280870827285980e+02
1.756177997097242383e+02
1.749539158200290387e+02
1.744075703918722695e+02
1.739263164005805606e+02
1.732041799709724330e+02
1.727541480406385972e+02
1.718110537010159646e+02
1.714439709724238128e+02
1.708729172714078288e+02
1.702206211901306290e+02
1.695572830188679347e+02
1.690064673439767660e+02
1.683616603773585041e+02
1.674450391872278772e+02
1.667847314949201802e+02
1.657028505079825891e+02
1.651983512336719855e+02
1.650266357039187142e+02
1.648051669085631374e+02
1.645597213352685060e+02
1.642276574746008748e+02
1.639391814223512256e+02
1.637527779390420903e+02
1.635967256894049342e+02
1.633176894049346970e+02
1.632477677793904149e+02
1.630199593613933189e+02
1.630462235123367236e+02
1.627913265602322213e+02
1.627143802612481807e+02
1.623800986937590665e+02
1.622003831640058138e+02
1.617759303338171151e+02
1.615050449927431089e+02
1.611720174165457138e+02
1.607816545718432621e+02
1.606181480406386015e+02
1.604770507982583467e+02
1.603665253991291593e+02
1.603554484760522598e+02
1.601732017416545659e+02
1.600912510885341078e+02
1.601478664731494916e+02
1.601674775036284473e+02
1.600059680696661815e+02
1.599610566037735850e+02
1.599300667634252591e+02
1.600664499274310515e+02
1.600045050798258330e+02
1.599876923076922992e+02
1.601491552975326442e+02
1.601314949201741626e+02
1.602138635703918794e+02
1.599960870827285930e+02
1.597502699564586237e+02
1.596658925979680816e+02
1.595136255442670574e+02
1.594075587808418106e+02
1.591830478955007209e+02
1.589136719883889555e+02
1.587500725689404817e+02
1.586292830188679375e+02
1.586663222060957992e+02
1.585826879535558760e+02
1.586150478955007372e+02
1.586717097242380135e+02
1.587246908563134866e+02
1.633322612481857732e+02
1.672115994194484756e+02
1.709479245283018827e+02
1.740470595065312125e+02
1.769431640058055279e+02
1.797490275761973919e+02
1.823110014513788144e+02
1.841293120464441131e+02
1.870085108853410816e+02
1.886634194484760485e+02
1.896123425253991286e+02
1.909337010159651697e+02
1.922277271407837418e+02
1.936277503628446937e+02
1.949091436865021763e+02
1.959882496371552918e+02
1.975683715529753215e+02
1.987066821480406418e+02
1.998040638606676396e+02
2.009203715529753254e+02
2.019650043541364255e+02
2.010896487663280254e+02
1.994049114658926101e+02
1.977044528301886714e+02
1.960321741654571781e+02
1.943268040638606635e+02
1.927442670537010088e+02
1.912537358490565964e+02
1.899119419448475981e+02
1.880546647314949098e+02
1.867332946298984098e+02
1.854471291727140851e+02
1.837912336719883797e+02
1.825824208998548670e+02
1.808558142235123398e+02
1.797630072568940420e+02
1.786650566037735928e+02
1.777223918722786777e+02
1.766800928882438200e+02
1.759889230769230721e+02
1.747325050798258417e+02
1.740517155297532668e+02
1.733774397677793786e+02
1.726578229317852049e+02
1.720151407837445561e+02
1.715381596516690763e+02
1.707098519593614014e+02
1.703820957910014613e+02
1.697287082728592225e+02
1.694205863570391841e+02
1.686126560232220584e+02
1.683144963715529627e+02
1.680098693759071011e+02
1.673409811320754841e+02
1.669349433962264015e+02
1.664274484760522625e+02
1.656776777939041949e+02
1.651951001451378716e+02
1.649681161103047771e+02
1.646849114658926112e+02
1.643025486211901409e+02
1.639864150943396339e+02
1.636380609579100280e+02
1.634737416545718531e+02
1.633420493468795485e+02
1.630566269956458711e+02
1.629817474600870923e+02
1.627167140783744514e+02
1.623702641509433988e+02
1.621999535558780963e+02
1.623211378809869245e+02
1.623372075471698111e+02
1.622045283018867963e+02
1.620213991291727211e+02
1.619851494920174275e+02
1.616494165457184238e+02
1.615093178519593664e+02
1.612862467343976789e+02
1.610194484760522471e+02
1.607675007256894162e+02
1.605839883889695159e+02
1.604332423802612482e+02
1.602539912917271465e+02
1.602475703918722729e+02
1.602204238026124870e+02
1.602718606676342574e+02
1.600811494920174027e+02
1.600737532656023347e+02
1.599515123367198726e+02
1.598869666182873743e+02
1.599463222060958003e+02
1.598859680696661769e+02
1.596167895500725820e+02
1.596081857764876588e+02
1.595312046444121847e+02
1.595721451378809945e+02
1.594528766328011500e+02
1.594454804063860536e+02
1.592461886792452788e+02
1.591102002902757704e+02
1.587811552975326492e+02
1.586124586357039163e+02
1.583818055152394777e+02
1.583509782293178603e+02
1.582188330914368635e+02
1.581459390420899922e+02
1.581382757619738868e+02
1.581443134978229352e+02
1.579691727140783826e+02
1.579192452830188813e+02
1.578969753265602378e+02
1.578555703918722770e+02
1.578629782293178607e+02
1.578844818577648823e+02
1.578801625544267040e+02
1.577842322206095673e+02
1.577275355587808292e+02
1.575998258345428269e+02
1.574344150943396130e+02
1.572437503628447075e+02
1.567562031930333717e+02
1.565707750362844592e+02
1.564898461538461447e+02
1.564689579100145238e+02
1.563624615384615311e+02
1.564330914368650269e+02
1.564605515239477427e+02
1.564087547169811216e+02
1.562815094339622704e+02
1.563065544267053610e+02
1.563721915820028983e+02
1.563861132075471687e+02
1.563544963715529832e+02
1.563913033381712694e+02
1.564069782293178434e+02
1.564521915820029108e+02
1.563870420899854992e+02
1.563671988388969396e+02
1.562964760522496306e+02
1.563092249637155362e+02
1.564347053701015966e+02
1.564448882438316275e+02
1.565028621190130593e+02
1.564866182873730054e+02
1.563660029027576286e+02
1.562753904208998676e+02
1.561367663280116176e+02
1.560761451378809852e+02
1.560590188679245216e+02
1.562687373004354185e+02
1.564016603773584961e+02
1.609364296081277246e+02
1.650208185776487539e+02
1.687105486211901280e+02
1.715981654571843364e+02
1.746047140783744567e+02
1.770091146589259665e+02
1.795570275761973846e+02
1.818823686502176997e+02
1.840775616835994128e+02
1.860487895500725699e+02
1.874735442670537111e+02
1.894659738751814189e+02
1.911108621190130634e+02
1.927067634252539960e+02
1.944850043541364357e+02
1.958925515239477591e+02
1.974759825834542823e+02
1.991046734397677653e+02
2.002690740203192945e+02
2.018150130624092924e+02
2.012280638606676462e+02
2.001084586357039257e+02
1.984745660377358547e+02
1.972879071117561693e+02
1.958754949201741624e+02
1.948884179970972355e+02
1.938792917271407816e+02
