1.984386038495467464e+00
1.720863939543532950e-01
1.809957550315434149e-01
1.601631176453849059e-01
1.430397240461193376e-01
8.960087893488533073e-02
8.036241217146654348e-02
5.798198826849580018e-02
5.536275241230756428e-02
5.638100045654134695e-02
5.268412906386753941e-02
5.795229452236990569e-02
5.375062944555589889e-02
5.034698379587529415e-02
5.040389680928325511e-02
5.547410396027966512e-02
5.713695374332973531e-02
5.375681564266546197e-02
5.531573731427489454e-02
6.160833701412061353e-02
5.688331966183771821e-02
5.597766040499795037e-02
5.401539868184512122e-02
5.730398106528789004e-02
6.011004007418487699e-02
5.534048210271313994e-02
5.664948141109630436e-02
5.903859073480886843e-02
5.483197670030720561e-02
5.510416937312790503e-02
5.516231962595777999e-02
6.115179566743499107e-02
6.045151815463265660e-02
6.547594744701831782e-02
5.935532402681840264e-02
5.355267113804993567e-02
5.058453376488244307e-02
5.700580636460703121e-02
6.030552390284701220e-02
5.592074739158998942e-02
5.848183299494835036e-02
5.896188189065030422e-02
5.687837070415006913e-02
5.487156836180839825e-02
5.505715427509523530e-02
5.169062580807199520e-02
4.994364374433189757e-02
4.889693919339413442e-02
5.457215642170563236e-02
5.293652590593763557e-02
5.251833898133129175e-02
5.172898023015127383e-02
5.323222612777466639e-02
5.345864094198460315e-02
5.808591637993643086e-02
5.360958415145790357e-02
5.805869711265436439e-02
6.196837368589708239e-02
5.647874237087241456e-02
5.358731384186347924e-02
6.714993238486559324e-02
5.798198826849580018e-02
5.036801686604779754e-02
5.711963239142296006e-02
5.816881142120455123e-02
6.425602937701282991e-02
6.700888709076759098e-02
6.194610337630265806e-02
6.016571584817092394e-02
4.514439202673426604e-02
4.531636830638006985e-02
4.949700031302157327e-02
5.069217359458880884e-02
4.910479541627538885e-02
5.522541883647530403e-02
4.925821310459251035e-02
4.886600820784632593e-02
5.172031955419788968e-02
5.186260208771779900e-02
5.192322681939150197e-02
5.266433323311694309e-02
5.166216930136801472e-02
4.915675947199570767e-02
5.120191623641665718e-02
5.279300613299581224e-02
5.158669769663137145e-02
5.308623187598901505e-02
5.297859204628264929e-02
4.802715987978981721e-02
5.138255319201584514e-02
5.029378250073306134e-02
5.129718367190390371e-02
5.072310458013661733e-02
5.341286308337385436e-02
4.753721306871256519e-02
4.840822962173878946e-02
5.068351291863542468e-02
5.113015634994574898e-02
4.987064661843907537e-02
4.992384791358130125e-02
5.457463090054946037e-02
4.742462428131855035e-02
5.117098525086884869e-02
5.097178970394097841e-02
4.955391332642953423e-02
4.715985504502932801e-02
5.015273720663506601e-02
5.185022969349867977e-02
4.890188815108178350e-02
5.042369264003385143e-02
4.929904200551561005e-02
5.431852234021362219e-02
5.371474950232044132e-02
4.839090826983202115e-02
4.966155315613589999e-02
5.061917646869598664e-02
4.865320302727741547e-02
4.193623020571579652e-02
4.766588596859144128e-02
5.033213692281234691e-02
5.950997895455743120e-02
5.332130736615234290e-02
4.501324464801156888e-02
4.540173782649201822e-02
4.934605710354827979e-02
5.163618727350785531e-02
5.409705648369132758e-02
4.857525694369694419e-02
4.918274149985586013e-02
5.152112400727001940e-02
5.354648494094037953e-02
4.862103480230769992e-02
5.102375375966129029e-02
5.052019731494300503e-02
4.951555890435025559e-02
5.077754311470075721e-02
4.885611029247102777e-02
5.045586086500356698e-02
5.175248777916761217e-02
4.958855603024307779e-02
4.703365662399427993e-02
5.129594643248198971e-02
4.775744168581294580e-02
5.108809020960072833e-02
4.988549349150202261e-02
5.206922107117714638e-02
4.672434676851621588e-02
5.166711825905566380e-02
5.092230012706448761e-02
4.526316701123784397e-02
4.813356247007426897e-02
5.041379472465855327e-02
4.577290965306569231e-02
4.723532664976597822e-02
5.324707300083761363e-02
5.187744896078074625e-02
5.101509308370790613e-02
5.169681200518155828e-02
4.999437056063030238e-02
5.223006219602573802e-02
4.905283136055507698e-02
5.167577893500904795e-02
5.003148774328766701e-02
4.452329783693431686e-02
4.885116133478337869e-02
5.129594643248198971e-02
5.045586086500356698e-02
5.082579545215533401e-02
5.023192052963745130e-02
4.954648988989806407e-02
5.408839580773794342e-02
4.936832741314269718e-02
4.887590612322162409e-02
4.877197801178099340e-02
4.941163079290962490e-02
4.952916853799129576e-02
5.118583212393179593e-02
5.152607296495766848e-02
5.652452022948317029e-02
4.995230442028528173e-02
5.949513208149448396e-02
5.666185380531543053e-02
4.437606634572675846e-02
4.365475576275192060e-02
4.737513470444205954e-02
5.075651004452824688e-02
5.034327207760955214e-02
4.661299522054411504e-02
5.213974371822614751e-02
5.014283929125976785e-02
4.609211742391905453e-02
4.753350135044683011e-02
4.825110021515593289e-02
5.000798019427133562e-02
4.758175368790140691e-02
4.832780905931449711e-02
5.313819593170933386e-02
5.035564447182867831e-02
4.807912393551012908e-02
4.697550637116440497e-02
4.161949691370626231e-02
4.901818865674153342e-02
4.641008795535050274e-02
4.860371345040092467e-02
4.829440359492286755e-02
4.976424402815462361e-02
4.964670628307295969e-02
4.926811101996780851e-02
5.124521961618358490e-02
4.657958975615248548e-02
5.007850284132032981e-02
5.083940508579636725e-02
5.283383503391891889e-02
4.459753220224905307e-02
4.299530715087268584e-02
5.235502337763887903e-02
5.283136055507509088e-02
4.932254955453194839e-02
5.245647701023568171e-02
4.186075860097915324e-02
4.938441152562755843e-02
4.781559193864282076e-02
4.980012397139007424e-02
5.222263875949426787e-02
4.833770697468979527e-02
4.951432166492834852e-02
4.484745456547532816e-02
4.745060630917870975e-02
4.844163508613041902e-02
4.952050786203790467e-02
4.963804560711956859e-02
4.957618363602395856e-02
5.012304346050917153e-02
4.738503261981735770e-02
5.054494210338125043e-02
4.447504549947974006e-02
5.138997662854732223e-02
5.425666036911801215e-02
4.957494639660204455e-02
5.170794715997877045e-02
5.892600194741484665e-02
5.197766535395564186e-02
4.501819360569921796e-02
4.750628208316475670e-02
4.881899310981365619e-02
5.123779617965211475e-02
4.759412608212052614e-02
5.156566462645886112e-02
4.852576736682045339e-02
4.868289677340330995e-02
4.919263941523115830e-02
5.194549712898591937e-02
4.657340355904292239e-02
4.921490972482558263e-02
5.019975230466773575e-02
5.556071071981352055e-02
5.178341876471541372e-02
5.174258986379231401e-02
4.747040213992930607e-02
5.354648494094037953e-02
4.946483208805185772e-02
5.068846187632307376e-02
5.239337779971815767e-02
4.607479607201228622e-02
5.327924122580732919e-02
4.950194927070922235e-02
4.765598805321614312e-02
5.244410461601656248e-02
4.793065520488066361e-02
5.286847773773246245e-02
4.758175368790140691e-02
4.692106783660026509e-02
5.269773869750857265e-02
5.059195720141392016e-02
5.131450502381067202e-02
4.997581196930161312e-02
4.865444026669932948e-02
4.394055806921364632e-02
5.284373294929421705e-02
5.027151219113864394e-02
5.305406365101929950e-02
5.090869049342345437e-02
5.250844106595599359e-02
4.512335895656176266e-02
5.075898452337206795e-02
5.017253303738566234e-02
5.476887748978968157e-02
4.771908726373366716e-02
5.490002486851237873e-02
5.092601184533022268e-02
5.209891481730304086e-02
4.912830296529172025e-02
5.089755533862624221e-02
5.111530947688280174e-02
5.350813051886109395e-02
4.717470191809227525e-02
5.144317792368954811e-02
4.456041501959168843e-02
4.930275372378135207e-02
4.932626127279768347e-02
5.965597320634307560e-02
5.023068329021553730e-02
4.597952863652503969e-02
5.015273720663506601e-02
4.552793624752706630e-02
5.120933967294813427e-02
4.965289248018251583e-02
5.239956399682772076e-02
4.964423180422913168e-02
4.723161493150023621e-02
4.476332228478529379e-02
4.832162286220493402e-02
4.871259051952920444e-02
5.309365531252049214e-02
5.093343528186169977e-02
5.006613044710121058e-02
4.909737197974391870e-02
4.477816915784824103e-02
5.166340654078992872e-02
5.357122972937861799e-02
4.898478319234990386e-02
5.071691838302705424e-02
4.844039784670851195e-02
5.258020095242690872e-02
4.936585293429887611e-02
4.872991187143597969e-02
4.661670693880985011e-02
4.742214980247472927e-02
4.689137409047437061e-02
5.134172429109274544e-02
5.096312902798759426e-02
4.909489750090009069e-02
4.669960198007797048e-02
5.111778395572662281e-02
4.806922602013483092e-02
4.910603265569730286e-02
5.163866175235168332e-02
4.261176293007988558e-02
4.797643306349141240e-02
5.463773011106698441e-02
5.091116497226727544e-02
5.058082204661670800e-02
4.747906281588269023e-02
4.900457902310050018e-02
4.642369758899153598e-02
5.146544823328396551e-02
4.990281484340879092e-02
4.946854380631759279e-02
5.240698743335919091e-02
4.807664945666630801e-02
5.002035258849045485e-02
4.698540428653970313e-02
4.861732308404196484e-02
5.098168761931627657e-02
4.652762570043216667e-02
5.200859633950344341e-02
4.907386443072758037e-02
4.792075728950536545e-02
5.015026272779124494e-02
4.329843080924118681e-02
5.851647569876189392e-02
5.053875590627168735e-02
4.395045598458894448e-02
4.639276660344373443e-02
5.151741228900428432e-02
4.834884212948700050e-02
4.859134105618180544e-02
4.885858477131484884e-02
5.599869347517046070e-02
5.546668052374819496e-02
5.263463948699104861e-02
4.975310887335741145e-02
4.851463221202324816e-02
4.285055013850895544e-02
4.489075794524225588e-02
4.799746613366392273e-02
4.784157396650298016e-02
4.767083492627909036e-02
4.794302759909978284e-02
4.715614332676359294e-02
5.143204276889233595e-02
4.515305270268765714e-02
4.759783780038626816e-02
5.003272498270958102e-02
4.731450997276836351e-02
4.764609013784084496e-02
5.127738784115330739e-02
4.754834822350977735e-02
4.753473858986874412e-02
4.809273356915116926e-02
5.237853092665521043e-02
4.721553081901538190e-02
4.820779683538900517e-02
5.054989106106889951e-02
5.081094857909238677e-02
5.548029015738922820e-02
5.054123038511551536e-02
4.729842586028350226e-02
4.600798514322902016e-02
4.143019928215369019e-02
4.953782921394467992e-02
5.205066247984846406e-02
5.088270846556329496e-02
4.552669900810515230e-02
5.026656323345099486e-02
5.240327571509345583e-02
4.514810374500000806e-02
4.975805783104506053e-02
4.577414689248760632e-02
4.470022307426776975e-02
4.817315413157546161e-02
4.611686221235729993e-02
5.149514197940985999e-02
4.856783350716547404e-02
4.691611887891261601e-02
4.821769475076430334e-02
4.251402101574881798e-02
4.552051281099559615e-02
4.654742153118276299e-02
4.496499231055699208e-02
6.035748795856732407e-02
5.320376962107067897e-02
4.696437121636719281e-02
4.834141869295553035e-02
5.140977245929791856e-02
5.166093206194610071e-02
5.138007871317202407e-02
5.085177748001549342e-02
5.056844965239758183e-02
4.565042295029637931e-02
4.720563290364008374e-02
4.717717639693610326e-02
5.257648923416117365e-02
4.710912822873092320e-02
5.027398666998246501e-02
5.080723686082665169e-02
5.178094428587159265e-02
4.995106718086336772e-02
5.318026207205434758e-02
5.017377027680757634e-02
4.949081411591201018e-02
4.831419942567345693e-02
5.104354959041188661e-02
4.688889961163054260e-02
4.672558400793812988e-02
5.060680407447686741e-02
5.128976023537242662e-02
4.746050422455400791e-02
4.888704127801883625e-02
4.574197866751789077e-02
4.818305204695075977e-02
4.678002254250226977e-02
4.953906645336658698e-02
4.602159477687005340e-02
5.147287166981544260e-02
5.089384362036050713e-02
5.120810243352622027e-02
4.982734323867214765e-02
5.106458266058439693e-02
4.917531806332438998e-02
5.041255748523663927e-02
4.844658404381806810e-02
4.793312968372448468e-02
4.780940574153326461e-02
5.027769838824820703e-02
4.991518723762791709e-02
4.991642447704982416e-02
4.625543302761147418e-02
4.690498372411540384e-02
5.011809450282152245e-02
4.939554668042477059e-02
4.669217854354650032e-02
4.684188451359787980e-02
4.487714831160122264e-02
4.796158619042846516e-02
4.622573928148557970e-02
4.762876878593406971e-02
4.802468540094599614e-02
4.782796433286194693e-02
4.877321525120290741e-02
5.838285384119536875e-02
5.120439071526048519e-02
4.466310589161040512e-02
4.675651499348593143e-02
4.948833963706818911e-02
4.643483274378874814e-02
4.899715558656902309e-02
4.771042658778028300e-02
4.853690252161766555e-02
4.917408082390247598e-02
5.216077678839865089e-02
5.157556254183415928e-02
5.262597881103765751e-02
4.843421164959894887e-02
4.833028353815831818e-02
4.877816420889055649e-02
4.696313397694527880e-02
4.989910312514305585e-02
4.782920157228385399e-02
4.979641225312433916e-02
5.134048705167083143e-02
4.903674724807021573e-02
4.725635971993848161e-02
4.912830296529172025e-02
4.532255450348963294e-02
4.590529427121030348e-02
4.901695141731961941e-02
4.435874499381999014e-02
5.108314125191307925e-02
4.632224395639473330e-02
4.855793559179017588e-02
5.127491336230947938e-02
4.744565735149106067e-02
4.788364010684799388e-02
5.080228790313900261e-02
5.293900038478146358e-02
4.650411815141583527e-02
4.622079032379793062e-02
5.092601184533022268e-02
4.764609013784084496e-02
4.475342436940999563e-02
4.942895214481640015e-02
4.937451361025226027e-02
4.710665374988710213e-02
5.003767394039723010e-02
4.885487305304911376e-02
4.634327702656724363e-02
4.843792336786468394e-02
4.831048770740772186e-02
4.826223536995314506e-02
4.833028353815831818e-02
5.001911534906854084e-02
5.036059342951632739e-02
4.954648988989806407e-02
4.653628637638555082e-02
4.604262784704256373e-02
4.730090033912732334e-02
4.747658833703886222e-02
4.707572276433929365e-02
4.820779683538900517e-02
5.794734556468225661e-02
5.038533821795457279e-02
4.220966011795840994e-02
4.788982630395755696e-02
5.391641952809213961e-02
4.754339926582212827e-02
4.784776016361254325e-02
4.594117421444576105e-02
4.711902614410622137e-02
4.873362358970171476e-02
4.433152572653791673e-02
5.027769838824820703e-02
4.856288454947782496e-02
5.095941730972185918e-02
5.368876747446028191e-02
4.827213328532844322e-02
4.573455523098641368e-02
5.045586086500356698e-02
5.038781269679839386e-02
5.223006219602573802e-02
5.315551728361610218e-02
4.914438707777658150e-02
4.630739708333178606e-02
4.591519218658560164e-02
4.636059837847401194e-02
4.713882197485681769e-02
4.492168893079006436e-02
4.446267310526062083e-02
4.999808227889603746e-02
4.919016493638733722e-02
5.094457043665891194e-02
4.846761711399057843e-02
4.625790750645529525e-02
4.669589026181223540e-02
4.702128422977515376e-02
4.453814470999726410e-02
4.490807929714903113e-02
4.586693984913102484e-02
4.703365662399427993e-02
4.914191259893276043e-02
5.485795872816736501e-02
4.858020590138459327e-02
4.853937700046149356e-02
4.612181117004494901e-02
4.871753947721685352e-02
5.122542378543298858e-02
5.453380199962635372e-02
5.030615489495218751e-02
4.410882263059371505e-02
4.427708719197378379e-02
4.431915333231879750e-02
5.127615060173139339e-02
4.893405637605149905e-02
4.933615918817298163e-02
4.536462064383465359e-02
4.489323242408608389e-02
4.746174146397591498e-02
4.588178672219397208e-02
4.558361202151312019e-02
5.122171206716725350e-02
5.555205004386013640e-02
4.993622030780042048e-02
4.962072425521280028e-02
4.938193704678373736e-02
5.043359055540914959e-02
4.853690252161766555e-02
4.932873575164150454e-02
4.647194992644611972e-02
4.661052074170028703e-02
4.818676376521650179e-02
4.675651499348593143e-02
4.995849061739484481e-02
4.620470621131306938e-02
5.036059342951632739e-02
5.336089902765353554e-02
4.690374648469348984e-02
5.024429292385657747e-02
5.024924188154422655e-02
4.917655530274629705e-02
4.712768682005961246e-02
4.839461998809775622e-02
4.628760125258118974e-02
5.106829437885013201e-02
4.553041072637089431e-02
4.755948337830698952e-02
4.581126407514497095e-02
4.901076522021005633e-02
4.814717210371530914e-02
4.858639209849415636e-02
4.767702112338865345e-02
4.932254955453194839e-02
4.637544525153695918e-02
4.824738849689019782e-02
4.548215838891631752e-02
4.984961354826656504e-02
4.825976089110932399e-02
4.834884212948700050e-02
4.837111243908142483e-02
4.966897659266737708e-02
5.083569336753063217e-02
4.447133378121400499e-02
4.899839282599093709e-02
4.876208009640569524e-02
4.948339067938054003e-02
4.938441152562755843e-02
4.314377588150215825e-02
4.710541651046518813e-02
4.777228855887589304e-02
5.020593850177729189e-02
4.443297935913472635e-02
5.055360277933463459e-02
5.050040148419240871e-02
4.930275372378135207e-02
5.076145900221589596e-02
5.182919662332616945e-02
4.837606139676907391e-02
4.342710370912006290e-02
5.271629728883725496e-02
4.886971992611206100e-02
4.663897724840426751e-02
5.660370355248555557e-02
5.271011109172769188e-02
4.633337911119194547e-02
4.639029212459990642e-02
4.853566528219575155e-02
5.040760852754899018e-02
4.780569402326752260e-02
4.580507787803541481e-02
4.882270482807939821e-02
4.872620015317023767e-02
4.845524471977145919e-02
4.654123533407319990e-02
4.813232523065236190e-02
4.919140217580924429e-02
5.077630587527884320e-02
4.883136550403278237e-02
4.968258622630841032e-02
4.597210519999356954e-02
4.727739279011099194e-02
5.091982564822066654e-02
5.161639144275725899e-02
4.902066313558535449e-02
4.523965946222151258e-02
4.816573069504399146e-02
4.634327702656724363e-02
5.071815562244896824e-02
4.679981837325286609e-02
4.570857320312625427e-02
4.684683347128552888e-02
4.674290535984489819e-02
5.014531377010359586e-02
4.686044310492656212e-02
5.263711396583486968e-02
4.808654737204160617e-02
4.825110021515593289e-02
4.871259051952920444e-02
4.873733530796744984e-02
4.940791907464388982e-02
5.042864159772150051e-02
5.154834327455208587e-02
4.759907503980817522e-02
4.719202326999905051e-02
4.662907933302896935e-02
4.699777668075882237e-02
4.692725403370982817e-02
4.705345245474487625e-02
4.890312539050369056e-02
4.396282837880807065e-02
4.671197437429709665e-02
4.801231300672686997e-02
4.507386937968527185e-02
4.915675947199570767e-02
4.675527775406402436e-02
4.426595203717657162e-02
4.768939351760777268e-02
4.740854016883368910e-02
4.911593057107260102e-02
4.512212171713984865e-02
4.802221092210216813e-02
4.196592395184169100e-02
5.422449214414828966e-02
4.849359914185073783e-02
5.201973149430065557e-02
4.743328495727193450e-02
5.152483572553575447e-02
4.880538347617262296e-02
4.685796862608274105e-02
5.069712255227645792e-02
4.664145172724809552e-02
4.776857684061015796e-02
4.446143586583870683e-02
5.156319014761503311e-02
5.030120593726453843e-02
4.903551000864830173e-02
4.742462428131855035e-02
4.870887880126346936e-02
4.894519153084871121e-02
5.038533821795457279e-02
4.870640432241964135e-02
4.668475510701502323e-02
4.687528997798950936e-02
4.636307285731783995e-02
4.723780112860979929e-02
4.508005557679483494e-02
4.735038991600381414e-02
5.044225123136253375e-02
4.881280691270410005e-02
4.996220233566057989e-02
5.025790255749761071e-02
4.868413401282522396e-02
5.071939286187088225e-02
4.952545681972555375e-02
5.053380694858403827e-02
5.150380265536324415e-02
5.005375805288208441e-02
5.123160998254255166e-02
5.321861649413362622e-02
4.848122674763161166e-02
4.836368900254994774e-02
5.173145470899510184e-02
4.765598805321614312e-02
5.113263082878957005e-02
4.722047977670303098e-02
5.070702046765175608e-02
5.062412542638363572e-02
4.721676805843728897e-02
4.898725767119372493e-02
5.113634254705530513e-02
4.953164301683511683e-02
4.825481193342167491e-02
4.768939351760777268e-02
5.123532170080828674e-02
4.851092049375750614e-02
4.721058186132773282e-02
4.445896138699487882e-02
4.766217425032570620e-02
4.822388094787386642e-02
4.810634320279220250e-02
4.983600391462553181e-02
4.573950418867406276e-02
5.982052604945740926e-02
5.078125483296649229e-02
4.681219076747198532e-02
4.783167605112768200e-02
4.357928415801527039e-02
5.048679185055137547e-02
4.552917348694898031e-02
4.781559193864282076e-02
4.900457902310050018e-02
5.008221455958607182e-02
5.022944605079363023e-02
4.964546904365104568e-02
4.980878464734345840e-02
5.163989899177359733e-02
4.731945893045601259e-02
5.006984216536694565e-02
5.073300249551191549e-02
4.995230442028528173e-02
4.978898881659286207e-02
4.425234240353553838e-02
4.739245605634883479e-02
4.629131297084692481e-02
4.958731879082117072e-02
4.758422816674522798e-02
4.890559986934751857e-02
4.783662500881533108e-02
4.980383568965580932e-02
4.859134105618180544e-02
4.581497579341071297e-02
4.835750280544039159e-02
4.874847046276466200e-02
4.891797226356663780e-02
4.741225188709943111e-02
4.808902185088542725e-02
4.664887516377956567e-02
4.894519153084871121e-02
4.825604917284358197e-02
4.773393413679661440e-02
4.486725039622592448e-02
4.819294996232605793e-02
4.831791114393919895e-02
4.814964658255913021e-02
4.781806641748664877e-02
4.646700096875847064e-02
4.975310887335741145e-02
5.130708158727920187e-02
4.825357469399976090e-02
4.651772778505686851e-02
4.643978170147639722e-02
4.950318651013113636e-02
4.616264007096805566e-02
4.982981771751596872e-02
4.966155315613589999e-02
4.979022605601477608e-02
4.610077809987243869e-02
5.068227567921351068e-02
4.622821376032940077e-02
4.765722529263805712e-02
5.252205069959703376e-02
4.460495563878053016e-02
5.978217162737813062e-02
5.173145470899510184e-02
4.846143091688101534e-02
4.794302759909978284e-02
5.247627284098627803e-02
4.765722529263805712e-02
4.737389746502014554e-02
5.053628142742786628e-02
4.682208868284728348e-02
4.918645321812159521e-02
4.904911964228933496e-02
4.741843808420898726e-02
4.776486512234442289e-02
4.834141869295553035e-02
5.107076885769396002e-02
4.801478748557069798e-02
4.776733960118824396e-02
4.657835251673057148e-02
4.695199882214807358e-02
4.566774430220315456e-02
5.032842520454660490e-02
4.746792766108547806e-02
5.015149996721315201e-02
4.623687443628278493e-02
4.895880116448974445e-02
4.664516344551383059e-02
4.802344816152408213e-02
4.867299885802801179e-02
4.709304411624606890e-02
4.806180258360336077e-02
4.972712684549725204e-02
4.678125978192417683e-02
4.734420371889425105e-02
4.589663359525691932e-02
4.541905917839878654e-02
4.547844667065057550e-02
5.067361500326012652e-02
4.543266881203982671e-02
5.024924188154422655e-02
4.449112961196460131e-02
4.683198659822258164e-02
4.603025545282344450e-02
4.496004335286934300e-02
5.152483572553575447e-02
4.801726196441451905e-02
4.598324035479077476e-02
4.876331733582760924e-02
4.965907867729207892e-02
4.960587738214985304e-02
4.346793261004316955e-02
4.993993202606616250e-02
5.158793493605327851e-02
4.913820088066701841e-02
