5.825177186023449849e+01
4.702241318127904179e+01
4.707838962453090659e+01
4.564563038363569092e+01
4.815571953567053498e+01
4.883729510587411937e+01
4.723255483287639578e+01
4.693126203114974260e+01
4.539698054599544719e+01
4.375532530284469601e+01
4.455165373621886715e+01
4.350888968286375302e+01
4.354791678819343304e+01
4.455665091679791345e+01
4.549559951583736961e+01
4.786832331952789588e+01
4.994780546967664492e+01
5.120601946372669033e+01
5.118708802426646542e+01
5.132105183845690277e+01
5.260245070874409379e+01
5.158788208014933474e+01
5.263542699644169431e+01
5.188520095665869292e+01
5.051884758599234004e+01
5.034334227770324333e+01
5.201704534406657388e+01
5.226049991250072679e+01
5.341930744327130753e+01
5.522899774446324273e+01
5.504876990608411802e+01
5.443010509634641636e+01
5.564453664275019662e+01
5.482950159443115723e+01
5.371863151140406956e+01
5.593969112757393702e+01
5.590802611367127639e+01
5.643641598125571335e+01
5.669889434949153184e+01
5.674480959186450946e+01
5.653582365980283697e+01
5.732191589375644014e+01
5.900930287386493944e+01
5.939053719691224842e+01
5.849873612164343228e+01
5.833876679499893214e+01
5.702145068929981164e+01
5.395939669252756232e+01
5.509710596161698959e+01
5.622845087402049558e+01
5.761639225923117635e+01
5.971288086488168290e+01
6.184154125104512900e+01
6.127216648194598037e+01
5.968947237939683959e+01
5.782590561745318780e+01
5.765284421240934165e+01
5.778621133018336309e+01
5.854920497190300921e+01
5.924701165684730597e+01
5.910850760271441828e+01
5.772821389682863469e+01
5.677648554317602958e+01
5.732618634428046533e+01
5.893191462987808649e+01
6.110446197670574975e+01
5.991186028310875145e+01
5.992437997044469000e+01
5.920778160181998828e+01
5.844426904081355190e+01
5.780467853740107387e+01
5.745044016994302893e+01
5.581025783118474237e+01
5.460444739349394183e+01
5.402037031635847342e+01
5.537181721402321699e+01
5.674097056135643413e+01
5.545402520951214598e+01
5.485728018238737036e+01
5.515929728363374807e+01
5.430280216414863048e+01
5.507516551945400352e+01
5.540531971261350463e+01
5.528395336288864570e+01
5.488567491104240759e+01
5.726209798946119633e+01
5.758492411868790128e+01
5.690205793423943703e+01
5.654460032277508930e+01
5.646055970366913357e+01
5.626318200820549009e+01
5.498919627058663195e+01
5.486430321413988054e+01
5.477025851173462456e+01
5.326746582667366425e+01
5.629517757490909702e+01
5.635225140484940454e+01
5.489570694549767893e+01
5.587941992844503858e+01
5.544387164829181813e+01
5.476528806704388330e+01
5.481861279628225248e+01
5.463688653289000285e+01
5.582370112193509470e+01
5.491838870092749403e+01
5.620833940967158782e+01
5.803970400941103236e+01
5.885358212292675262e+01
5.723609976861303750e+01
5.669680773493553971e+01
5.655010305469676979e+01
5.639884476657138634e+01
5.624179086702055486e+01
5.596282496256975492e+01
5.606626368391374626e+01
5.525500082638200183e+01
5.473822405646619416e+01
5.419332599311672283e+01
5.422566791110074291e+01
5.499000563884190029e+01
5.460554113437943613e+01
5.471509508254097653e+01
5.512875031596959019e+01
5.724065580703494049e+01
5.599383008613816770e+01
5.570220838437457189e+01
5.578154348713760413e+01
5.544406487584825527e+01
5.824868021933150430e+01
5.792585165956950277e+01
5.792095291567014925e+01
5.812695050457912771e+01
5.760044308658538625e+01
5.762034187909544869e+01
5.754083785412899488e+01
5.694868896925859048e+01
5.678064905014680619e+01
5.705856739388283216e+01
5.699417643741857376e+01
5.842833202084427313e+01
5.824869480254331222e+01
5.701760558245347710e+01
5.725654178576289866e+01
5.739902705671897110e+01
5.644303675941589660e+01
5.938036662194481607e+01
5.907296102393591042e+01
5.816375731591125486e+01
5.838071175795757028e+01
5.805850541523265207e+01
5.773436679694335538e+01
5.828904898014738478e+01
5.960942756032588363e+01
5.962688123432305076e+01
5.878153011919344806e+01
5.841152851504015331e+01
5.826058741177156719e+01
5.812792879503781762e+01
5.864136236364696941e+01
5.883329444476851933e+01
5.803628303097474372e+01
5.768835068735538130e+01
5.798824593128390603e+01
5.822902204981625118e+01
5.739087625658675051e+01
5.650387548853759512e+01
5.636403585525675908e+01
5.567500218748177332e+01
5.704153055668980699e+01
5.733293351027630536e+01
5.699766790137859829e+01
5.842825667424993696e+01
5.830970245386843942e+01
5.837068579984055816e+01
5.812635016235975627e+01
5.800282063621691719e+01
5.774119417060413184e+01
5.710320903575803442e+01
5.644983861245600565e+01
5.535619494837543186e+01
6.016145073791052056e+01
6.053984011938789678e+01
6.102287619825390408e+01
6.093706007311050143e+01
6.121622528145599063e+01
6.163109578253514798e+01
5.953896634194715176e+01
5.931695031013630626e+01
6.139379532948336760e+01
6.232094489490365419e+01
6.245917551381516120e+01
6.241421547181550977e+01
6.213722923836746048e+01
6.171247739602169702e+01
6.349652311925178338e+01
6.341083824301464489e+01
6.172309154368158346e+01
6.164878764899181363e+01
6.167121662875031518e+01
6.104951608042155442e+01
6.039464237103580047e+01
6.088901689708141163e+01
6.100134044021855573e+01
5.923989261895039959e+01
5.838890995352816304e+01
5.835767392910614859e+01
5.868151116101810061e+01
6.221876883664858582e+01
6.186265409593809039e+01
6.096340342997141448e+01
6.070678994341713519e+01
6.094712978086293731e+01
6.054502445118512810e+01
6.057361726846720984e+01
5.995716424585350524e+01
5.889680676272141824e+01
5.869457893406443816e+01
5.908844353380388270e+01
6.219584159715335403e+01
6.134946358085905160e+01
6.062070888992591478e+01
6.062290973964105945e+01
6.073572060510606718e+01
6.047820538995508599e+01
6.212331077796574164e+01
6.202084913181278836e+01
6.074889167590269778e+01
6.024521184545684349e+01
6.042743029224756413e+01
6.096965841256878349e+01
6.504399633475276232e+01
6.629349685974838735e+01
6.491468942619923155e+01
6.241674808959925258e+01
6.202226248809037656e+01
6.201628215598203298e+01
6.093887811351572026e+01
6.109931531820568296e+01
6.109583843745746634e+01
6.129231683485971161e+01
6.225719681502653913e+01
6.509891549514864550e+01
6.456750447218495026e+01
6.401307141884929308e+01
6.418254170798576297e+01
6.411121400377219004e+01
6.377649891112018565e+01
6.528021519959555974e+01
6.515874312158510406e+01
6.440828861148379758e+01
6.467802941919929083e+01
6.474232072371619040e+01
6.230693650469579126e+01
6.505351066518889525e+01
6.599925868673317098e+01
6.468404742460479895e+01
6.734350633883606463e+01
6.769703377471854822e+01
6.828660872270508264e+01
6.906617618464289876e+01
7.120715695424760838e+01
6.991691579653502231e+01
7.027190276886581444e+01
7.093272885920394799e+01
7.037413837523575921e+01
6.969327981294600249e+01
6.988434054716211108e+01
7.033440155359816970e+01
7.037720814132104863e+01
6.996258433957494560e+01
6.935943363666413575e+01
6.915273362305313753e+01
6.903703163584748381e+01
6.881717391938400397e+01
6.796609889362032675e+01
6.804265954033716923e+01
6.768668090960352401e+01
6.607584242353536297e+01
6.594702891364794084e+01
6.670999460421163008e+01
6.564204412879892914e+01
6.720132123898967791e+01
6.960007850629023096e+01
6.966646128643373004e+01
6.650360812965448076e+01
6.744387407882712182e+01
6.726478859203950833e+01
6.652315570981352266e+01
6.810913468082210898e+01
6.859974066188337360e+01
6.929093264500573923e+01
6.920487346633223069e+01
6.962242970891908556e+01
6.880092943669913552e+01
6.775371993427832251e+01
6.678023099807501239e+01
6.601171882595423313e+01
6.530806305780785692e+01
6.362786803165528937e+01
6.547806927997822868e+01
6.518196688638705893e+01
6.723950251803456979e+01
6.855961009352699875e+01
6.808357031052518948e+01
6.828388044682961322e+01
6.808961991288961713e+01
7.098002829143089798e+01
7.138081627097551518e+01
7.012640971047463267e+01
6.799097420715938256e+01
6.883284479573781312e+01
6.886866602500535350e+01
6.950113141418266594e+01
7.195672796476695510e+01
7.344725495343094224e+01
7.324928056155087575e+01
7.052962457951738884e+01
7.002129513504054614e+01
6.909663322250092676e+01
6.711128935036651910e+01
6.937940899103618619e+01
6.908899283478193354e+01
6.966599583892356407e+01
7.118899113340722806e+01
6.979466351669292123e+01
6.910682567228606388e+01
7.212245036846914559e+01
7.157810525190068063e+01
7.173953654552879300e+01
7.092447354605378962e+01
7.135142745338232828e+01
6.977677477687686292e+01
7.132466725971727328e+01
7.259774276186587372e+01
7.154975427288106005e+01
7.479239704252464094e+01
7.421311541153824010e+01
7.517129562114760688e+01
7.542521607458826338e+01
7.725091509654086508e+01
7.586783842773532172e+01
7.462956576056311064e+01
7.418062887670380690e+01
7.565453100390830343e+01
7.837675120068443846e+01
7.918379829473643383e+01
7.850610428940869667e+01
7.962878920453441367e+01
7.921015988061211033e+01
8.029937389410643789e+01
8.018260004083299464e+01
7.794335515954033156e+01
7.784118882342647794e+01
7.770919738863287307e+01
7.750332132648894401e+01
8.067055066207781522e+01
8.056830168776370726e+01
7.997806927997822868e+01
7.855629970444691423e+01
7.891103268583873387e+01
7.885020246359057694e+01
7.771491765346399916e+01
8.252674317991794339e+01
8.259529035174706735e+01
8.092904659822279712e+01
8.082957572575783445e+01
8.091529949055980353e+01
8.060827548659317188e+01
8.001383703746913056e+01
8.022958471873845099e+01
7.951180875576037010e+01
7.936024057438410750e+01
8.282605752590950488e+01
8.270271028991425055e+01
8.274642225203679402e+01
8.153172334674988520e+01
8.076455890645355851e+01
8.049650245970173046e+01
8.091561181434599348e+01
8.042296175309650152e+01
7.933404183437360757e+01
8.035853798440568596e+01
8.038762055455093503e+01
8.282916375002430698e+01
8.272301619708724729e+01
8.263056349530420164e+01
8.291126115615703895e+01
8.279842963114195697e+01
8.213165480565439225e+01
8.235960012833226074e+01
8.185729233506387459e+01
8.173112567811935492e+01
8.175886051644013719e+01
8.085347882517645246e+01
8.375889211339905671e+01
8.342109996305586606e+01
8.338167303466914859e+01
8.435603210251025530e+01
8.360058891870345121e+01
8.271330985436232197e+01
8.253858839370782619e+01
8.177371108712982561e+01
8.258482689727586035e+01
8.813805683563748516e+01
8.682755716619028874e+01
8.635181026269225413e+01
8.690392093954773145e+01
8.547028670594411892e+01
8.514443942133814858e+01
8.454114288630927376e+01
8.475725393260611895e+01
8.537668557623130994e+01
8.509318672344397783e+01
8.485468558595344746e+01
8.458687340799937715e+01
8.474802397480020488e+01
8.539491337572187035e+01
8.539833070835520346e+01
8.544717717630130949e+01
8.489632430146414777e+01
8.358788329541698658e+01
8.446458102432480075e+01
8.390089370783020684e+01
8.284755682591533343e+01
8.256145122401757419e+01
8.142297755157595418e+01
8.198777076163254662e+01
8.271633344027688395e+01
8.088032408757705127e+01
8.333878866981663691e+01
8.417650911936844693e+01
8.258404061910594862e+01
8.210933641525210192e+01
8.616894164770849329e+01
8.660126460751716593e+01
8.882193533803885543e+01
8.997062211981567259e+01
9.002980322386201806e+01
8.895209536448307119e+01
8.870258876314919405e+01
8.789405782729588168e+01
8.723776103949133187e+01
8.729817442493535395e+01
8.666954563573081316e+01
8.528048134321102225e+01
8.452099374866320147e+01
8.357477055746757344e+01
8.280970002333313573e+01
8.608457169106924312e+01
8.688862801143324077e+01
8.852856851192906618e+01
8.759466813470999114e+01
8.621099720002332845e+01
8.586524261603375408e+01
8.641214951680957768e+01
8.668899234867487280e+01
8.535773590775632158e+01
8.428735489704251904e+01
8.372616617083745894e+01
8.218304968986369374e+01
8.632506222170370336e+01
8.540400843881856474e+01
8.422647727935600415e+01
8.779201666375001878e+01
8.723865790701744061e+01
8.655669831223629274e+01
8.840516780415718756e+01
8.973732354313713699e+01
9.115128259347838480e+01
8.988433447082385896e+01
9.290224994652822943e+01
9.289775588675649942e+01
9.305138637733574569e+01
9.370603283167085351e+01
9.383302465535010128e+01
9.354763970716911103e+01
9.336913997938906107e+01
9.262478246709055441e+01
9.204788033016392035e+01
9.169818341791595628e+01
9.148952439285228877e+01
9.200933325555620002e+01
9.145322313286278870e+01
9.123283069863306594e+01
9.162315886950942456e+01
9.174237905656342207e+01
9.015037600381107552e+01
8.988011627680880622e+01
8.860026930331136441e+01
8.662036375391316767e+01
8.696977629353088446e+01
8.700579439615781041e+01
8.995102106787999219e+01
8.938461276711582570e+01
8.872432868614983192e+01
8.846238017460964898e+01
9.188147616130976303e+01
9.154951608042155442e+01
9.060357483132085576e+01
9.015399871667736420e+01
9.071301575959088836e+01
9.108950689299811643e+01
9.392504107604658259e+01
9.302407323688969143e+01
9.278433374166326075e+01
9.266096706138560535e+01
9.309867608742149514e+01
9.389103788718426813e+01
9.304231197378911133e+01
9.375235154290380990e+01
9.396669437476910502e+01
9.314584670127749177e+01
9.279793623247583412e+01
9.215197043496860374e+01
9.374509396449474252e+01
9.474148583484026176e+01
9.257286987886212160e+01
9.132355164401407421e+01
9.055958821870929398e+01
9.002178974897431374e+01
9.256962146843220296e+01
9.259991079935444702e+01
9.658324583406249531e+01
9.609798216959302408e+01
9.515422354119270665e+01
9.577002639561337105e+01
9.609123014252658379e+01
9.623116456668417129e+01
9.636290322580644840e+01
9.559214402379980413e+01
9.645919009702697622e+01
9.633453037196912305e+01
9.432400007777712858e+01
9.440716084310408007e+01
9.446511574209104367e+01
9.305663511831845369e+01
9.191424585350677035e+01
9.071252965253067657e+01
9.150334320130664878e+01
9.084248915981255834e+01
9.143246150032082653e+01
9.112048406541056522e+01
9.194348154737599543e+01
9.180432489451476386e+01
9.706485518870675833e+01
9.642037444826848969e+01
9.692187894961986672e+01
9.473347600575550587e+01
9.517370185109568581e+01
9.615654470240525598e+01
9.729274460907269884e+01
1.013142900892492548e+02
1.030737266425557550e+02
1.027471453362888667e+02
1.033966767290828130e+02
1.026510504773571313e+02
1.013045327052830089e+02
1.010112861906706314e+02
1.001424877014913761e+02
9.995892638394680318e+01
1.007986617472632105e+02
9.983403818857064493e+01
9.860618158043126869e+01
9.905504433296388811e+01
9.836453168445818562e+01
9.798034669155535425e+01
1.040233732427229825e+02
1.051134136382196829e+02
1.041875619786501801e+02
1.008424271811623782e+02
1.003484354644266858e+02
1.015489278908786872e+02
1.013813959536448266e+02
1.031475067568881343e+02
1.025458508331875009e+02
1.020726499154173723e+02
1.022476703319138949e+02
1.019518826926442330e+02
1.013624693752552020e+02
9.911349749168756773e+01
9.907918684010967070e+01
9.954249061813374055e+01
1.026091638472457106e+02
1.054295071846623557e+02
1.059014952653172372e+02
1.066542344786015661e+02
1.056926065546676057e+02
1.054616364308075163e+02
1.076281584806237674e+02
1.090769167201384420e+02
1.091752136440529597e+02
1.075926945400454997e+02
1.068579728849481825e+02
1.073726994983375107e+02
1.073851827276439366e+02
1.071229972389118927e+02
1.064181796748916042e+02
1.054823688969258626e+02
1.049245160804215544e+02
1.048091239864667727e+02
1.046140881117657386e+02
1.037347471757179846e+02
1.043094703377471859e+02
1.051531468140543240e+02
1.050864650780687981e+02
1.042101392210620503e+02
1.041856090435357487e+02
1.049056855081763189e+02
1.043750911450737959e+02
1.044255903770246334e+02
1.045029445935172703e+02
1.043198754593711755e+02
1.040277895253650655e+02
1.041304942250481247e+02
1.043595138443290722e+02
1.029234369227478680e+02
1.033238396624472557e+02
1.050117953878162069e+02
1.055424274242159157e+02
1.079971307530770588e+02
1.071318735538314968e+02
1.073419313519609517e+02
1.080859498045849563e+02
1.070272086274281094e+02
1.060048124598961721e+02
1.059719929417254889e+02
1.048433629372533034e+02
1.059524526531723296e+02
1.060358552567617494e+02
1.056086570806354388e+02
1.082590014874876090e+02
1.095406798693344257e+02
1.117109133465554436e+02
1.139476936650527961e+02
1.138521201559431404e+02
1.133905311205739963e+02
1.126596156837581901e+02
1.124516602986641800e+02
1.119590479107118597e+02
1.120208758677011076e+02
1.122165339594392321e+02
1.115618255264539442e+02
1.121400365066402287e+02
1.143155977172412463e+02
1.123655269886639871e+02
1.103971348849870679e+02
1.109113887592603334e+02
1.110220619689280426e+02
1.107788893425888119e+02
1.103613744191020629e+02
1.102601766513056845e+02
1.107809601586653514e+02
1.106501645472398820e+02
1.099748245153512585e+02
1.100476141865484436e+02
1.102575273678274925e+02
1.103631584320130656e+02
1.087692692838670752e+02
1.084199381671819395e+02
1.094905670924964483e+02
1.093134442629644809e+02
1.077623860078943778e+02
1.079068703941356091e+02
1.086159608392152336e+02
1.084551578389624495e+02
1.078435853312333563e+02
1.071819851154018153e+02
1.069168635400260570e+02
1.067013807871045543e+02
1.066245053860662324e+02
1.059212871142740511e+02
1.051964431546403773e+02
1.050534353185945662e+02
1.044003383305139181e+02
1.037061956775360159e+02
1.027690055707869163e+02
1.058102468937758829e+02
1.057130449260145042e+02
1.045786387543992646e+02
1.046058036321919502e+02
1.045011447821268149e+02
1.041908419860390040e+02
1.038434467907211882e+02
1.036173936397752300e+02
1.045251207976044583e+02
1.049103120321219507e+02
1.050881372863559449e+02
1.050129450310136292e+02
1.047735944214353765e+02
1.045910466371113614e+02
1.043981617861517890e+02
1.040598397791129486e+02
1.041562238717455102e+02
1.040919386435668628e+02
1.040303926286725442e+02
1.045684754710377433e+02
1.038862959128118320e+02
1.025630043360749823e+02
1.025970561356433137e+02
1.031290942367146926e+02
1.023674033619164305e+02
1.057955275719924515e+02
1.062308206459390618e+02
1.061961393377277432e+02
1.059639041202434413e+02
1.052484201520542939e+02
1.046233168543039938e+02
1.047953015322094501e+02
1.053937017538742680e+02
1.107056743277139361e+02
1.100191659861167892e+02
1.096665208345486064e+02
1.094018355402593841e+02
1.091242003538859393e+02
1.093964373213556485e+02
1.097268600886659300e+02
1.093698569873028816e+02
1.088571258433957496e+02
1.089141474168270776e+02
1.087558575900756352e+02
1.082818023391471769e+02
1.080490360496995805e+02
1.076511221781485119e+02
1.081489176826304259e+02
1.081387228023099851e+02
1.075158786871220542e+02
1.073927088802037701e+02
1.075729865445565707e+02
1.073386039491337556e+02
1.071697072663283308e+02
1.072633825273678241e+02
1.071762903711913566e+02
1.074997314258492338e+02
1.076206785082346471e+02
1.076821029963639234e+02
1.076811113379610703e+02
1.074744489976472437e+02
1.073887446771276899e+02
1.076571559820334869e+02
1.076093497831962509e+02
1.074327410118804522e+02
1.080876329502809767e+02
1.082688050516245681e+02
1.084606386960664253e+02
1.093205778840731881e+02
1.094603360944214359e+02
1.094146067879989914e+02
1.094374149312644562e+02
1.096331398627233682e+02
1.093891602986641800e+02
1.085064992513951267e+02
1.085591276322697354e+02
1.087584521865095581e+02
1.086647805712730133e+02
1.086811842540201098e+02
1.082331758346458201e+02
1.066606681055435644e+02
1.067784919500670782e+02
1.069098247097940799e+02
1.062538767038052470e+02
1.058796277392132907e+02
1.058851341169379197e+02
1.058176442279647631e+02
1.060423897509187441e+02
1.060203241361877531e+02
1.053139729043924575e+02
1.051464093701996916e+02
1.053246089268700558e+02
1.057443806023838704e+02
1.053786117754574292e+02
1.050617720546773199e+02
1.049721922456201781e+02
1.050137835656925063e+02
1.050233781037935756e+02
1.093003096501973630e+02
1.086528575803534977e+02
1.088234459157284846e+02
1.088991024033133073e+02
1.086568946994886176e+02
1.094984189367866350e+02
1.100379455171206899e+02
1.088795924964514228e+02
1.091111653930661731e+02
1.096963216278753208e+02
1.095028716774582449e+02
1.090517570339691673e+02
1.088838763149196041e+02
1.089237370938575538e+02
1.089382012094343679e+02
1.092458255556203710e+02
1.087069637266911712e+02
1.083804662738921678e+02
1.083104097396410594e+02
1.080281771957455845e+02
1.077205224678683209e+02
1.075363644539073249e+02
1.077403349763751947e+02
1.075760307900211927e+02
1.071365729938361682e+02
1.074894830737521687e+02
1.074672606894942533e+02
1.068384180131832295e+02
1.071974530420579867e+02
1.069330861478932064e+02
1.072768246028505388e+02
1.078316137296078097e+02
1.073640966186392944e+02
1.070674607225495407e+02
1.073854075521592932e+02
1.074387444340741666e+02
1.071756013144334929e+02
1.073646544264908869e+02
1.070430751618736451e+02
1.070791953469832265e+02
1.075405145929339454e+02
1.078785692410896644e+02
1.071339638141904373e+02
1.065697478562678668e+02
1.068123760426996398e+02
1.068856603278306068e+02
1.065484855334538850e+02
1.109186341849928965e+02
1.107813393221723146e+02
1.105296051352349878e+02
1.110895822395924455e+02
1.109804135312761275e+02
1.102308437360244255e+02
1.102885215539870529e+02
1.104698309805751677e+02
1.107993836162476384e+02
1.110173151334849990e+02
1.108705679188784501e+02
1.110892431799179434e+02
1.115807861323377921e+02
1.123061976219642588e+02
1.124384296797526730e+02
1.123417514923486777e+02
1.121912284411518783e+02
1.122914126757276989e+02
1.121503310389080070e+02
1.121301114157381988e+02
1.134909814987652936e+02
1.154085122207314953e+02
1.149657233759163120e+02
1.137587778782398971e+02
1.138971288086488158e+02
1.137808459235061918e+02
1.135552861712263564e+02
1.135840807229384239e+02
1.137142067218884307e+02
1.149834115965700221e+02
1.153106649458476767e+02
1.146292826032005223e+02
1.138041972914114552e+02
1.135416302086371445e+02
1.138027377549631467e+02
1.133598431818623737e+02
1.134674879445449136e+02
1.135820038305236324e+02
1.133620452468451703e+02
1.129225996033366357e+02
1.125762823504248615e+02
1.128988484123743348e+02
1.131391639444671284e+02
1.127477529701141350e+02
1.126411278169904193e+02
1.123026854984541814e+02
1.123159975402982695e+02
1.117005118707344167e+02
1.107796452390674489e+02
1.109617348674872090e+02
1.110581906609111655e+02
1.102944156020922009e+02
1.098647832448618544e+02
1.097121687180384555e+02
1.094987239689669281e+02
1.100222175231873081e+02
1.104374793404499400e+02
1.106235088665927719e+02
1.107839509323533349e+02
1.108189032452507377e+02
1.108584383324583342e+02
1.109583989577864571e+02
1.107987285869839980e+02
1.108901616792082336e+02
1.107614283769857479e+02
1.106026135546092632e+02
1.106125520134554421e+02
1.102472911684069317e+02
1.095505454121215649e+02
1.095944846292947545e+02
1.098918120126776756e+02
1.100588274611600497e+02
