3.350873709293089955e-04
3.549571584590945150e+01
3.548737465250198397e+01
3.637329105440826282e+01
3.636530480540110943e+01
3.662344494638602299e+01
3.658219444996028358e+01
3.730303936656076047e+01
3.667190354447974698e+01
3.587538100675138963e+01
3.501773605043685222e+01
3.412721281771246851e+01
3.401021892374900801e+01
3.506359834193804659e+01
3.556927745234312965e+01
3.561968824463860273e+01
3.630050883637807857e+01
3.725469370532168512e+01
3.777426901310563778e+01
3.701496227164416553e+01
3.737048376687847195e+01
3.773129095512311437e+01
3.712002829626688083e+01
3.717661710683081822e+01
3.784803167196187701e+01
3.749332431493248663e+01
3.737485479547260070e+01
3.726950829030977275e+01
3.715078931691818553e+01
3.591272711477363089e+01
3.493563964455917414e+01
3.417568010325655337e+01
3.395480664217632949e+01
3.379268392573470692e+01
3.418720214455917272e+01
3.452334690230341607e+01
3.482210211477362805e+01
3.490322428514694053e+01
3.409317290508339937e+01
3.372821683876092180e+01
3.387963413423351966e+01
3.439734164019062490e+01
3.431691943010325474e+01
3.458458722200158775e+01
3.485806195393168849e+01
3.467045274027005775e+01
3.470705048649721647e+01
3.452953981334392353e+01
3.325965423947577193e+01
3.213483047061159681e+01
3.170297483121525062e+01
3.130642374900714842e+01
3.092156721604447966e+01
3.060713984312946678e+01
3.061690950158856239e+01
3.081081091143764894e+01
3.081573545472597431e+01
3.029554209690230238e+01
2.961274573073868055e+01
2.935335459690230309e+01
2.942333449166004655e+01
3.004640587768069793e+01
1.954930500397140491e+01
1.292292245830023845e+01
7.943619688244639043e+00
3.962105341540905545e+00
1.629788026211278718e+00
5.148580222398728701e-01
8.730763502779984031e-02
8.116560762509928556e-03
4.452938840349483611e-03
3.807585385226369950e-03
4.464108419380460532e-03
4.143913820492454297e-03
3.009581016679904741e-03
3.348391580619539468e-03
2.581413820492454211e-03
2.317067116759333016e-03
2.387807783955520329e-03
2.156969817315329465e-03
1.277055202541699805e-03
1.013949563145353366e-03
8.749503574265290106e-04
1.025119142176330505e-03
7.446386020651310890e-04
1.056145750595710890e-03
9.469320889594916215e-04
7.471207307386814678e-04
8.997716441620333405e-04
9.618248610007943279e-04
7.682188244638602295e-04
7.520849880857823338e-04
7.620135027799840657e-04
7.012013502779983762e-04
6.676926131850675038e-04
8.513701350277998701e-04
4.939436060365369778e-04
7.185762509928514613e-04
5.547557585385226673e-04
9.804408260524226024e-04
1.277055202541699805e-03
1.497964654487688721e-03
1.234859015091342282e-03
1.044976171564733968e-03
1.072279586973788786e-03
7.198173153296266507e-04
5.783359809372518078e-04
5.671664019062747780e-04
6.590051628276409612e-04
5.882644956314535397e-04
6.317017474185861441e-04
6.180500397140587356e-04
5.547557585385226673e-04
6.019162033359809483e-04
6.540409054805400952e-04
4.753276409849086490e-04
3.251588562351072093e-04
4.728455123113582161e-04
4.827740270055599480e-04
4.281671961874503681e-04
2.817216044479746049e-04
3.810067513899920329e-04
5.299344718030182290e-04
2.767573471008736847e-04
3.301231135822080753e-04
3.462569499602859168e-04
2.854447974583002273e-04
3.065428911834789348e-04
3.462569499602859168e-04
3.363284352660841849e-04
2.295969023034154038e-04
2.233915806195393213e-04
2.829626687847497943e-04
3.177124702144559104e-04
3.152303415409054774e-04
2.382843526608419463e-04
3.301231135822080753e-04
2.308379666401906203e-04
3.512212073073868370e-04
3.115071485305798008e-04
4.306493248610008010e-04
2.308379666401906203e-04
2.990965051628276358e-04
3.661139793486894349e-04
4.393367752184273436e-04
3.611497220015885690e-04
4.765687053216838926e-04
2.767573471008736847e-04
3.748014297061159775e-04
3.226767275615567763e-04
3.388105639396346179e-04
3.127482128673550444e-04
3.599086576648133254e-04
3.797656870532168435e-04
3.239177918983320199e-04
3.586675933280381360e-04
3.425337569499602944e-04
3.636318506751390020e-04
2.829626687847497943e-04
2.941322478157267699e-04
4.852561556791103810e-04
3.474980142970611604e-04
4.691223193010325395e-04
4.889793486894361118e-04
2.817216044479746049e-04
3.661139793486894349e-04
4.033459094519459840e-04
3.077839555202541784e-04
4.629169976171564841e-04
3.077839555202541784e-04
3.164714058776807210e-04
3.040607625099285018e-04
3.053018268467037454e-04
3.847299444003177095e-04
4.678812549642573501e-04
2.333200953137410532e-04
3.723193010325655445e-04
3.164714058776807210e-04
3.934173947577442520e-04
3.375694996028594285e-04
1.663026211278792812e-04
7.446386020651311161e-05
2.531771247021445443e-04
1.749900714853057967e-04
1.501687847498014397e-04
1.315528196981731652e-04
1.414813343923748972e-04
2.432486100079428123e-04
2.643467037331215198e-04
1.402402700555996807e-04
1.638204924543288212e-04
2.680698967434471964e-04
2.990965051628276358e-04
3.189535345512311540e-04
2.258737092930897543e-04
3.648729150119141913e-04
3.276409849086576423e-04
3.164714058776807210e-04
2.829626687847497943e-04
2.879269261318506603e-04
3.896942017474185754e-04
3.115071485305798008e-04
4.058280381254964170e-04
3.102660841938046114e-04
2.817216044479746049e-04
1.911239078633836382e-04
3.189535345512311540e-04
3.748014297061159775e-04
4.095512311358220935e-04
2.792394757744241719e-04
3.276409849086576423e-04
3.462569499602859168e-04
3.487390786338364040e-04
4.045869737887212276e-04
3.201945988880063433e-04
2.308379666401906203e-04
2.122220015885623457e-04
3.648729150119141913e-04
4.145154884829229595e-04
4.194797458300238255e-04
3.872120730738681424e-04
2.966143764892772029e-04
2.941322478157267699e-04
4.405778395552025330e-04
4.542295472597299415e-04
2.668288324066719528e-04
2.879269261318506603e-04
2.569003177124702208e-04
2.631056393963463304e-04
4.666401906274821065e-04
6.043983320095313271e-04
5.200059571088164970e-04
3.586675933280381360e-04
4.976667990468625459e-04
3.599086576648133254e-04
2.159451945988879952e-04
3.524622716441620264e-04
4.256850675138999351e-04
4.045869737887212276e-04
3.735603653693407339e-04
1.836775218427323393e-04
1.576151707704527387e-04
3.090250198570293678e-04
3.139892772041302880e-04
4.455420969023033990e-04
3.698371723590151115e-04
5.175238284352661183e-04
3.388105639396346179e-04
5.348987291501190950e-04
4.393367752184273436e-04
4.393367752184273436e-04
3.772835583796664105e-04
4.827740270055599480e-04
5.038721207307387097e-04
3.524622716441620264e-04
5.200059571088164970e-04
6.987192216044479974e-04
5.286934074662430396e-04
5.038721207307387097e-04
5.659253375694995886e-04
5.051131850675138991e-04
4.306493248610008010e-04
4.802918983320095150e-04
5.125595710881652523e-04
5.783359809372518078e-04
3.313641779189833189e-04
3.462569499602859168e-04
3.375694996028594285e-04
5.448272438443209353e-04
3.077839555202541784e-04
3.400516282764098615e-04
3.537033359809372700e-04
3.735603653693407339e-04
3.015786338363780688e-04
2.755162827640984954e-04
3.499801429706115934e-04
3.524622716441620264e-04
4.418189038919777766e-04
4.194797458300238255e-04
4.083101667990468499e-04
5.125595710881652523e-04
4.864972200158856246e-04
3.263999205718824529e-04
4.083101667990468499e-04
4.405778395552025330e-04
4.517474185861795086e-04
5.324166004765687162e-04
5.138006354249404417e-04
4.405778395552025330e-04
4.356135822081016670e-04
4.517474185861795086e-04
5.435861795075456375e-04
3.748014297061159775e-04
4.008637807783955510e-04
5.100774424146147651e-04
4.616759332803812405e-04
4.480242255758538320e-04
5.833002382843526738e-04
4.728455123113582161e-04
3.412926926131850509e-04
1.315528196981731652e-04
3.698371723590151115e-04
1.712668784749801472e-04
3.363284352660841849e-04
2.779984114376489283e-04
3.028196981731533124e-04
3.623907863383637584e-04
2.320790309769658367e-04
3.090250198570293678e-04
3.574265289912628924e-04
2.655877680698967634e-04
3.276409849086576423e-04
3.748014297061159775e-04
3.561854646544877030e-04
3.909352660841938190e-04
3.760424940428911669e-04
1.625794281175536047e-04
3.859710087370929531e-04
3.363284352660841849e-04
4.368546465448769106e-04
3.549444003177124594e-04
3.710782366957903009e-04
3.437748212867354838e-04
3.139892772041302880e-04
2.606235107227958432e-04
1.911239078633836382e-04
3.487390786338364040e-04
3.090250198570293678e-04
3.102660841938046114e-04
3.884531374106433860e-04
3.499801429706115934e-04
2.891679904686259039e-04
3.263999205718824529e-04
3.276409849086576423e-04
3.822478157267672765e-04
3.797656870532168435e-04
4.368546465448769106e-04
4.418189038919777766e-04
4.802918983320095150e-04
4.641580619539316735e-04
5.026310563939634119e-04
5.361397934868943928e-04
5.423451151707704481e-04
5.646842732327243992e-04
4.368546465448769106e-04
5.820591739475774844e-04
5.175238284352661183e-04
5.001489277204130331e-04
4.256850675138999351e-04
5.833002382843526738e-04
5.584789515488483439e-04
4.207208101667990691e-04
4.132744241461477159e-04
5.348987291501190950e-04
4.864972200158856246e-04
5.038721207307387097e-04
6.639694201747418272e-04
6.317017474185861441e-04
5.559968228752978567e-04
7.669777601270850401e-04
2.159451945988879952e-04
3.623907863383637584e-04
2.866858617950754709e-04
2.966143764892772029e-04
3.313641779189833189e-04
4.058280381254964170e-04
4.616759332803812405e-04
4.529884829229547522e-04
4.765687053216838926e-04
2.966143764892772029e-04
3.748014297061159775e-04
3.971405877680698744e-04
3.760424940428911669e-04
3.537033359809372700e-04
3.785246227164415999e-04
2.792394757744241719e-04
3.450158856235107274e-04
4.058280381254964170e-04
4.132744241461477159e-04
4.033459094519459840e-04
5.100774424146147651e-04
3.661139793486894349e-04
4.430599682287529660e-04
6.292196187450357654e-04
5.708895949166004546e-04
4.256850675138999351e-04
4.678812549642573501e-04
4.517474185861795086e-04
4.356135822081016670e-04
6.391481334392374973e-04
4.740865766481334597e-04
3.450158856235107274e-04
4.629169976171564841e-04
3.524622716441620264e-04
3.971405877680698744e-04
5.299344718030182290e-04
6.155679110405083568e-04
5.746127879269261312e-04
7.210583796664019485e-04
5.684074662430500758e-04
4.542295472597299415e-04
5.671664019062747780e-04
4.070691024622716606e-04
4.989078633836378437e-04
6.292196187450357654e-04
6.738979348689435591e-04
4.653991262907069171e-04
5.187648927720413077e-04
7.061656076250992422e-04
5.932287529785544057e-04
6.304606830818109547e-04
5.671664019062747780e-04
5.857823669579030525e-04
5.808181096108021866e-04
5.175238284352661183e-04
8.402005559968228404e-04
6.676926131850675038e-04
6.428713264495631739e-04
6.503177124702144186e-04
5.994340746624304611e-04
3.301231135822080753e-04
2.258737092930897543e-04
3.090250198570293678e-04
3.834888800635425201e-04
3.177124702144559104e-04
3.388105639396346179e-04
4.331314535345512340e-04
3.983816521048451180e-04
4.902204130262113012e-04
5.746127879269261312e-04
4.281671961874503681e-04
4.169976171564733925e-04
4.430599682287529660e-04
5.460683081810961247e-04
5.944698173153295951e-04
5.721306592533756440e-04
6.614872915011914484e-04
4.343725178713264234e-04
4.964257347100873565e-04
5.348987291501190950e-04
5.038721207307387097e-04
4.443010325655282096e-04
5.187648927720413077e-04
5.398629864972200694e-04
6.478355837966640399e-04
5.609610802223987227e-04
6.676926131850675038e-04
4.914614773629864906e-04
3.822478157267672765e-04
3.623907863383637584e-04
6.205321683876092228e-04
4.554706115965051851e-04
6.304606830818109547e-04
7.458796664019062784e-04
4.914614773629864906e-04
6.254964257347100888e-04
6.987192216044479974e-04
4.591938046068308075e-04
5.944698173153295951e-04
5.907466243050039185e-04
5.770949166004766184e-04
7.682188244638602295e-04
4.976667990468625459e-04
7.012013502779983762e-04
6.168089753772835462e-04
5.423451151707704481e-04
6.465945194598888505e-04
4.902204130262113012e-04
6.801032565528197229e-04
7.309868943606036805e-04
6.701747418586179910e-04
6.168089753772835462e-04
7.533260524225576316e-04
5.286934074662430396e-04
4.418189038919777766e-04
7.260226370135028145e-04
7.272637013502780039e-04
9.419678316123907555e-04
6.527998411437649058e-04
8.079328832406671573e-04
3.139892772041302880e-04
3.735603653693407339e-04
3.847299444003177095e-04
3.983816521048451180e-04
5.559968228752978567e-04
4.033459094519459840e-04
4.281671961874503681e-04
5.411040508339952588e-04
3.611497220015885690e-04
4.529884829229547522e-04
4.318903891977759904e-04
5.063542494042890885e-04
6.527998411437649058e-04
5.324166004765687162e-04
4.405778395552025330e-04
5.559968228752978567e-04
3.909352660841938190e-04
5.460683081810961247e-04
5.870234312946783503e-04
6.813443208895949123e-04
5.671664019062747780e-04
6.006751389992057589e-04
5.969519459888800823e-04
6.912728355837966443e-04
6.180500397140587356e-04
7.260226370135028145e-04
7.483617950754567656e-04
5.212470214455916864e-04
7.136119936457505954e-04
5.286934074662430396e-04
7.508439237490071444e-04
4.542295472597299415e-04
5.969519459888800823e-04
4.591938046068308075e-04
4.629169976171564841e-04
5.944698173153295951e-04
4.902204130262113012e-04
5.708895949166004546e-04
6.490766481334392293e-04
6.999602859412231868e-04
7.012013502779983762e-04
6.056393963463066249e-04
4.418189038919777766e-04
4.542295472597299415e-04
5.932287529785544057e-04
6.887907069102462655e-04
5.497915011914218013e-04
5.870234312946783503e-04
5.448272438443209353e-04
5.051131850675138991e-04
6.974781572676728080e-04
5.088363780778395757e-04
5.224880857823669842e-04
6.056393963463066249e-04
5.237291501191421736e-04
4.529884829229547522e-04
4.256850675138999351e-04
4.728455123113582161e-04
6.230142970611596016e-04
5.634432088959492099e-04
2.990965051628276358e-04
3.040607625099285018e-04
3.946584590945194414e-04
5.361397934868943928e-04
5.398629864972200694e-04
4.653991262907069171e-04
4.517474185861795086e-04
4.455420969023033990e-04
4.753276409849086490e-04
6.093625893566323014e-04
4.529884829229547522e-04
4.728455123113582161e-04
3.958995234312946850e-04
4.269261318506751245e-04
3.648729150119141913e-04
5.833002382843526738e-04
3.983816521048451180e-04
5.038721207307387097e-04
6.813443208895949123e-04
5.088363780778395757e-04
5.299344718030182290e-04
5.696485305798252652e-04
6.602462271644161506e-04
5.684074662430500758e-04
6.192911040508340334e-04
5.646842732327243992e-04
4.604348689436060511e-04
6.540409054805400952e-04
6.912728355837966443e-04
5.187648927720413077e-04
7.309868943606036805e-04
7.508439237490071444e-04
6.465945194598888505e-04
5.162827640984908205e-04
4.852561556791103810e-04
7.322279586973788699e-04
6.180500397140587356e-04
5.348987291501190950e-04
5.386219221604447716e-04
7.545671167593328210e-04
6.689336775218426932e-04
4.641580619539316735e-04
5.758538522637013206e-04
4.976667990468625459e-04
5.013899920571882225e-04
6.366660047656870101e-04
3.996227164416203074e-04
5.013899920571882225e-04
7.421564733915806018e-04
6.465945194598888505e-04
5.224880857823669842e-04
5.386219221604447716e-04
6.664515488482923144e-04
5.733717235901509418e-04
5.324166004765687162e-04
7.024424146147736740e-04
7.508439237490071444e-04
4.368546465448769106e-04
7.036834789515488634e-04
5.845413026211278631e-04
4.467831612390786426e-04
4.455420969023033990e-04
4.157565528196981489e-04
4.505063542494042650e-04
4.318903891977759904e-04
4.554706115965051851e-04
6.912728355837966443e-04
4.529884829229547522e-04
4.405778395552025330e-04
4.927025416997616800e-04
4.480242255758538320e-04
6.267374900714852782e-04
4.678812549642573501e-04
5.473093725178713141e-04
5.299344718030182290e-04
5.212470214455916864e-04
4.951846703733121672e-04
5.237291501191421736e-04
4.902204130262113012e-04
4.678812549642573501e-04
4.443010325655282096e-04
4.753276409849086490e-04
4.716044479745830267e-04
6.552819698173152846e-04
6.726568705321683697e-04
5.497915011914218013e-04
5.932287529785544057e-04
6.006751389992057589e-04
5.584789515488483439e-04
6.627283558379666378e-04
5.833002382843526738e-04
6.292196187450357654e-04
5.572378872120730461e-04
5.808181096108021866e-04
5.162827640984908205e-04
8.675039714058776575e-04
7.297458300238283827e-04
6.006751389992057589e-04
7.893169181890388828e-04
7.309868943606036805e-04
5.671664019062747780e-04
6.416302621127878761e-04
6.366660047656870101e-04
5.932287529785544057e-04
5.088363780778395757e-04
5.957108816521048929e-04
5.795770452740269972e-04
9.481731532962669193e-04
7.322279586973788699e-04
6.850675138999205889e-04
7.582903097696584976e-04
6.428713264495631739e-04
6.987192216044479974e-04
7.111298649722001082e-04
5.684074662430500758e-04
5.224880857823669842e-04
7.036834789515488634e-04
5.795770452740269972e-04
5.001489277204130331e-04
5.708895949166004546e-04
3.276409849086576423e-04
3.276409849086576423e-04
4.021048451151707946e-04
3.474980142970611604e-04
5.088363780778395757e-04
5.125595710881652523e-04
3.648729150119141913e-04
3.934173947577442520e-04
4.107922954725972829e-04
5.473093725178713141e-04
5.646842732327243992e-04
6.850675138999205889e-04
6.019162033359809483e-04
4.058280381254964170e-04
6.093625893566323014e-04
7.210583796664019485e-04
6.900317712470214549e-04
5.485504368546465035e-04
5.696485305798252652e-04
5.411040508339952588e-04
7.111298649722001082e-04
5.957108816521048929e-04
5.386219221604447716e-04
5.572378872120730461e-04
5.262112787926926608e-04
6.813443208895949123e-04
5.957108816521048929e-04
5.348987291501190950e-04
5.249702144559173630e-04
5.820591739475774844e-04
4.964257347100873565e-04
4.939436060365369778e-04
5.435861795075456375e-04
4.368546465448769106e-04
6.180500397140587356e-04
7.384332803812549252e-04
5.684074662430500758e-04
6.093625893566323014e-04
5.895055599682287291e-04
4.194797458300238255e-04
3.909352660841938190e-04
4.579527402700556181e-04
6.267374900714852782e-04
6.912728355837966443e-04
6.813443208895949123e-04
6.515587768069897165e-04
7.371922160444797359e-04
6.043983320095313271e-04
6.714158061953931804e-04
5.373808578236695822e-04
6.776211278792692357e-04
6.689336775218426932e-04
6.887907069102462655e-04
6.056393963463066249e-04
5.783359809372518078e-04
5.758538522637013206e-04
6.825853852263701017e-04
5.919876886417792163e-04
5.435861795075456375e-04
5.386219221604447716e-04
2.432486100079428123e-04
2.209094519459888883e-04
3.636318506751390020e-04
3.363284352660841849e-04
2.866858617950754709e-04
4.852561556791103810e-04
4.380957108816521000e-04
4.182386814932486361e-04
6.068804606830818143e-04
5.708895949166004546e-04
4.343725178713264234e-04
5.535146942017473695e-04
6.379070691024623079e-04
6.068804606830818143e-04
7.371922160444797359e-04
6.602462271644161506e-04
5.113185067513899545e-04
6.354249404289118207e-04
5.088363780778395757e-04
5.535146942017473695e-04
7.644956314535345529e-04
7.620135027799840657e-04
5.895055599682287291e-04
5.559968228752978567e-04
7.222994440031771379e-04
6.714158061953931804e-04
4.120333598093725265e-04
4.778097696584590820e-04
5.435861795075456375e-04
7.607724384432088763e-04
5.969519459888800823e-04
6.751389992057188569e-04
6.627283558379666378e-04
5.324166004765687162e-04
5.808181096108021866e-04
7.297458300238283827e-04
7.806294678316123403e-04
5.460683081810961247e-04
6.465945194598888505e-04
5.088363780778395757e-04
5.572378872120730461e-04
5.013899920571882225e-04
6.143268467037331674e-04
5.398629864972200694e-04
6.801032565528197229e-04
5.138006354249404417e-04
6.825853852263701017e-04
5.572378872120730461e-04
5.770949166004766184e-04
4.306493248610008010e-04
5.100774424146147651e-04
5.162827640984908205e-04
3.872120730738681424e-04
6.304606830818109547e-04
7.049245432883240528e-04
6.341838760921366313e-04
6.527998411437649058e-04
6.292196187450357654e-04
5.833002382843526738e-04
7.409154090548054124e-04
3.685961080222398679e-04
3.574265289912628924e-04
4.095512311358220935e-04
5.113185067513899545e-04
4.641580619539316735e-04
6.031572676727561377e-04
4.281671961874503681e-04
5.460683081810961247e-04
4.443010325655282096e-04
3.872120730738681424e-04
6.639694201747418272e-04
5.559968228752978567e-04
3.958995234312946850e-04
4.604348689436060511e-04
6.031572676727561377e-04
4.927025416997616800e-04
5.361397934868943928e-04
5.795770452740269972e-04
5.435861795075456375e-04
4.802918983320095150e-04
6.676926131850675038e-04
5.559968228752978567e-04
5.609610802223987227e-04
5.361397934868943928e-04
4.083101667990468499e-04
4.703633836378077831e-04
5.473093725178713141e-04
6.118447180301826802e-04
4.815329626687847586e-04
4.281671961874503681e-04
5.522736298649721801e-04
6.441123907863383633e-04
5.795770452740269972e-04
6.217732327243844122e-04
4.517474185861795086e-04
5.262112787926926608e-04
4.591938046068308075e-04
4.567116759332803745e-04
5.324166004765687162e-04
6.143268467037331674e-04
6.552819698173152846e-04
7.247815726767275167e-04
7.272637013502780039e-04
4.678812549642573501e-04
5.684074662430500758e-04
5.932287529785544057e-04
7.086477362986497294e-04
6.453534551231135527e-04
6.130857823669578696e-04
7.384332803812549252e-04
7.384332803812549252e-04
6.676926131850675038e-04
5.572378872120730461e-04
5.770949166004766184e-04
6.205321683876092228e-04
5.845413026211278631e-04
4.517474185861795086e-04
6.726568705321683697e-04
5.423451151707704481e-04
6.056393963463066249e-04
3.574265289912628924e-04
4.691223193010325395e-04
4.021048451151707946e-04
4.430599682287529660e-04
6.540409054805400952e-04
5.919876886417792163e-04
5.671664019062747780e-04
6.801032565528197229e-04
4.281671961874503681e-04
4.380957108816521000e-04
4.778097696584590820e-04
7.160941223193010826e-04
7.831115965051628275e-04
6.813443208895949123e-04
5.944698173153295951e-04
6.056393963463066249e-04
4.889793486894361118e-04
5.063542494042890885e-04
5.286934074662430396e-04
5.808181096108021866e-04
4.343725178713264234e-04
6.341838760921366313e-04
7.086477362986497294e-04
6.031572676727561377e-04
6.292196187450357654e-04
7.371922160444797359e-04
7.980043685464654254e-04
6.614872915011914484e-04
6.093625893566323014e-04
4.939436060365369778e-04
6.329428117553614419e-04
5.460683081810961247e-04
7.707009531374106083e-04
6.068804606830818143e-04
6.925138999205718337e-04
5.162827640984908205e-04
6.192911040508340334e-04
5.125595710881652523e-04
4.864972200158856246e-04
5.659253375694995886e-04
5.721306592533756440e-04
5.622021445591739120e-04
6.614872915011914484e-04
6.192911040508340334e-04
5.311755361397935268e-04
4.430599682287529660e-04
7.458796664019062784e-04
5.833002382843526738e-04
7.744241461477362849e-04
5.435861795075456375e-04
7.074066719618745400e-04
8.402005559968228404e-04
6.602462271644161506e-04
