5.627195789064814990e-04
1.498225765086984893e+02
1.494180085204707780e+02
1.490207060885760484e+02
1.487434969784946475e+02
1.346542922307349386e+02
1.348229524850543157e+02
1.348884844169005248e+02
1.348785695967093261e+02
1.347358990192246040e+02
1.346488343488014721e+02
1.353568127662647100e+02
1.352982774805102224e+02
1.354731077309204466e+02
1.356045986141162984e+02
1.351980772917750926e+02
1.349364799151438774e+02
1.349910276106080005e+02
1.350242965382786338e+02
1.349003251821991398e+02
1.347046992064657900e+02
1.343882005672014088e+02
1.343122296891845906e+02
1.342979226683863772e+02
1.341099419602062710e+02
1.342189638988001263e+02
1.344371957641657218e+02
1.346426531481172617e+02
1.344009389449256844e+02
1.343756564024291436e+02
1.344033404627745938e+02
1.341964277266378076e+02
1.341698653705857112e+02
1.342788848192699049e+02
1.347026674401985815e+02
1.350344242457441339e+02
1.349663214821934218e+02
1.357267685205704026e+02
1.362068131397511479e+02
1.359222413668607885e+02
1.360183643285585049e+02
1.358644841778691728e+02
1.355751018995520667e+02
1.356196638124002618e+02
1.352884161933763494e+02
1.352585609318237800e+02
1.355251742314271439e+02
1.354248022389267589e+02
1.359302613658150278e+02
1.362811419223596374e+02
1.359875990050321093e+02
1.359379576765159072e+02
1.357284952729065424e+02
1.353453006690387213e+02
1.350789849136374983e+02
1.349814999713660484e+02
1.351053829356532674e+02
1.351604261231360056e+02
1.350910335863911484e+02
1.347789906404296687e+02
1.341967812938068505e+02
1.340989975623784574e+02
1.340578493156483262e+02
1.340101787506131359e+02
1.342228132991053826e+02
1.343009354590521980e+02
1.345100430505376892e+02
1.347741863597769907e+02
1.347191506420232088e+02
1.349949106246934321e+02
1.353457438729548414e+02
1.353511731209274274e+02
1.355839684677843024e+02
1.358490604325969002e+02
1.353953515876908966e+02
1.349016137104384541e+02
1.347866309281636177e+02
1.345820724015925407e+02
1.345358459841492333e+02
1.342434160564313004e+02
1.340706300218365072e+02
1.338265479145761674e+02
1.338522388022538792e+02
1.338229985483826852e+02
1.337115153341085261e+02
1.331820211094539275e+02
1.334187654530016971e+02
1.335968811391834663e+02
1.333922367107297760e+02
1.335886482529548971e+02
1.338103249083090702e+02
1.338729424009202660e+02
1.340529056000557659e+02
1.341114060270752759e+02
1.338553947627240746e+02
1.340257245014578302e+02
1.339473844744174187e+02
1.337192689127311667e+02
1.337232191543768920e+02
1.337746557077443583e+02
1.338037913854106193e+02
1.338668408773445719e+02
1.340718936509794048e+02
1.341132510501194020e+02
1.341039562174288733e+02
1.345418441764748252e+02
1.349625405544032901e+02
1.349955094479621209e+02
1.350871468374412814e+02
1.350117063101779991e+02
1.348640932620555191e+02
1.347010178750613250e+02
1.344215666013480472e+02
1.342401405802983447e+02
1.341298637272453504e+02
1.339323516449587999e+02
1.338139788507075139e+02
1.336887849489941971e+02
1.333077988949781059e+02
1.329857141434337393e+02
1.323875868044748643e+02
1.322643113781400928e+02
1.322432791114010513e+02
1.322007726189616506e+02
1.323546415650575909e+02
1.323639612968445363e+02
1.323680098899210975e+02
1.319845289464445273e+02
1.319127124826640056e+02
1.318156807039472653e+02
1.316203634770094197e+02
1.315644388615137075e+02
1.314406554936121267e+02
1.312964536216980775e+02
1.313431717962955076e+02
1.312268818114590658e+02
1.310951344675701762e+02
1.311746821007865549e+02
1.311746148732262611e+02
1.311944108998284548e+02
1.311427913381023416e+02
1.311964464009600988e+02
1.311573485948194957e+02
1.308849462553004059e+02
1.308214361300828443e+02
1.309308601890837451e+02
1.309329940416462250e+02
1.306699114339140522e+02
1.305707470475896343e+02
1.306647112576284542e+02
1.308323543838594105e+02
1.307635880593893205e+02
1.306145233939460297e+02
1.304602747366297990e+02
1.301109902121652055e+02
1.299298393261308604e+02
1.301532925320140066e+02
1.304307045697311764e+02
1.306140104725599542e+02
1.307362401368454243e+02
1.307924523369046881e+02
1.309484613603372338e+02
1.310422338473336765e+02
1.309577835820338123e+02
1.309601377915995499e+02
1.306556479865345750e+02
1.305444461320498704e+02
1.303668334076156441e+02
1.302766563501410531e+02
1.298974966448467683e+02
1.296528007748598839e+02
1.295364012339992144e+02
1.290476606053966293e+02
1.287694194277689803e+02
1.287538848815176493e+02
1.287960191324656876e+02
1.286133444217309432e+02
1.287625771560749968e+02
1.291979005081905711e+02
1.289030715525333619e+02
1.290068522313325161e+02
1.291960492603723480e+02
1.293633811478981386e+02
1.287894694251545502e+02
1.280661432046630921e+02
1.276605991718560489e+02
1.274126103963687200e+02
1.272067048286817652e+02
1.268638890894649478e+02
1.268912046431834995e+02
1.264967880165628742e+02
1.263597720238732478e+02
1.261822115875414880e+02
1.259513870041656247e+02
1.259837782386877194e+02
1.260325368942361024e+02
1.259848800237039370e+02
1.260268462057511982e+02
1.258034639622928097e+02
1.255128915071672111e+02
1.254797184410177806e+02
1.255399941736114329e+02
1.253846910395621705e+02
1.250743686211627335e+02
1.249399670335963464e+02
1.246930962275379073e+02
1.246750356679556120e+02
1.246682780531894537e+02
1.243224246242103845e+02
1.239791694159418967e+02
1.238172219580151392e+02
1.238770109132739634e+02
1.238812499844380710e+02
1.232455810328643224e+02
1.233198637521444283e+02
1.234946404694973552e+02
1.233478466016468218e+02
1.236984731874080268e+02
1.238780554303684340e+02
1.235717629307232386e+02
1.235286165315060742e+02
1.233558329868209142e+02
1.231015957830890386e+02
1.229494971627479600e+02
1.228992121925895304e+02
1.229089477392865462e+02
1.229283466253009749e+02
1.231614843347334869e+02
1.228750725186182962e+02
1.229708020745927115e+02
1.231139071413098378e+02
1.228290116801661327e+02
1.226994454971229089e+02
1.222809701185943965e+02
1.217408638990491028e+02
1.222074455768000121e+02
1.225199640955029707e+02
1.225920718787115220e+02
1.225320675462687490e+02
1.222403074042443052e+02
1.220536152243035133e+02
1.219121534979495607e+02
1.217840513817753560e+02
1.218240692095283890e+02
1.218441366362814762e+02
1.218501970763480955e+02
1.221680315521349769e+02
1.223674434354777247e+02
1.220021475470655190e+02
1.220280948954362401e+02
1.221554736928596867e+02
1.220718289133287300e+02
1.216888920151087774e+02
1.212148866717626845e+02
1.209822220451619756e+02
1.207168288012828015e+02
1.205315484001085622e+02
1.205439830088566140e+02
1.203478976447944717e+02
1.200265947248774410e+02
1.205621543694179394e+02
1.203304682773062098e+02
1.198941203273733151e+02
1.202285351114608005e+02
1.201978644045007627e+02
1.198883225727738306e+02
1.199314739518102897e+02
1.198984527701489782e+02
1.198851915114000519e+02
1.199603145751840714e+02
1.198321066378501172e+02
1.197996282564905783e+02
1.197147148679974435e+02
1.196478470996287484e+02
1.198875805797007672e+02
1.198885690738283074e+02
1.198002270797592814e+02
1.197849390345624414e+02
1.196114321711265092e+02
1.196505287323123099e+02
1.201172710092350684e+02
1.200670022234893111e+02
1.198678057173305120e+02
1.198681306505386885e+02
1.194842139728749260e+02
1.194353768851728432e+02
1.195674180383993814e+02
1.193576917043680510e+02
1.194496490472360790e+02
1.197656422348432983e+02
1.195806730723742106e+02
1.191605468837535824e+02
1.190038083167961815e+02
1.188047300813453546e+02
1.187028467136927645e+02
1.186193251846890462e+02
1.183592591024871723e+02
1.184428789829217123e+02
1.182861939490215946e+02
1.181239501918475412e+02
1.178908548108789063e+02
1.179357030633358363e+02
1.177054088307135373e+02
1.178056003047649369e+02
1.180748130700336844e+02
1.178154703065825686e+02
1.179771139955331023e+02
1.181881475321260524e+02
1.182136043682974815e+02
1.182358442412124901e+02
1.180511053953852070e+02
1.180469895747483378e+02
1.179178267570669902e+02
1.174498806088327001e+02
1.171912138558491705e+02
1.169248346077520893e+02
1.168626951777919913e+02
1.167070310068447583e+02
1.164009713137510289e+02
1.160289564041720922e+02
1.158003341458738475e+02
1.160819292317881803e+02
1.162090515685185750e+02
1.162507002870865875e+02
1.160334482011647736e+02
1.157703655934326150e+02
1.161162650857400394e+02
1.161766366798548944e+02
1.163328175070526669e+02
1.164325919212391796e+02
1.165162429255442333e+02
1.166141847662348283e+02
1.167816760079776657e+02
1.167834127199523948e+02
1.167188842216915958e+02
1.166570498056625524e+02
1.164528610306731906e+02
1.160363165770714176e+02
1.159262949397566302e+02
1.158024206901531556e+02
1.152068803673114701e+02
1.150183207551397970e+02
1.151088775238346642e+02
1.148704599610080095e+02
1.152074144529294983e+02
1.152559776505710545e+02
1.152448776333906864e+02
1.152981081666546288e+02
1.151575365829974089e+02
1.151148172032836925e+02
1.151077072663033078e+02
1.149051419123999978e+02
1.151246573261856270e+02
1.153064941823261194e+02
1.149629800234549464e+02
1.150871929007696366e+02
1.150330635101252170e+02
1.147477933175805020e+02
1.146626384078521852e+02
1.147462396139644056e+02
1.144968054459303630e+02
1.142388234180981641e+02
1.141401009907350499e+02
1.140897973462543007e+02
1.138342280408644029e+02
1.138999330214306553e+02
1.140672225804925546e+02
1.140010233528625179e+02
1.139796014152646393e+02
1.139750125117959527e+02
1.137418623528152182e+02
1.135882274582255462e+02
1.134621683129119276e+02
1.132422009805264196e+02
1.131913371063764089e+02
1.129490402643288007e+02
1.128993379330264162e+02
1.126384302613658122e+02
1.127440422687060675e+02
1.129478998857131415e+02
1.125405158096812670e+02
1.126296744941126065e+02
1.127026412961473625e+02
1.123163504896407261e+02
1.123139029084634473e+02
1.126300467356039690e+02
1.121011326598957680e+02
1.118779408945249401e+02
1.119796848272376195e+02
1.121914192733945725e+02
1.121224164075085667e+02
1.116540419948160121e+02
1.116290009735546676e+02
1.114214309012725863e+02
1.112741639505902356e+02
1.114057282861204925e+02
1.114686794266236092e+02
1.114048119993725408e+02
1.115402008361116515e+02
1.111246374069085050e+02
1.110002975442021267e+02
1.109474840708030712e+02
1.111111707306141909e+02
1.109403504796810864e+02
1.111979565311574873e+02
1.112429778323344607e+02
1.110204396682444354e+02
1.107773522798857613e+02
1.106494120078382366e+02
1.102638009466636504e+02
1.098564567091860198e+02
1.098314144429698587e+02
1.097202449573104985e+02
1.096462548024132246e+02
1.096925347529138151e+02
1.096372413295121504e+02
1.094797682392105997e+02
1.095835314886422793e+02
1.096994691512644948e+02
1.095751853115250469e+02
1.094679810069692536e+02
1.094228128011234418e+02
1.096042089432574471e+02
1.093530131641522729e+02
1.094794931041952424e+02
1.094435749126664206e+02
1.094556484845165016e+02
1.097422744328608246e+02
1.095608185328954391e+02
1.097002572076659277e+02
1.098177460839946065e+02
1.096367433475839164e+02
1.095389708207489150e+02
1.095010532317782150e+02
1.092678159259600505e+02
1.092354296712572364e+02
1.091504191762880964e+02
1.093682489212466464e+02
1.090328792568117677e+02
1.092586269144292714e+02
1.093178232711934896e+02
1.091016057427275996e+02
1.091218698723423302e+02
1.093167202412224412e+02
1.094344543736507802e+02
1.094904262974296643e+02
1.096274659442608765e+02
1.096222620331108146e+02
1.097221397785474295e+02
1.099115808187320908e+02
1.101648295283364121e+02
1.104181230563142861e+02
1.112178832780158473e+02
1.115095774374347997e+02
1.109683744126925689e+02
1.109466698703504051e+02
1.105879846920355192e+02
1.103558080877244976e+02
1.101739326379845636e+02
1.101374218479611358e+02
1.106585723854081351e+02
1.104489145238919292e+02
1.103149660998802375e+02
1.101464166465398904e+02
1.102938753202646325e+02
1.101760963694627549e+02
1.101667417789408461e+02
1.100778445350218249e+02
1.099660886756419558e+02
1.098917536682593834e+02
1.097222779685325236e+02
1.103648813184569519e+02
1.107054785481834926e+02
1.102157730795949391e+02
1.100048939173997411e+02
1.099914396906536211e+02
1.097056578216776472e+02
1.097375535641811553e+02
1.096340417956232329e+02
1.091333458658785247e+02
1.088596848770358179e+02
1.089267916767300477e+02
1.085472746694022419e+02
1.083778002146302128e+02
1.084862681483289037e+02
1.082979824262177573e+02
1.078743379952741464e+02
1.077167889627285433e+02
1.080882971756954873e+02
1.078081736263791015e+02
1.078658947116809088e+02
1.081091912524494489e+02
1.081263168509614729e+02
1.082218733582158308e+02
1.083607816822327550e+02
1.083508768216801457e+02
1.079294546350912896e+02
1.079009040861907067e+02
1.077208674347207875e+02
1.077198540414968306e+02
1.078131559355711033e+02
1.076809031400250518e+02
1.075548962828138997e+02
1.073927620816640598e+02
1.071572402837500988e+02
1.070346856862564522e+02
1.071006757614766229e+02
1.069667111530522590e+02
1.067192004402160279e+02
1.067504114575682053e+02
1.064723097148804527e+02
1.064975648683709295e+02
1.070306657271407573e+02
1.070734573142340622e+02
1.071905104563755344e+02
1.073636226691333349e+02
1.068599575221415279e+02
1.069111986176021674e+02
1.068087836542411821e+02
1.063897829047783858e+02
1.064497635830795730e+02
1.064139611723490617e+02
1.060052014212404288e+02
1.058854392574093453e+02
1.059880334942644993e+02
1.057976686976029583e+02
1.060445494632999726e+02
1.056858804693977589e+02
1.058779994074015036e+02
1.062603175630756311e+02
1.061816364184143708e+02
1.061876196712821354e+02
1.062152078701063971e+02
1.063124375966396116e+02
1.064537810522856063e+02
1.067676154882339290e+02
1.066434959825307942e+02
1.066904531884537874e+02
1.072612326048687663e+02
1.070971027411415264e+02
1.065927092955796667e+02
1.061507851930053477e+02
1.060878253378184866e+02
1.060809805762148841e+02
1.061452389192796204e+02
1.061210096085613088e+02
1.064618147457428705e+02
1.064112484157949865e+02
1.064332380527910686e+02
1.061384925091068396e+02
1.058284028972588544e+02
1.054741248590088674e+02
1.051416920429957571e+02
1.051078442113335711e+02
1.046346294142985585e+02
1.046028370030451526e+02
1.044372455623585410e+02
1.039775098911660507e+02
1.039243079918629746e+02
1.037089806060938031e+02
1.031167132694754542e+02
1.031248229051767709e+02
1.034047634461345382e+02
1.037066475607600182e+02
1.035806494182326105e+02
1.032590962623966391e+02
1.033507274271016740e+02
1.033461733823679509e+02
1.029828880959910009e+02
1.031269044696367985e+02
1.031265782914738054e+02
1.031068283281999669e+02
1.033587212820046801e+02
1.032329945396281516e+02
1.029543437718645151e+02
1.023263088832506327e+02
1.020922523971605074e+02
1.016408056351635025e+02
1.015066082201876867e+02
1.013227383528251693e+02
1.013458496941146052e+02
1.012040655244621234e+02
1.009734463586316480e+02
1.011465735108472899e+02
1.008407901977237202e+02
1.008019077687670659e+02
1.008056600625963313e+02
1.005397663468792757e+02
1.004170150465239573e+02
1.002999419851053631e+02
1.002523461173593944e+02
1.005118469900727263e+02
1.005115706101025523e+02
1.005404560518498727e+02
1.008188777479265212e+02
1.007816747630228491e+02
1.009708444030566170e+02
1.011540606691383175e+02
1.013474133573692626e+02
1.012277806688395287e+02
1.011047380490561949e+02
1.007965743823156686e+02
1.011202178172954120e+02
1.010120910012175699e+02
1.008897717001849941e+02
1.007471036126099051e+02
1.010582613956939468e+02
1.015936492364692043e+02
1.023819583637309734e+02
1.032810834094830739e+02
1.036085849594518180e+02
1.041604286130456387e+02
1.034958281563962004e+02
1.032662037094673764e+02
1.027732165399717701e+02
1.022029338605301945e+02
1.020014678017334688e+02
1.016369699293612570e+02
1.017296904295343154e+02
1.017141683328312070e+02
1.013598566808010588e+02
1.013857380465662885e+02
1.015637852602329048e+02
1.013948336864855122e+02
1.015459463026086837e+02
1.012722068816122629e+02
1.009095664818323712e+02
1.002992211562642382e+02
9.994511492177949208e+01
9.961538988250116233e+01
9.949906877379419257e+01
9.940111697346503661e+01
9.896307090515685445e+01
9.919496863958806898e+01
9.900190851573997008e+01
9.866970477141384777e+01
9.873552179791394678e+01
9.823748011184673601e+01
9.826605431488891895e+01
9.855424890630719403e+01
9.815776814459402999e+01
9.800372490482320131e+01
9.819117401729491235e+01
9.816467141907419602e+01
9.828470000323687827e+01
9.835526404246789411e+01
9.811483089778671740e+01
9.765959698322548377e+01
9.789550098226935404e+01
9.756346655179883953e+01
9.774918891193438242e+01
9.742359587770559415e+01
9.685116191633404981e+01
9.671935730452341318e+01
9.700765771710145202e+01
9.740876348597309686e+01
9.759405384678589712e+01
9.795438734528323721e+01
9.790826674899967941e+01
9.827024981263430448e+01
9.877632394720396292e+01
9.834841928086429164e+01
9.880197748623702125e+01
9.822688803623316289e+01
9.831428884445783467e+01
9.863031564584521504e+01
9.843687083095754531e+01
9.903855127097438071e+01
9.903097074107181186e+01
9.868397817843190012e+01
9.901066179308352844e+01
9.923309040114934021e+01
9.901180590656365155e+01
9.921018572236013711e+01
9.904285507978914893e+01
9.893007213268229805e+01
9.840675910871193821e+01
9.809432524693679056e+01
9.819456651918102352e+01
9.815036937809526307e+01
9.807103836701766397e+01
9.831615627668871582e+01
9.855294294870039096e+01
9.834193555615867410e+01
9.846283934356021916e+01
9.851030075618555770e+01
9.856841151234621634e+01
9.869210773341035292e+01
9.857893262553501756e+01
9.838021044716286667e+01
9.810067202661215902e+01
9.856874765014777040e+01
9.854187281043570579e+01
9.823571103104667657e+01
9.774027379046414410e+01
9.753067319686968517e+01
9.681432245823799576e+01
9.690955278732934630e+01
9.635952427786395447e+01
9.639110255688821383e+01
9.682037169371123753e+01
9.719968826331292178e+01
9.719336389282432265e+01
9.690671304538358299e+01
9.674460623323979291e+01
9.676350838228080420e+01
9.668399809770903630e+01
9.651812903209741989e+01
9.701350651484857224e+01
9.684462590352596578e+01
9.675609094145973188e+01
9.682049743414810905e+01
9.644438164339015884e+01
9.671478707537703201e+01
9.703231404732322574e+01
9.659532121079325862e+01
9.683891654071874200e+01
9.688689709950425311e+01
9.696103540402518206e+01
9.685343769374608769e+01
9.616218150943302589e+01
9.607249869902221917e+01
9.635272433463389063e+01
9.600616750618119966e+01
9.588746230899280931e+01
9.554821461029179375e+01
9.502742012992348464e+01
9.516487559166478150e+01
9.526254105238520253e+01
9.518125670719409470e+01
9.510632163158798846e+01
9.494642212434111173e+01
9.488242273187906051e+01
9.546131925372428384e+01
9.557351582711063998e+01
9.564592613434058421e+01
9.615721413969886555e+01
9.643494364089526982e+01
9.588079059610926436e+01
9.558286419285843749e+01
9.535418715654809318e+01
9.507710378690357800e+01
9.487011635347752758e+01
9.474176275642956568e+01
9.439421245403003979e+01
9.474572295771386621e+01
9.491475669847940821e+01
9.462962220601013996e+01
9.482298111901519633e+01
9.498236397001153364e+01
9.481697172209619850e+01
9.452455299897167151e+01
9.463315414283616178e+01
9.490011851969892120e+01
9.504019710124720177e+01
9.525518461435034112e+01
9.490715873920935053e+01
9.498196682942375446e+01
9.505166064523518799e+01
9.403030593519761737e+01
9.392597249645810109e+01
9.445064127622808314e+01
9.445815084370588011e+01
9.458900182012395419e+01
9.489378045470729717e+01
9.479685449715029222e+01
9.541938170563790322e+01
9.538917287691629099e+01
9.530528906605979955e+01
9.550525246438806448e+01
9.596413907639291097e+01
9.623431045687351570e+01
9.663347534117987436e+01
9.592092669457025522e+01
9.617500329913026746e+01
9.619008343687207230e+01
9.551365341951741073e+01
9.533898127836940262e+01
9.547702933860530550e+01
9.517094101155069552e+01
9.582268357481306964e+01
9.627124328658112518e+01
9.623371412351445997e+01
9.587448614489780141e+01
9.518858326631325895e+01
9.541088862385184655e+01
9.601101909511703525e+01
9.639703227669868113e+01
9.707760799360590909e+01
9.753559076841101216e+01
9.730458193172169956e+01
9.768833801021361296e+01
9.735752239051244317e+01
9.738067606026577039e+01
9.753526334529320252e+01
9.742124042318503996e+01
9.798797498138792150e+01
9.762393525238968550e+01
9.691272866707667788e+01
9.693798008570269076e+01
9.654889809048829363e+01
9.652733920786015176e+01
9.700403614352835291e+01
9.683653245223730721e+01
9.675234487240457781e+01
9.660155594453476624e+01
9.558415023118810439e+01
9.503909407127615339e+01
9.533543689199518667e+01
9.538612896237995642e+01
9.617282089332978501e+01
9.653405573911722115e+01
9.627712569810842069e+01
9.675704706676194178e+01
9.633074465727638369e+01
9.497815353280829243e+01
9.452884684814787875e+01
9.488407603188080941e+01
9.493743479549127073e+01
9.512318080976841372e+01
9.505194947475355605e+01
9.517982874401488402e+01
9.545193229437703053e+01
9.497573583054671076e+01
9.485379001596031401e+01
9.544230256883977859e+01
9.526682494192286299e+01
9.514612532711187498e+01
9.530947584912144066e+01
9.513203741836208849e+01
9.482469915666760585e+01
9.499069271776127721e+01
9.491070312558356648e+01
9.507092383117417000e+01
9.529806459323590673e+01
9.467794512737133061e+01
9.474492618662868892e+01
9.462479053635144055e+01
9.450130471265197230e+01
9.439672103799352954e+01
9.475163898302130860e+01
9.471611419721578784e+01
9.487521942328713465e+01
9.473536244369691417e+01
9.403983108452993633e+01
9.377169271527135663e+01
9.382267361517450865e+01
9.364179039442659302e+01
9.377535786226317782e+01
9.380133135468513217e+01
9.328664711257628994e+01
9.268926923641940618e+01
9.205492740668441343e+01
9.159959514069234388e+01
9.138418309799537553e+01
9.156618553312699760e+01
9.183468618423837881e+01
9.213745297183164951e+01
9.217433102352715935e+01
9.222687558668495456e+01
9.144874272012668825e+01
9.072646475159416468e+01
9.073887446124579981e+01
9.077792371414841455e+01
9.078015467318691378e+01
9.100841091476790723e+01
9.111547702933860648e+01
9.084059224990724601e+01
9.038207912434857860e+01
9.014246391498453193e+01
9.005508800585626261e+01
8.978159757582398015e+01
9.032393475440775887e+01
9.050224589849634071e+01
9.068971244033554058e+01
9.068595018686771425e+01
9.076089522211239569e+01
9.073431543669279620e+01
9.081160472186464006e+01
9.038863505643379881e+01
9.027520473282024227e+01
9.065226295437739168e+01
9.076444334335107555e+01
9.084951110624194826e+01
9.070387380141974631e+01
9.105661183055667607e+01
9.097328451450496800e+01
9.068718767195937858e+01
9.088982398828746057e+01
9.063988685850590343e+01
9.096106279303124609e+01
9.128651514736530714e+01
9.104144703588707443e+01
