2.523927967074656067e+02
2.528741376814487865e+02
2.528753993371004185e+02
2.529500079867420084e+02
2.528046143401952861e+02
2.526666533554299860e+02
2.523693493800291492e+02
2.524110376774554254e+02
2.523739529880398607e+02
2.522424450412315480e+02
2.521928461254317710e+02
2.521653867080646023e+02
2.521438886448495396e+02
2.521367517421080890e+02
2.521481740311083684e+02
2.521702361579777687e+02
2.521955740969989677e+02
2.521671100972385773e+02
2.521575634446818412e+02
2.521644170676676708e+02
2.521687324042090097e+02
2.521952533793902091e+02
2.521743867679651885e+02
2.521671325599504883e+02
2.521645718107940866e+02
2.521485571451390797e+02
2.521500109817702651e+02
2.521219088812571272e+02
2.521519614939200835e+02
2.521683442984645467e+02
2.521563691771659137e+02
2.521862308567777404e+02
2.521901842940718268e+02
2.521487405906195818e+02
2.521449681029490932e+02
2.521609989916738073e+02
2.521654466086296793e+02
2.521324151907832913e+02
2.521121750394345327e+02
2.521126929297366246e+02
2.521502006668929710e+02
2.522075654413673362e+02
2.521824109478266109e+02
2.521757245472515763e+02
2.521886156480242676e+02
2.521646666533554253e+02
2.521696895653215620e+02
2.521665947027933612e+02
2.521744678833136959e+02
2.521612797755725524e+02
2.521248315296607529e+02
2.521200145258870293e+02
2.521253381886069178e+02
2.521527614160493442e+02
2.521588949843260252e+02
2.521898760557474475e+02
2.521809945490485916e+02
2.522007018349539749e+02
2.521524818800790797e+02
2.521756783738993306e+02
2.520937032026835425e+02
2.521195615278637376e+02
2.521377837789269734e+02
2.521248789509414507e+02
2.521761862807739192e+02
2.521869496635584937e+02
2.521545422099315203e+02
2.521454148613301811e+02
2.521803905516842121e+02
2.521920736577281730e+02
2.522032226504003347e+02
2.521780831320008645e+02
2.521650460236008087e+02
2.521656575085358440e+02
2.521412792264840448e+02
2.521141180640137236e+02
2.521211800910488705e+02
2.521056371423437099e+02
2.521488628876065832e+02
2.522154174071042121e+02
2.522002538286444633e+02
2.521861410059301534e+02
2.521900320468023153e+02
2.521854646287163177e+02
2.521736180440468900e+02
2.521507372761216459e+02
2.521751916818082009e+02
2.521578953936465552e+02
2.521712619551544492e+02
2.521401610826028730e+02
2.521519028412834587e+02
2.521122299482858580e+02
2.520867023241419247e+02
2.521162308068606137e+02
2.521341810095241840e+02
2.521762761316215062e+02
2.521544536070123570e+02
2.521524182357287032e+02
2.521355861769462763e+02
2.521552597687838215e+02
2.520944794141724685e+02
2.520745574845755925e+02
2.521150590020565971e+02
2.520730724497334450e+02
2.520755096539743931e+02
2.521196788331369874e+02
2.521838036359642956e+02
2.521906859613042400e+02
2.521327671066030405e+02
2.521222570532915483e+02
2.520943533734001676e+02
2.520429786554319946e+02
2.520419678333965692e+02
2.520595186989597210e+02
2.520409083421520222e+02
2.520400734780264713e+02
2.520799285685761504e+02
2.520911923706646860e+02
2.521012644010941699e+02
2.520899556735818408e+02
2.520748669708284240e+02
2.521367517421080890e+02
2.521771621608130545e+02
2.521514061657648256e+02
2.521951884871114089e+02
2.522025699838268338e+02
2.522014144020925244e+02
2.522202543777329709e+02
2.522276358744484241e+02
2.521903814667651602e+02
2.521779982728670291e+02
2.522256604037298189e+02
2.522334911546832359e+02
2.521716088792604182e+02
2.521420367190463878e+02
2.521386510891919386e+02
2.521512426871393586e+02
2.521698230936645189e+02
2.521854109677934730e+02
2.522058545314777405e+02
2.522114689615238774e+02
2.522047912964478940e+02
2.521378935966295955e+02
2.522049485354311855e+02
2.522357860950821760e+02
2.521982309366451602e+02
2.521927525307988844e+02
2.521506149791346445e+02
2.521554594373340308e+02
2.521778085877443516e+02
2.521416523570872243e+02
2.521644332907373780e+02
2.521920823932272526e+02
2.521813489607251881e+02
2.521674133438492049e+02
2.521768277159914646e+02
2.521684977936625103e+02
2.521825394844558161e+02
2.522059606053950347e+02
2.521902454425653275e+02
2.521703572070363180e+02
2.521642660683265831e+02
2.521560185092746167e+02
2.521503404348781032e+02
2.521366756184733333e+02
2.520937356488229568e+02
2.521850253579058858e+02
2.521976581374917714e+02
2.521662128366911020e+02
2.521586329193538631e+02
2.521570018768843795e+02
2.521372084839167087e+02
2.521525592516422876e+02
2.521630593215262763e+02
2.521144587484775172e+02
2.520468659525188286e+02
2.520919124253738914e+02
2.521025210650320503e+02
2.520908329672743378e+02
2.521654852944112690e+02
2.520893753868578244e+02
2.521282483577261644e+02
2.521286077611165410e+02
2.521224692011261368e+02
2.520850475710320779e+02
2.520747034922029570e+02
2.520849477367569875e+02
2.520772430265758715e+02
2.521153048439590236e+02
2.521641587464808367e+02
2.522301641774654115e+02
2.522420307289898744e+02
2.522277182377253837e+02
2.522126969231076430e+02
2.521781717349200278e+02
2.521556815685961226e+02
2.521492085637841285e+02
2.521592331729329430e+02
2.521250599005650486e+02
2.521005680570253276e+02
2.520973771040073359e+02
2.521180303196693444e+02
2.520856503204680337e+02
2.520684476269392746e+02
2.520972223608809486e+02
2.521396469360861090e+02
2.521783551804005299e+02
2.521774279695705161e+02
2.521899821296647701e+02
2.521965836711059694e+02
2.522100924964558715e+02
2.521854109677934730e+02
2.521904176566899025e+02
2.521804529481061365e+02
2.521840794281492606e+02
2.521765094942395535e+02
2.521726958249306279e+02
2.521291006928498746e+02
2.521295249885190515e+02
2.521983220354211994e+02
2.521840919074336682e+02
2.521876734620529987e+02
2.521891023401153973e+02
2.521765569155202229e+02
2.521563367310264994e+02
2.521047149232274478e+02
2.520650357905876149e+02
2.520600677874728035e+02
2.521109807719186051e+02
2.521541740710420640e+02
2.521647090829223430e+02
2.521880653115827613e+02
2.522040662500249653e+02
2.521713518060020363e+02
2.521884409380428451e+02
2.521565551185032916e+02
2.521244446718447421e+02
2.521093871673022875e+02
2.521588076293353140e+02
2.521572277519317993e+02
2.521175049417966250e+02
2.521253918495297910e+02
2.521239068146876150e+02
2.521909293073497906e+02
2.521836863306910459e+02
2.521445038735698745e+02
2.521595301799013669e+02
2.521878356927500420e+02
2.521932679252441005e+02
2.521332101211988004e+02
2.521088355829323291e+02
2.520638664816404741e+02
2.520963775133278659e+02
2.521230856777748954e+02
2.521839334205219245e+02
2.522169461194417295e+02
2.521959097897490096e+02
2.521688534532675874e+02
2.521649599165385496e+02
2.521695073677695120e+02
2.521233390072479779e+02
2.520965085458139470e+02
2.521170769023421201e+02
2.521556478745282845e+02
2.521536075115308506e+02
2.522131923506978524e+02
2.522005658107541421e+02
2.521360341832557879e+02
2.521742707106203625e+02
2.521345890821236821e+02
2.520770708124513249e+02
2.521108984086416456e+02
2.521664237365972383e+02
2.521568546213285913e+02
2.521505550785695675e+02
2.521337354990715482e+02
2.521135714713575453e+02
2.521093197791665830e+02
2.521193319090310183e+02
2.521513911906235705e+02
2.521546320607791074e+02
2.521688609408382149e+02
2.521794970349220364e+02
2.521894018429407254e+02
2.521699266717249373e+02
2.521735306890561787e+02
2.521706317512928592e+02
2.521833693568675869e+02
2.522187344008945047e+02
2.521964950681868061e+02
2.521842503943453835e+02
2.521736966635385215e+02
2.521364684623524965e+02
2.521175049417966250e+02
2.521949126949264155e+02
2.521576795020266388e+02
2.521776376215482287e+02
2.521610501567398046e+02
2.521705481400874476e+02
2.521450230118004185e+02
2.520996321106962341e+02
2.520690304095201952e+02
2.520420189984625381e+02
2.520840567158516876e+02
2.521001287862148956e+02
2.521521087494758717e+02
2.522012197252560668e+02
2.522030978575564575e+02
2.521865490785296515e+02
2.521612086436515483e+02
2.521827953097857460e+02
2.521948166044366246e+02
2.521424061058642678e+02
2.520871740410917994e+02
2.520828037956991352e+02
2.520805700037936958e+02
2.521105864265319667e+02
2.520899244753708786e+02
2.521072943913104325e+02
2.521686300740770434e+02
2.521257500049917155e+02
2.521352941616916041e+02
2.520843799293173220e+02
2.520506421839745883e+02
2.520802318151867780e+02
2.520388979294371268e+02
2.520152471896651605e+02
2.520423746580676152e+02
2.520463068805782427e+02
2.521186692590300140e+02
2.521671462871633196e+02
2.521817682646806418e+02
2.521447322444741701e+02
2.521544922927939751e+02
2.520934186749994979e+02
2.520411105065591073e+02
2.520509079927320784e+02
2.520681743306111855e+02
2.521083551304834032e+02
2.521235736177944489e+02
2.521243098955733615e+02
2.522495669688317435e+02
2.522194369846055508e+02
2.521857703711838212e+02
2.521585817542878942e+02
2.521504727152926080e+02
2.521830935646826219e+02
2.521694399796338075e+02
2.521451440608589678e+02
2.521554619331909066e+02
2.521082640317073640e+02
2.520790924565221758e+02
2.520652629135634868e+02
2.520709023021783821e+02
2.521145698141085916e+02
2.521972750234610601e+02
2.521832732663778245e+02
2.521720181997883401e+02
2.521753526645767920e+02
2.521664549348082289e+02
2.520758228840125525e+02
2.521273398658227336e+02
2.521411644170676709e+02
2.521386610726194419e+02
2.521357421680011157e+02
2.521492959187748397e+02
2.520427652596689541e+02
2.520441517081644349e+02
2.520680283229838494e+02
2.520309124353572940e+02
2.520901154084220082e+02
2.520702171894654953e+02
2.520864190443863322e+02
2.521092174490346167e+02
2.520828936465467223e+02
2.520825879040792188e+02
2.520479067248367642e+02
2.520266906934488702e+02
2.520477557254956764e+02
2.520830920671685078e+02
2.521515858674600281e+02
2.521650809655970988e+02
2.521233340155342262e+02
2.521345890821236821e+02
2.521530833815865549e+02
2.521817632729668617e+02
2.521488092266837100e+02
2.521578704350777684e+02
2.521453886548329706e+02
2.521260257971766805e+02
2.520958820857376850e+02
2.521521299642593306e+02
2.521667419583491494e+02
2.521603675398837936e+02
2.521600305992053279e+02
2.520781939480462484e+02
2.521102320148553417e+02
2.521094508116526640e+02
2.521338490605594700e+02
2.520996246231256066e+02
2.521105876744603904e+02
2.520963637861150630e+02
2.521261830361599721e+02
2.521487368468342538e+02
2.521395770520935287e+02
2.520981920012778801e+02
2.521354426651758160e+02
2.521230869257033191e+02
2.521194317433061087e+02
2.521036392089131937e+02
2.521318349040592750e+02
2.521377737954994700e+02
2.521436852325140308e+02
2.520855305193379081e+02
2.521342671165864715e+02
2.521284193239222873e+02
2.521331914022722174e+02
2.521551711658646582e+02
2.521888078290038493e+02
2.521757245472515763e+02
2.520705017171495399e+02
2.521006691392288701e+02
2.520890946029590793e+02
2.520936495417606693e+02
2.520854893376994141e+02
2.520820063694267503e+02
2.521166850528123291e+02
2.521167586805902090e+02
2.521528762254657181e+02
2.521793784817203345e+02
2.521416273985184660e+02
2.521321206796717433e+02
2.521751654753109904e+02
2.521254904358764577e+02
2.520893179821496233e+02
2.520920671685002787e+02
2.521181788231535563e+02
2.521291805602699583e+02
2.521577718487311017e+02
2.521578542120080613e+02
2.520998617295289819e+02
2.520651493520755650e+02
2.520873599824291773e+02
2.520961117045704043e+02
2.520680158436994702e+02
2.520702421480342537e+02
2.520655249785356204e+02
2.520443314098596375e+02
2.520696718447377407e+02
2.520884356967434030e+02
2.520422124273705720e+02
2.520330738474133057e+02
2.520535773116626501e+02
2.520219423257392748e+02
2.520617437553660807e+02
2.520782825509653833e+02
2.521811018708943095e+02
2.521612385939340584e+02
2.520529109178763179e+02
2.520601888365313528e+02
2.520383039155002791e+02
2.520402843779326361e+02
2.521035506059940587e+02
2.521880802867240448e+02
2.521406577581215060e+02
2.520646202304175176e+02
2.521348149571711019e+02
2.521431174250743652e+02
2.521561695086157044e+02
2.521481228660423710e+02
2.521256451790028450e+02
2.521543737395922733e+02
2.521131821176846302e+02
2.521723776031787168e+02
2.522564068646047701e+02
2.520998492502446027e+02
2.520762496755386053e+02
2.520526438611904325e+02
2.520688020386158996e+02
2.520966196114449929e+02
2.520798150070882286e+02
2.521282982748637380e+02
2.521390279635804461e+02
2.521357509035001954e+02
2.521694200127788008e+02
2.521260208054629288e+02
2.521030589221891773e+02
2.520910738174630126e+02
2.520641223069704324e+02
2.522936937184274200e+02
2.521699491344368482e+02
2.521021978515663875e+02
2.521369239562326641e+02
2.521858427510332774e+02
2.522349025617475036e+02
2.522804282391230686e+02
2.521884746321106832e+02
2.521449918135894279e+02
2.521193643551704042e+02
2.520739110576443238e+02
2.521015938542020365e+02
2.521368727911666667e+02
2.521838523051734171e+02
2.521695647724776848e+02
2.521968781822175174e+02
2.522229873410139191e+02
2.521976281872092329e+02
2.522030654114170432e+02
2.522065096939081172e+02
2.522096257712197769e+02
2.521885008386079221e+02
2.521846846734420922e+02
2.521644295469520500e+02
2.521750057404708230e+02
2.521775078369905998e+02
2.521685988758660528e+02
2.521670801469560388e+02
2.521500097338418129e+02
2.521593779326318270e+02
2.521716026396182428e+02
2.521828614499929984e+02
2.521819791645867781e+02
2.521686999580695954e+02
2.521583633668111020e+02
2.521397505141465274e+02
2.522030841303436262e+02
2.521914559331509622e+02
2.522525070882335285e+02
2.522683345646227338e+02
2.522195430585228451e+02
2.522065383962622036e+02
2.522452553760757041e+02
2.522472333426511852e+02
2.522260035840504884e+02
2.522134319529581035e+02
2.521700127787872248e+02
2.521677577720983265e+02
2.521698854900864433e+02
2.521333948146077546e+02
2.521345566359842678e+02
2.521209941497114926e+02
2.521576919813110180e+02
2.522025899506818689e+02
2.522085325859073919e+02
2.521410333845815899e+02
2.521181613521554254e+02
2.520738486612223710e+02
2.521007976758580753e+02
2.521361427530299579e+02
2.521656824671046024e+02
2.521534565121897629e+02
2.521732835992253001e+02
2.521461399077531382e+02
2.521221260208054673e+02
2.521202466405766529e+02
2.521059815705928031e+02
2.521151363736198050e+02
2.521342646207295957e+02
2.521113688776630681e+02
2.520978700357406694e+02
2.520727716989796932e+02
2.520417382145638214e+02
2.520334307549467781e+02
2.520328055427989398e+02
2.520501517480981590e+02
2.520512549168380474e+02
2.520405327156919384e+02
2.520811141005930267e+02
2.520649621628097350e+02
2.520509629015833752e+02
2.520584042988638771e+02
2.521207869935906274e+02
2.521656749795339749e+02
2.521585642832897349e+02
2.521753975900005855e+02
2.522009189745023150e+02
2.521867574825789120e+02
2.522053241618912693e+02
2.522375968392468621e+02
2.521883797895493444e+02
2.521804754108180475e+02
2.521929422159215619e+02
2.522100900005989956e+02
2.521945807459617015e+02
2.521696583671105998e+02
2.521550463730207809e+02
2.521677902182377125e+02
2.521674695006289539e+02
2.521488554000359272e+02
2.521654091707765133e+02
2.521825594513108229e+02
2.521851127128965970e+02
2.521808884751312689e+02
2.521768227242777130e+02
2.521390342032226499e+02
2.521579453107841005e+02
2.521827478885050766e+02
2.521937683445480616e+02
2.522006257113192191e+02
2.521954405686560392e+02
2.521067203442285916e+02
2.521185070283329708e+02
2.521351244434239049e+02
2.521453175229119665e+02
2.521718060519537516e+02
2.521861235349320225e+02
2.522012122376854393e+02
2.522049310644330546e+02
2.521564353173731661e+02
2.521201443104446582e+02
2.521097927440448814e+02
2.521078072898987728e+02
2.521017049198330824e+02
2.521611911726533890e+02
2.521905636643172386e+02
2.522130026655751465e+02
2.521757906874588286e+02
2.521662427869736121e+02
2.521899109977437377e+02
2.521591021404468620e+02
2.521844850048918829e+02
2.521645880338637937e+02
2.521680859772777126e+02
2.522093112932531938e+02
2.521922496156380475e+02
2.522093050536110184e+02
2.521752303675897906e+02
2.521799150909490379e+02
2.521710073777529431e+02
2.522090454844957321e+02
2.522042933730008087e+02
2.522000316973823431e+02
2.521509706387396932e+02
2.521522784677435425e+02
2.521962392428568478e+02
2.521730040632550072e+02
2.521770485993251327e+02
2.521237945011281170e+02
2.521348024778866943e+02
2.521583346644569872e+02
2.521611574785855510e+02
2.521617190463830127e+02
2.521912138350338353e+02
2.521787070962202790e+02
2.522027771399476990e+02
2.522042184972945051e+02
2.522318426412155929e+02
2.521871493321087030e+02
2.521696770860371828e+02
2.521849404987720504e+02
2.521695123594832637e+02
2.521770411117544768e+02
2.521826755086556204e+02
2.521792187468801671e+02
2.521290382964279218e+02
2.521281747299482845e+02
2.521187728370904324e+02
2.520651006828664435e+02
2.520616127228800281e+02
2.520861969131242120e+02
2.521021479344288423e+02
2.521225116306930545e+02
2.521315903100852722e+02
2.521178294031907114e+02
2.521501420142563461e+02
2.521006891060839052e+02
2.520784472775193308e+02
2.521070922269033474e+02
2.521327209332507948e+02
2.521442854860930822e+02
2.521352068067008645e+02
2.521364946688497071e+02
2.521707627837789403e+02
2.521284717369167083e+02
2.521635959307549513e+02
2.521429464588782707e+02
2.521477035620869458e+02
2.522000092346704605e+02
2.521443753369406693e+02
2.521540093444881450e+02
2.521205623664716597e+02
2.521096841742707113e+02
2.521212212726873361e+02
2.521135739672144211e+02
2.520659055967094559e+02
2.521598933270770431e+02
2.522161836351656348e+02
2.521863456661941143e+02
2.521918290637541702e+02
2.521362151328794141e+02
2.520616276980212831e+02
2.521110256973423986e+02
2.521357197052892332e+02
2.521137324541261364e+02
2.521551774055068620e+02
2.521959110376774618e+02
2.522174764890282006e+02
2.522156607531497627e+02
2.522158778926981313e+02
2.521931306531158157e+02
2.521963503084879221e+02
2.521862782780584098e+02
2.521792711598746166e+02
2.521318311602739470e+02
2.521479806022003345e+02
2.521216892458518828e+02
2.521443491304434588e+02
2.521531869596469733e+02
2.521718609608050770e+02
2.522014518399456904e+02
2.521853947447237658e+02
2.521653442784976846e+02
2.521637868638060809e+02
2.521460725196174337e+02
2.521730889223888425e+02
2.522072472196154251e+02
2.522151428628476708e+02
2.522086411556815619e+02
2.522370265359503207e+02
2.522277382045803904e+02
2.521102632130663039e+02
2.520869182157618411e+02
2.520913870475011436e+02
2.521232192061178523e+02
2.521662328035461087e+02
2.521803381386897627e+02
2.521338365812750908e+02
2.521210028852105438e+02
2.521470795978675312e+02
2.521682182576922173e+02
2.521694337399916037e+02
2.521524007647305439e+02
2.521993940059501256e+02
2.522067979653774614e+02
2.522053378891041007e+02
2.521550139268813666e+02
2.521606558113531662e+02
2.521666471157877822e+02
2.521861098077191912e+02
2.522212439849849375e+02
2.522146075015474196e+02
2.522137539184952857e+02
2.522200584529680611e+02
2.522127643112433475e+02
2.522025724796837380e+02
2.521679449613641282e+02
2.521799288181618408e+02
2.522017763013397769e+02
2.522282685741668899e+02
2.522025799672543656e+02
2.521741421739911857e+02
2.521441145198969593e+02
2.521268444382325242e+02
2.521296647565042122e+02
2.521475563065311576e+02
2.522100013976798607e+02
2.522254420162530266e+02
2.522245272847073920e+02
2.521948515464329148e+02
2.521754050775712415e+02
2.521500534113371828e+02
2.521959796737415900e+02
2.521945520436076151e+02
2.522066956352454952e+02
2.522095009783758996e+02
2.521841717748537519e+02
2.522104119661362063e+02
2.521982047301479497e+02
2.521882425174210880e+02
2.522067031228161227e+02
2.521978291036878659e+02
2.522095658706546999e+02
2.522267461014715479e+02
2.521943511271289537e+02
2.521383016692290937e+02
2.521005381067428175e+02
2.520766527564243233e+02
2.520668752371064159e+02
2.521070285825529709e+02
2.521222458219355929e+02
2.521062274124952580e+02
2.521306967933230965e+02
2.521294563524549233e+02
2.521890349519797212e+02
2.521767802947107668e+02
2.521649012639019247e+02
2.521516145698141145e+02
2.521338939859832635e+02
2.521521112453327476e+02
2.521467176986202787e+02
2.521389917736557322e+02
2.521645930255775454e+02
2.521093647045903765e+02
2.520661988598925802e+02
2.520529171575185217e+02
2.520872102310165133e+02
2.521525916977816735e+02
2.521343993970009763e+02
2.520755533314697630e+02
2.520610661302238213e+02
2.520531155781402788e+02
2.520602499850248535e+02
2.520395343729409205e+02
2.520420314777469457e+02
2.520683353133797766e+02
2.520494628915999442e+02
2.520180413014396095e+02
2.520177405506858577e+02
2.520366666333885632e+02
2.520736003234630402e+02
2.520901253918495399e+02
2.521009823692670295e+02
2.521744379330311574e+02
2.522618166343869177e+02
2.521927737455823433e+02
2.521615767825409762e+02
2.521713929876405302e+02
2.521950362398418690e+02
2.521713368308607812e+02
2.521572776690693445e+02
2.522021406964439052e+02
2.521403245612283683e+02
2.521245133079088703e+02
2.521622968372501532e+02
2.521921672523610880e+02
2.521775103328474756e+02
2.521937670966196094e+02
2.521861484935007809e+02
2.521811692590300140e+02
2.521771471856717710e+02
2.521924580196873080e+02
2.521630468422418687e+02
2.521738451670227334e+02
2.522143229738633750e+02
2.522221387496755369e+02
2.522779136633188841e+02
2.522007991733721894e+02
2.522058333166942816e+02
2.521846984006549235e+02
2.522093786813888983e+02
2.520851973224447420e+02
2.521580638639857739e+02
2.521307517021743934e+02
2.521207258450971267e+02
2.521124782860451603e+02
2.521155219835073638e+02
2.521196039574306553e+02
2.521617103108839331e+02
2.522058769941896514e+02
2.522151528462751742e+02
2.521846534752311300e+02
2.521743680490386055e+02
2.522165130882734729e+02
2.521817283309705999e+02
2.521948066210091213e+02
2.521980924165884517e+02
2.522410261465966528e+02
2.522436717548868899e+02
2.522431363935866386e+02
2.522345256873589960e+02
2.522137564143521615e+02
2.522260510053311577e+02
2.521995599804324684e+02
2.521916331389892889e+02
2.521787395423596934e+02
2.521580276740610600e+02
2.521380970089651044e+02
2.521559511211389122e+02
2.521608367609767924e+02
2.521700726793522733e+02
2.522070999640596654e+02
2.522182664277299580e+02
2.522130800371383543e+02
2.521666907932831521e+02
2.521716300940438771e+02
2.521609378431803066e+02
2.521808210869955929e+02
2.521737752830301815e+02
2.521942213425713248e+02
2.522069651877882848e+02
2.521898411137511857e+02
2.521989559830681173e+02
2.521804192540382985e+02
2.521678513667312131e+02
2.521427667571830682e+02
2.521706791725735286e+02
2.521954879899367086e+02
2.522106578080386612e+02
2.521752016652357042e+02
2.521423062715891490e+02
2.521313407243974893e+02
2.521111604736138077e+02
2.521404506020006693e+02
