2.257493981563032150e+02
2.254574364394339625e+02
2.253105787485565656e+02
2.249963634940206987e+02
2.245552893742782885e+02
2.242645196015109832e+02
2.238626054449728997e+02
2.238015168418374401e+02
2.237393654708081385e+02
2.237210381069813820e+02
2.237469751237938738e+02
2.237543812263911036e+02
2.237508484528213160e+02
2.237044467931027611e+02
2.237461628794551132e+02
2.237252911357720109e+02
2.237301235002838098e+02
2.237366508132229512e+02
2.237025111071966705e+02
2.237131505294267413e+02
2.237553109036462899e+02
2.237677000763314084e+02
2.237588378055702378e+02
2.237569999804278496e+02
2.237792535180944640e+02
2.237750415908245714e+02
2.237578924705928500e+02
2.237442585089933971e+02
2.236953065977726851e+02
2.237268921378662299e+02
2.238126299101638210e+02
2.238585559665707763e+02
2.238565498209148075e+02
2.238701407237782064e+02
2.238523770379503901e+02
2.239075568081733252e+02
2.239461609222398408e+02
2.239345448495880078e+02
2.239850605758127244e+02
2.240090305912747226e+02
2.239893781927074201e+02
2.240283424343843706e+02
2.240368465347503673e+02
2.240423854539760953e+02
2.240566692110465112e+02
2.241051513906014634e+02
2.241208365138081433e+02
2.241564774039496513e+02
2.241691582017106157e+02
2.241121014620398171e+02
2.241666940676805098e+02
2.241878848374532822e+02
2.241926467422151745e+02
2.241965513866870197e+02
2.242041845262560571e+02
2.241651654825514299e+02
2.242172117511205158e+02
2.242731861507447206e+02
2.242493257393380759e+02
2.242391717064959948e+02
2.241262814867007194e+02
2.241939424187266354e+02
2.242775096392852276e+02
2.242164190789344786e+02
2.242002798817841835e+02
2.241671285694713447e+02
2.241612138649130088e+02
2.242370128980486470e+02
2.242326639657095768e+02
2.243265907267140449e+02
2.243548020276750208e+02
2.243686904272601055e+02
2.244321785763216042e+02
2.244277924568923197e+02
2.244144188049243667e+02
2.244235081126573164e+02
2.244459377996985836e+02
2.244249955962656315e+02
2.244558158651870201e+02
2.244161959563932385e+02
2.244121210341925519e+02
2.244721820993090944e+02
2.244779206544927774e+02
2.244857612588808706e+02
2.245282798034955931e+02
2.245745209715616681e+02
2.245422386628305276e+02
2.245396531814534171e+02
2.245166617736284707e+02
2.244738105024171659e+02
2.245744094102910253e+02
2.244799835593916839e+02
2.243799424578709534e+02
2.244647055369620148e+02
2.244162272718376414e+02
2.244730060869395061e+02
2.244597479106726894e+02
2.244926623999373589e+02
2.245093417885033205e+02
2.245532323410251934e+02
2.245514003875286164e+02
2.245093320024269588e+02
2.244801597087663652e+02
2.245177636858278163e+02
2.245167341905936098e+02
2.245603135458869133e+02
2.245778521519581830e+02
2.245462998845243021e+02
2.245276906816980897e+02
2.244727653494607864e+02
2.244476307909106936e+02
2.243870138766562832e+02
2.243785391345194000e+02
2.243923903470142704e+02
2.243065997299042920e+02
2.243272013778795611e+02
2.243458399389348870e+02
2.243422308339694382e+02
2.243540093554890120e+02
2.242763920693637090e+02
2.241107451118548397e+02
2.242340692462763911e+02
2.242863503806783569e+02
2.242118783394985542e+02
2.242132170747460407e+02
2.241696122756542024e+02
2.242254751140077929e+02
2.242120955903940001e+02
2.242176912688626658e+02
2.243446656097704306e+02
2.243625663006674245e+02
2.243622061730569612e+02
2.243226919538880111e+02
2.243372418922357383e+02
2.243264537216448389e+02
2.243005030043254351e+02
2.243103751981680603e+02
2.242261229522635233e+02
2.242488501360264479e+02
2.242325152173487481e+02
2.242498913745522771e+02
2.242677431350674340e+02
2.242753508308378798e+02
2.242088700996222599e+02
2.241605347112128754e+02
2.241415966962206312e+02
2.241417806744563848e+02
2.241881862486054899e+02
2.241735071340496859e+02
2.241556964750552936e+02
2.241609144109760621e+02
2.241790166950463004e+02
2.240684712191493873e+02
2.241298005597635665e+02
2.241400191807096860e+02
2.241018084669132691e+02
2.241173879004951743e+02
2.241277043822049961e+02
2.241196543557825862e+02
2.241157066525747155e+02
2.241022390542735820e+02
2.240906856125105264e+02
2.240671050828880766e+02
2.240853737302565776e+02
2.240846006302233206e+02
2.240665844636251620e+02
2.240516548255142482e+02
2.240722173291840420e+02
2.240410388898675080e+02
2.240940598516430953e+02
2.240734014444248601e+02
2.240612667097254018e+02
2.240344489460395607e+02
2.240275889065038371e+02
2.240217603194175240e+02
2.239870197483021173e+02
2.239824163779774153e+02
2.240375159023741105e+02
2.240587438592370688e+02
2.239633922455130914e+02
2.238078445188186265e+02
2.239172900397314834e+02
2.239909909380932902e+02
2.239451235981445620e+02
2.238662576086743741e+02
2.238662282504452605e+02
2.239274068854833217e+02
2.239176012369600528e+02
2.239204998727809937e+02
2.239746599338461124e+02
2.239927367741177875e+02
2.239443172254516412e+02
2.239551543264243776e+02
2.239614859178361144e+02
2.238998943103752026e+02
2.238771710410428000e+02
2.238333783492846294e+02
2.238162214001918073e+02
2.238050124283169851e+02
2.237799679016694938e+02
2.237431291957802557e+02
2.237280958252598282e+02
2.237262893155618144e+02
2.237411230501242869e+02
2.237156048773804571e+02
2.237172117511205158e+02
2.237136496193216431e+02
2.237382048421505942e+02
2.237369913686806342e+02
2.237100796586616696e+02
2.237265065664572319e+02
2.237270741588867224e+02
2.237322059773354397e+02
2.237153797976239389e+02
2.237465386647877494e+02
2.237767169670992189e+02
2.238628500968821697e+02
2.238657937486544256e+02
2.238703873329027374e+02
2.238746951637210714e+02
2.238961716869238501e+02
2.238808212475290134e+02
2.239385806274832191e+02
2.239869297163995157e+02
2.239988530718493678e+02
2.239521617442702563e+02
2.239868416417121750e+02
2.239965259428884679e+02
2.239961266709725294e+02
2.239837140117041372e+02
2.239287769361752112e+02
2.240023369150372901e+02
2.239523809523809632e+02
2.238945824281212822e+02
2.238980016832051376e+02
2.239102636368974117e+02
2.238933337247763973e+02
2.238605307967823421e+02
2.238443015677294454e+02
2.237961521147711039e+02
2.236639383085745578e+02
2.237729121406063371e+02
2.237962558471806176e+02
2.237680680328029155e+02
2.236699958898479110e+02
2.235447908715479741e+02
2.234957587145009938e+02
2.234608850527469599e+02
2.234014581253792073e+02
2.234288787113694639e+02
2.233910770555653471e+02
2.233547256962793313e+02
2.232579472726205267e+02
2.231996633589728560e+02
2.231000078288610950e+02
2.230327050672303528e+02
2.229666020785626301e+02
2.228716419078934621e+02
2.227438396649247352e+02
2.226414264184917613e+02
2.225180866263480368e+02
2.224258920008611824e+02
2.223702718572015726e+02
2.222608224218581938e+02
2.222029358229111722e+02
2.221653572896482842e+02
2.221227604564226112e+02
2.221434325641477301e+02
2.221271113459769424e+02
2.221487131309572760e+02
2.221281095257667459e+02
2.220799365862251307e+02
2.221045700976650323e+02
2.221049458829976686e+02
2.220892627170062497e+02
2.220361008357309345e+02
2.219775233397921568e+02
2.219222691953887932e+02
2.219086645920184822e+02
2.218616620672107729e+02
2.218508014796547343e+02
2.218432055271759396e+02
2.218608145929970874e+02
2.218428297418433033e+02
2.218242753410447676e+02
2.214642514630184280e+02
2.213576478186835743e+02
2.213358326972383736e+02
2.213460591470455938e+02
2.213731489636545007e+02
2.214294502182295048e+02
2.214933650402207661e+02
2.215879357250503858e+02
2.216783042686865031e+02
2.216906875697257817e+02
2.218149746540622118e+02
2.219207445246902637e+02
2.219939169749280836e+02
2.220573131348716913e+02
2.220437104887166413e+02
2.219888947605347198e+02
2.221523007065547120e+02
2.222962108312293310e+02
2.222638913354079762e+02
2.222917151077446931e+02
2.223081694165541364e+02
2.223113694635272850e+02
2.223204783434129865e+02
2.222801362221830743e+02
2.223472491339322517e+02
2.224563286555888340e+02
2.225367036580353499e+02
2.225767561114047055e+02
2.226634333470338447e+02
2.226886990390073038e+02
2.227948349088916302e+02
2.228642495058031443e+02
2.229198657350322037e+02
2.230416867281232385e+02
2.230959759653964340e+02
2.231701074511185539e+02
2.231930049126103484e+02
2.232744720411798198e+02
2.232793044056915903e+02
2.233186268177636862e+02
2.232693617520991154e+02
2.232845477854109220e+02
2.232391149472530572e+02
2.232301880883878482e+02
2.232948897109193069e+02
2.232783649423600139e+02
2.227653944767384928e+02
2.226307067504354791e+02
2.221798348110308723e+02
2.219840800109604118e+02
2.218490556436302370e+02
2.218009101051024743e+02
2.217955727790499623e+02
2.217754173761572076e+02
2.217645039437887817e+02
2.217700957078268971e+02
2.214097391032039752e+02
2.212988902589395934e+02
2.212852445540484894e+02
2.212095844831973181e+02
2.211944297653298861e+02
2.211538684359892670e+02
2.211763137807527357e+02
2.211264419783531991e+02
2.211462489969271701e+02
2.211341749359011999e+02
2.211555575127708266e+02
2.206493042099700688e+02
2.205570136809347730e+02
2.205171334625095483e+02
2.204660423149942403e+02
2.204370853150138032e+02
2.203960777405906981e+02
2.200365255514454077e+02
2.198824672655745474e+02
2.194902217524905552e+02
2.196231871293523454e+02
2.196571350282817718e+02
2.196099778834673941e+02
2.195484528213258102e+02
2.194981641320728727e+02
2.194232301880883824e+02
2.193852954416456384e+02
2.193175699215156556e+02
2.193414205468459386e+02
2.193539486818155240e+02
2.192773002172508825e+02
2.191982032763783650e+02
2.191612060360519081e+02
2.191263128021450939e+02
2.191336445305619236e+02
2.191376587790891222e+02
2.191331434834517324e+02
2.191042941303113878e+02
2.191058422875932195e+02
2.191308711565185092e+02
2.191144148904938049e+02
2.191700624351672388e+02
2.191486837727281625e+02
2.191405006556671253e+02
2.191457753508308315e+02
2.191053647270663305e+02
2.190747460513181863e+02
2.190198461628794462e+02
2.190645293875873278e+02
2.190628833695418223e+02
2.191116317303740288e+02
2.190978607637053983e+02
2.190551934707298471e+02
2.191082848922553126e+02
2.194114947253048342e+02
2.195120075157066424e+02
2.195679956158377877e+02
2.195820308065684117e+02
2.196205311882253852e+02
2.196216585442232656e+02
2.196560115867144134e+02
2.196573033487953239e+02
2.196315522674339036e+02
2.195985731900651672e+02
2.196202493492259293e+02
2.196056132934061509e+02
2.195690583837316296e+02
2.195083612236509794e+02
2.194305971463801370e+02
2.195039281310551473e+02
2.194854167889926089e+02
2.195159552189145415e+02
2.195276437085315138e+02
2.199081655021235804e+02
2.199871861116004084e+02
2.199790069089699216e+02
2.200149824829233012e+02
2.200647368524063836e+02
2.201014698686708471e+02
2.199688215606834660e+02
2.200721057679133992e+02
2.201183488931947636e+02
2.200511048480222200e+02
2.200492944238936843e+02
2.200009923081439638e+02
2.199845888869316752e+02
2.199489753978039914e+02
2.200180142093828977e+02
2.200603781339909517e+02
2.200641281584561568e+02
2.200620672107725113e+02
2.200152643219227571e+02
2.199403010197091533e+02
2.199870588926075925e+02
2.199450453095335831e+02
2.199449474487698808e+02
2.199608400367956449e+02
2.199329555907854399e+02
2.199214745659875234e+02
2.198800931634470430e+02
2.198509228270017388e+02
2.198344509032548615e+02
2.198417376157203478e+02
2.198122854402755877e+02
2.198285479419881483e+02
2.198562229659640366e+02
2.198476190476190482e+02
2.198217916348619099e+02
2.199217016029593026e+02
2.199880492435362953e+02
2.200407100777014477e+02
2.200332746168751044e+02
2.199949562562386234e+02
2.200143346446675707e+02
2.200593877830622489e+02
2.200703384025208891e+02
2.200770105493903372e+02
2.200518740336249550e+02
2.200804904781476807e+02
2.200400465817235158e+02
2.200640498698451779e+02
2.200651028516626582e+02
2.200595502319300181e+02
2.200651635253361462e+02
2.200335466697981985e+02
2.200626074021881777e+02
2.200908676335310190e+02
2.201097939052316406e+02
2.201180533536883672e+02
2.201524866420057549e+02
2.201439942849314093e+02
2.201324956451960020e+02
2.200986123343706709e+02
2.200453036619497880e+02
2.201339635566515938e+02
2.201207171236764282e+02
2.200886696807781959e+02
2.200835417767600291e+02
2.201118117941792320e+02
2.198560115867144305e+02
2.199694322118489822e+02
2.200377801264361040e+02
2.200167420194547105e+02
2.200073023701876878e+02
2.199593192805276658e+02
2.198908304464408161e+02
2.199210087487522856e+02
2.199387039320454846e+02
2.200074374180416044e+02
2.200169436126279550e+02
2.200375765760475986e+02
2.200288865402305589e+02
2.200072867124655147e+02
2.200222711526040769e+02
2.199703540602430962e+02
2.199965141995968168e+02
2.200540798152388788e+02
2.200463625154130796e+02
2.200210987806548815e+02
2.200607147750181127e+02
2.200322040201201617e+02
2.200605347112128811e+02
2.200979918971287645e+02
2.201135400152662669e+02
2.200687178282739183e+02
2.201080735130057064e+02
2.201271211320533041e+02
2.200240052453369231e+02
2.200624077662301943e+02
2.200470651556964867e+02
2.200611668917464101e+02
2.200416984714148612e+02
2.199933532969291434e+02
2.199797486935588040e+02
2.200125379210459471e+02
2.200397941009531735e+02
2.200522204607284777e+02
2.201068835261190486e+02
2.201010823400465881e+02
2.201165541267884009e+02
2.201647231518994658e+02
2.201486035269019226e+02
2.201516215528546070e+02
2.201711428179985433e+02
2.201786761395885890e+02
2.201967412365686130e+02
2.202002896678605737e+02
2.201490223709705845e+02
2.202446342943260333e+02
2.202606932456500886e+02
2.202752333979214256e+02
2.202318458497250049e+02
2.202476347053412269e+02
2.203003679564715185e+02
2.203103908558902333e+02
2.202970641770888278e+02
2.203370383418472329e+02
2.202827980349558743e+02
2.203396336093006767e+02
2.201936096921300248e+02
2.203435930558001985e+02
2.203251854461472306e+02
2.202067621787720384e+02
2.201577613371694895e+02
2.200894134225823393e+02
2.200320180846691187e+02
2.200154796156029136e+02
2.200660618871469580e+02
2.200406689761806831e+02
2.200761337169475382e+02
2.200992308143972878e+02
2.201134304112109419e+02
2.200926389133540795e+02
2.200729160550368988e+02
2.200384436224140359e+02
2.200284970543910106e+02
2.200350909126494798e+02
2.200105983207093061e+02
2.200237958233026063e+02
2.200332511302918306e+02
2.200144638208756476e+02
2.199387293758440478e+02
2.199827941205253126e+02
2.200656352142172238e+02
2.200502965181140382e+02
2.200555888282152068e+02
2.200403421212299122e+02
2.200450550956099676e+02
2.200170336445305566e+02
2.200711428179985489e+02
2.199990155207171370e+02
2.199766073630438541e+02
2.199891765995341757e+02
2.200278883604407554e+02
2.200491084884426414e+02
2.200690701270232807e+02
2.200798211105239375e+02
2.200711878339498639e+02
2.201123500283796091e+02
2.201038576713052635e+02
2.200885307184937290e+02
2.201382772591157391e+02
2.201006576243320865e+02
2.200727340340164062e+02
2.201224570880551141e+02
2.201155207171236725e+02
2.201231910437828958e+02
2.201281349695653091e+02
2.200816080480691994e+02
2.201410525903744144e+02
2.201511616072651805e+02
2.200281447556416765e+02
2.200483471317010071e+02
2.199769068169808008e+02
2.199883173820288391e+02
2.200270369717965195e+02
2.200589063081048380e+02
2.200061808858356471e+02
2.200302526764918980e+02
2.197530170473450255e+02
2.198377957841582884e+02
2.198711702190123845e+02
2.197927152447497576e+02
2.196730374023838976e+02
2.197171295480789865e+02
2.197068404673830173e+02
2.197109075607226032e+02
2.197514043019591838e+02
2.198122971835672104e+02
2.198222672381735379e+02
2.198385551836846616e+02
2.198589337091186735e+02
2.198377918697277380e+02
2.198098800227037088e+02
2.198316305560448711e+02
2.198596128628187785e+02
2.198111815708609811e+02
2.198136222183077848e+02
2.197826962597616216e+02
2.197652065840721889e+02
2.197633805022214517e+02
2.196930440569158236e+02
2.196675689429080194e+02
2.197048891237547252e+02
2.197132170747460407e+02
2.197019944023643063e+02
2.196945413266005005e+02
2.196737067700076409e+02
2.196626348032019962e+02
2.196484958800618585e+02
2.196197326443935651e+02
2.196189458438533677e+02
2.196897578924705954e+02
2.197140077897167885e+02
2.196887812420488046e+02
2.197226586812283529e+02
2.197051318184487059e+02
2.197237919088720446e+02
2.196915487444464077e+02
2.196506449024328163e+02
2.196601589258802676e+02
2.195930812440060151e+02
2.194989548470436205e+02
2.195441156322783911e+02
2.195212083847102349e+02
2.194569158201710479e+02
2.194137083357798588e+02
2.193922122404243282e+02
2.193449787642142894e+02
2.193286908187031372e+02
2.193006067367349772e+02
2.192188088387841844e+02
2.192532245121640813e+02
2.192841308985575210e+02
2.192966316325132539e+02
2.193169631847806897e+02
2.193137259507173269e+02
2.192864873857475629e+02
2.192519660227428346e+02
2.190019219853991785e+02
2.190725206975515107e+02
2.191484469496799932e+02
2.191317284168085564e+02
2.190961521147711153e+02
2.190486230990546517e+02
2.190397314700643960e+02
2.190150783864717141e+02
2.189441469477227713e+02
2.189685162351007079e+02
2.190186013739651116e+02
2.190540700291625171e+02
2.190176756111404757e+02
2.189997240326463555e+02
2.189562307948251316e+02
2.189705576106316016e+02
2.189650597929266098e+02
2.189559567846867481e+02
2.189592820934374515e+02
2.190362319691543007e+02
2.190831738202884935e+02
2.191262364707494044e+02
2.191365118509384899e+02
2.191268862662204242e+02
2.191472139040573097e+02
2.191060888967177505e+02
2.191309044291781731e+02
2.190923942614448094e+02
2.190563736715401433e+02
2.190286692893351415e+02
2.190659816413207182e+02
2.189870354060243187e+02
2.190191376509502277e+02
2.190018123813438251e+02
2.190225980075548478e+02
2.190580901493355270e+02
2.190496936958095944e+02
2.190789795079560918e+02
2.191464310179476627e+02
2.191877008592175002e+02
2.192079873955336211e+02
2.192061887146967365e+02
2.192165639128647854e+02
2.192076233534926644e+02
2.191420644706711300e+02
2.191475838177441062e+02
2.191519621083122900e+02
2.191183645509169651e+02
2.191272072495253838e+02
2.190976611277474433e+02
2.189534045759693015e+02
2.188389916426907860e+02
2.187230892685886658e+02
2.187280605953848749e+02
2.187142406983344074e+02
2.186660697160080531e+02
2.186158142994147795e+02
2.185146008259448536e+02
2.184701015794727255e+02
2.183996320435284701e+02
2.181621435421681952e+02
2.182639441802203919e+02
2.182857240717906677e+02
2.182575343001976762e+02
2.181592351202708926e+02
2.181090149335525439e+02
2.181063981367310589e+02
2.180951089190299967e+02
2.181254046542579204e+02
2.182037500244651937e+02
2.182439805844244916e+02
2.182298729767287000e+02
2.182489734405887418e+02
2.182098056485232860e+02
2.181656900162448949e+02
2.181661675767717554e+02
2.181195878104632868e+02
2.180273833989000423e+02
2.180328949171119461e+02
2.180482022977707288e+02
2.179932554361654127e+02
2.180086215332824509e+02
2.180639324369287237e+02
2.180330358366116741e+02
2.180533478167263581e+02
2.180419803104143455e+02
2.180772101853482923e+02
2.181513632004384249e+02
2.181109643199655466e+02
2.181365196797995907e+02
2.181267394750748565e+02
2.181186111600414961e+02
2.181204842150588092e+02
2.180862916642201412e+02
2.180481083514375769e+02
2.180039966335897361e+02
2.180308848570254270e+02
2.180030982717789243e+02
2.179431076664122315e+02
2.179652555144540429e+02
2.179375981054156171e+02
2.179423756678997108e+02
2.179124028731920362e+02
2.179187736089092482e+02
2.178948212083847125e+02
2.178476992934452880e+02
2.179188264537216355e+02
2.179652946587595181e+02
2.180378310140332303e+02
2.180724521950169219e+02
2.180930518857769300e+02
2.180883897989940010e+02
2.181015931732331126e+02
2.180821599827765169e+02
2.180344861331297750e+02
2.180229796645332954e+02
2.179989039594464941e+02
2.180000528448123873e+02
2.179178419744387725e+02
2.179046523007065446e+02
2.177224942751453227e+02
2.177872252559058950e+02
2.178358346544536346e+02
2.177990840232517087e+02
2.177959837942575234e+02
2.177669034897148208e+02
2.177574462255103356e+02
2.177297712015344473e+02
2.177717906562542680e+02
2.178556710312567191e+02
2.178910026813849186e+02
2.178789932084629868e+02
2.178443407120349207e+02
2.178529916035464851e+02
2.178373867261660166e+02
2.178518955629929792e+02
2.178677353062063276e+02
2.178331219540837367e+02
2.178181453428062468e+02
2.178130976846143199e+02
2.177757579316148906e+02
2.177938641301156792e+02
2.177773824202924118e+02
2.177405613293406077e+02
2.177512770829663680e+02
2.177314054762883302e+02
2.177436596011195320e+02
2.177021764233847989e+02
2.177420233691503597e+02
2.176954847043626273e+02
2.176578924705928273e+02
2.175813594817294074e+02
2.175781731352631425e+02
2.175866576634764158e+02
2.175466854559333001e+02
2.175379523613802348e+02
2.175541815904331315e+02
2.175487092165267313e+02
2.174750924784217148e+02
2.175139666881960352e+02
2.174752549272894555e+02
2.174904546611081742e+02
2.174736421819035854e+02
2.174890435088955485e+02
2.174756267981915414e+02
2.174569432211849005e+02
2.174855851095061894e+02
2.174897755074080692e+02
2.174861018143385536e+02
2.175030610846887100e+02
2.174808369052512091e+02
2.174300745699019330e+02
2.174762550642945200e+02
2.174075078777914882e+02
2.173571037128373860e+02
2.173816902511107116e+02
2.173618480026618158e+02
2.173477932397784400e+02
2.173268843090051519e+02
2.172978862075039501e+02
2.170991505685710479e+02
2.172939619908793816e+02
2.173127708296635490e+02
2.172894349519503692e+02
2.172676061299982280e+02
2.172457694791850145e+02
2.172040436067563007e+02
2.172035132014170244e+02
2.171966668623881844e+02
2.172839253909537547e+02
2.173238643258372065e+02
2.173909420077114305e+02
2.173939071888516992e+02
2.173805061358698936e+02
2.173944043215313116e+02
2.174091264948231697e+02
2.174143229013759253e+02
2.173846202023760554e+02
2.173302057033253050e+02
2.173413031139295128e+02
2.173375472178184964e+02
2.173589708962088878e+02
2.173528702561994805e+02
2.173110523946528758e+02
2.172785450061652170e+02
2.172258880864306150e+02
2.172207249525375232e+02
2.171964730980760692e+02
2.171673771358111651e+02
2.170859080500264326e+02
2.171050594014835724e+02
2.171353962382322322e+02
2.171176579962030075e+02
2.171326385219110193e+02
2.171456383457616539e+02
2.170895288982835325e+02
2.171136183038772458e+02
2.171349480359344852e+02
2.170061848002661691e+02
2.169333352905485981e+02
2.169062963615368176e+02
2.168876069128843369e+02
2.168442037069657431e+02
2.168482786291664297e+02
2.168461648366703969e+02
2.168150235844440488e+02
2.168295519934237632e+02
2.168208678292525349e+02
2.168121151625467178e+02
2.167558745816452301e+02
2.167515432642436224e+02
2.166883095531677554e+02
2.166694224257726091e+02
