2.510000000000000000e+02
2.530641106527541808e+02
2.530065518078136506e+02
2.527255617568551429e+02
2.525269594758553637e+02
2.525835962145110329e+02
2.519807910701286175e+02
2.517782674108226217e+02
2.518021548167920400e+02
2.520519485561756881e+02
2.521136132006794526e+02
2.523100897840330106e+02
2.521590876000970525e+02
2.518313030817762694e+02
2.516073962630429435e+02
2.517807328318369287e+02
2.517771997088085527e+02
2.521820626061635551e+02
2.518646639165251031e+02
2.521903712691094483e+02
2.523665323950497452e+02
2.522722834263528284e+02
2.520070759524387256e+02
2.518296821159912611e+02
2.516272361077408277e+02
2.514898034457656024e+02
2.514878912885222064e+02
2.516185974278087940e+02
2.515695025479252536e+02
2.519337636495995980e+02
2.520343702984712309e+02
2.518781460810482997e+02
2.518573647173016354e+02
2.517150982771171925e+02
2.520838146081048308e+02
2.518904828925018080e+02
2.517680271778694419e+02
2.519045183207959155e+02
2.517496044649356861e+02
2.517268429992720087e+02
2.521296190245086279e+02
2.521823343848580521e+02
2.519304828925018285e+02
2.517793836447464173e+02
2.516618296529968575e+02
2.515749187090511896e+02
2.514955107983499261e+02
2.514381266682843830e+02
2.516846881824799880e+02
2.515121863625333560e+02
2.515053433632613462e+02
2.517861975248725912e+02
2.517050133462751660e+02
2.515763455471972918e+02
2.518727008007764994e+02
2.521391409851977699e+02
2.521779665129822945e+02
2.518001067702014097e+02
2.521127784518320709e+02
2.515534773113321876e+02
2.518396214511041080e+02
2.522556078621693700e+02
2.515271536034942983e+02
2.519833341421984869e+02
2.523121184178597503e+02
2.516892598883765970e+02
2.519286677990778855e+02
2.518162484833778194e+02
2.520850181994661625e+02
2.518182577044406685e+02
2.520571705896626895e+02
2.521807716573647156e+02
2.524680417374423769e+02
2.522240621208444509e+02
2.517731424411550734e+02
2.517983013831594405e+02
2.517340548410579970e+02
2.517604173744236959e+02
2.517075661247270091e+02
2.519758116961902488e+02
2.522618975976704689e+02
2.521751613685998450e+02
2.518802814850764378e+02
2.518214899296287399e+02
2.516242853676292270e+02
2.519040524144625124e+02
2.516396408638679816e+02
2.520416889104586176e+02
2.521509148264984219e+02
2.520205095850521673e+02
2.518556758068430099e+02
2.522139383644746431e+02
2.519271244843484681e+02
2.515504198010191601e+02
2.516972967726279933e+02
2.523005484105799496e+02
2.516738655666100328e+02
2.517593302596457079e+02
2.519123999029361869e+02
2.518757097791798003e+02
2.519061198738170333e+02
2.516398446978888614e+02
2.519522446008250540e+02
2.518803591361320002e+02
2.516099102159670053e+02
2.515306576073768383e+02
2.516441931570007284e+02
2.515891191458383958e+02
2.515086532395049801e+02
2.517430429507401186e+02
2.516455520504731851e+02
2.517554574132492178e+02
2.518222179082746948e+02
2.514841252123271147e+02
2.516935889347245734e+02
2.515329094879883485e+02
2.517790439213783031e+02
2.517320650327590386e+02
2.519601067702014063e+02
2.520666537248240786e+02
2.518972482407182838e+02
2.516199369085173601e+02
2.516571705896627122e+02
2.519977481193884898e+02
2.518745256005823876e+02
2.515576025236593125e+02
2.516696627032273739e+02
2.519732006794467338e+02
2.522890851735015758e+02
2.523306576073768497e+02
2.516148507643775645e+02
2.518066682843969772e+02
2.514165882067459279e+02
2.518009221062848724e+02
2.516980829895656484e+02
2.517612230041252133e+02
2.522933656879398256e+02
2.515664644503761167e+02
2.516730211113807343e+02
2.517294054841057971e+02
2.518334093666585716e+02
2.518238679932055391e+02
2.518935501091968092e+02
2.520044358165493747e+02
2.519641349187090498e+02
2.521438485804416416e+02
2.520354962387770001e+02
2.523947779665129758e+02
2.523633195826255644e+02
2.522161999514680986e+02
2.520444455229313405e+02
2.517210288764862867e+02
2.519807522446008363e+02
2.519440427080805591e+02
2.519627760252365931e+02
2.523728318369327894e+02
2.523430332443581676e+02
2.521407037126911064e+02
2.517437223974763469e+02
2.520160349429750113e+02
2.515994855617568646e+02
2.520912496966755612e+02
2.522145110410094730e+02
2.521501383159427405e+02
2.517817908274690524e+02
2.516287891288522189e+02
2.520477748119388366e+02
2.516348362048046567e+02
2.513724144625091128e+02
2.517687066246056702e+02
2.520273622907061508e+02
2.523159427323465138e+02
2.520216355253579366e+02
2.520906187818490594e+02
2.517417520019412791e+02
2.518810482892501739e+02
2.522571997088085425e+02
2.517905071584566770e+02
2.518532297985925652e+02
2.515762096578500291e+02
2.520363212812424081e+02
2.516263140014559667e+02
2.514948895899053696e+02
2.518296238776995892e+02
2.522650618781848948e+02
2.525658529483135055e+02
2.525504877456928057e+02
2.524541421984955036e+02
2.523617762678961469e+02
2.522539771900024164e+02
2.518936180538704264e+02
2.522794370298471165e+02
2.523768017471487610e+02
2.520896772628002793e+02
2.521587769958747742e+02
2.522893666585780181e+02
2.522292647415675901e+02
2.522308468818247889e+02
2.521550885707352450e+02
2.521264935695219549e+02
2.521296966755641904e+02
2.520081339480708493e+02
2.522750303324435777e+02
2.520410191701043345e+02
2.522603348701771324e+02
2.519324629944188416e+02
2.515647852462994365e+02
2.516277408396020405e+02
2.519273283183693195e+02
2.520301383159427360e+02
2.518032419315699997e+02
2.520361271536035019e+02
2.515713564668769777e+02
2.515797427808784335e+02
2.518045231739868939e+02
2.518673234651783446e+02
2.516833875272992032e+02
2.519403057510313033e+02
2.521935549623877648e+02
2.520972967726279990e+02
2.523142441155059430e+02
2.523825285124969753e+02
2.520762436301868377e+02
2.522612666828439671e+02
2.520358068429992784e+02
2.522508226158699358e+02
2.524049502547925385e+02
2.524280611502062470e+02
2.516328755156515342e+02
2.516840281485076503e+02
2.516781363746663374e+02
2.518243921378306140e+02
2.516523368114535231e+02
2.514830186847852360e+02
2.513582140257219066e+02
2.514187915554477115e+02
2.514756515408881228e+02
2.515813928658092777e+02
2.516771463237078308e+02
2.518637418102402421e+02
2.519208832807570957e+02
2.517157194855617490e+02
2.517425964571705777e+02
2.514653821887891354e+02
2.516361271536034963e+02
2.518480465906333450e+02
2.516579568066003390e+02
2.518603931084688270e+02
2.519785780150448886e+02
2.522513273477311202e+02
2.524695753457898491e+02
2.522251298228585199e+02
2.518804659063334270e+02
2.518967435088570710e+02
2.519444600825042357e+02
2.520299830138315826e+02
2.520534724581412149e+02
2.515876340694006217e+02
2.516310798349915103e+02
2.513859645717058982e+02
2.513960592089298700e+02
2.515102644989080432e+02
2.515532055326377190e+02
2.516199951468090319e+02
2.518929289007522527e+02
2.522402232467847512e+02
2.521791506915797072e+02
2.519033341421985028e+02
2.518028051443824324e+02
2.522437660761951008e+02
2.523190584809512131e+02
2.521811502062606110e+02
2.522906090754671311e+02
2.520003203106042236e+02
2.515825576316427998e+02
2.515007037126910916e+02
2.517701722882795536e+02
2.519373161853918930e+02
2.521029847124484320e+02
2.521380926959475914e+02
2.524201892744479494e+02
2.523744042708080428e+02
2.518090560543557501e+02
2.513827614656636626e+02
2.514241785974278116e+02
2.518118029604464994e+02
2.515288036884251426e+02
2.518774957534579073e+02
2.520997816064062249e+02
2.515517592817277261e+02
2.523583110895413597e+02
2.522840184421256993e+02
2.518446493569522033e+02
2.517448774569279237e+02
2.520882989565639321e+02
2.521470613928658224e+02
2.519956612472700783e+02
2.521893132734773246e+02
2.518151516622179145e+02
2.522148119388498060e+02
2.518897355010919625e+02
2.519441980101917125e+02
2.515521281242416762e+02
2.516551904877456991e+02
2.516942392623149658e+02
2.515517981072555074e+02
2.521490609075466978e+02
2.515841785974278082e+02
2.520743314729434701e+02
2.516333317156030205e+02
2.514672749332686124e+02
2.516459208929871352e+02
2.516096190245086177e+02
2.515921281242416967e+02
2.515389856830866222e+02
2.518614025721912242e+02
2.518010094637224086e+02
2.521160009706381970e+02
2.517128463965057108e+02
2.515222712933753826e+02
2.520327202135404150e+02
2.519374520747391273e+02
2.517555544770686708e+02
2.515938364474642128e+02
2.520150740111623406e+02
2.522234214996360038e+02
2.521371220577529755e+02
2.523183110895413677e+02
2.521556903664159108e+02
2.521451880611502077e+02
2.522289638437272572e+02
2.522217131764134876e+02
2.518581315214753715e+02
2.514302742052899760e+02
2.515036447464207754e+02
2.519102547925260751e+02
2.517973986896384417e+02
2.516800097063819521e+02
2.517300558116961895e+02
2.519207376850279161e+02
2.517824605678233354e+02
2.522781557874302223e+02
2.522955884494054715e+02
2.520149672409609423e+02
2.516835137102644921e+02
2.515123999029361812e+02
2.517056054355738866e+02
2.516141519048774455e+02
2.515933608347488359e+02
2.516496578500363910e+02
2.519444212569764545e+02
2.524795729191943678e+02
2.524661392865809262e+02
2.518014850764377570e+02
2.515113904392137840e+02
2.517277553991749528e+02
2.516413200679446618e+02
2.515506042222761494e+02
2.517081582140257296e+02
2.517088085416161221e+02
2.519096335840815470e+02
2.518710118903178738e+02
2.520305653967483579e+02
2.522033972336811587e+02
2.517566124727007946e+02
2.513376947342877941e+02
2.515471002183935809e+02
2.513428197039553424e+02
2.515247075952438820e+02
2.516722057752972717e+02
2.514837078379034097e+02
2.515920310604222152e+02
2.516095316670711100e+02
2.515558942004367964e+02
2.519750254792526221e+02
2.520987527299199087e+02
2.518512982285853070e+02
2.519375006066488822e+02
2.514106284882309978e+02
2.517354137345304537e+02
2.518451832079592236e+02
2.515510992477553884e+02
2.518125891773841261e+02
2.521554962387770047e+02
2.522111914583838939e+02
2.521241252123271011e+02
2.522026110167435036e+02
2.523031885464693005e+02
2.520541519048774433e+02
2.520043193399660311e+02
2.521419849551079722e+02
2.521800145595729248e+02
2.522617228827954250e+02
2.516890463479738003e+02
2.515315020626061653e+02
2.520204028148507689e+02
2.520275661247270023e+02
2.517409269594758428e+02
2.516441737442368378e+02
2.519229895656393978e+02
2.518295559330259721e+02
2.518037369570492672e+02
2.517497791798107301e+02
2.519118757583110835e+02
2.517132055326377156e+02
2.516321766561514153e+02
2.518579179810725464e+02
2.519997864595971748e+02
2.521248531909730559e+02
2.520556661004610532e+02
2.521061586993448316e+02
2.519237078379034074e+02
2.524092987139044055e+02
2.517915651540888007e+02
2.522475903906818644e+02
2.517478087842756622e+02
2.517782382916767858e+02
2.517903615627274974e+02
2.518447270080077658e+02
2.516094054841057925e+02
2.518819606891531180e+02
2.517486338267410702e+02
2.522290609075467103e+02
2.519586702256733872e+02
2.520994612958020014e+02
2.520556758068429986e+02
2.519900606648871531e+02
2.518725260859014838e+02
2.519525066731375773e+02
2.518561999514680849e+02
2.519798204319340016e+02
2.519644455229313280e+02
2.525887308905605551e+02
2.526441155059451660e+02
2.522912205775297139e+02
2.519640766804173779e+02
2.520503470031545703e+02
2.520315263285610285e+02
2.519783062363503916e+02
2.517321038582868198e+02
2.516985294831351609e+02
2.515608735743751652e+02
2.521835865081290819e+02
2.525013637466634293e+02
2.524827663188546580e+02
2.523875952438728518e+02
2.523383450618781865e+02
2.520786993448192277e+02
2.518829604464935699e+02
2.521723368114535333e+02
2.523098568308662948e+02
2.522319534093666675e+02
2.521454792526085953e+02
2.521531084688182602e+02
2.522072118417859770e+02
2.523521572433875235e+02
2.521432564911429210e+02
2.522853288036884294e+02
2.518445037612229953e+02
2.516737685027905798e+02
2.517329774326619827e+02
2.519002863382674207e+02
2.520819995146809163e+02
2.518477553991749573e+02
2.518932880368842575e+02
2.523293278330502289e+02
2.524997330744964756e+02
2.523356661004610544e+02
2.521909536520261952e+02
2.520950448920164888e+02
2.520879301140499820e+02
2.522432904634797239e+02
2.518886289735501123e+02
2.523411987381703341e+02
2.522468818247998001e+02
2.519512351371026568e+02
2.521438582868235869e+02
2.523999805872361151e+02
2.521804513467604920e+02
2.518452608590148145e+02
2.521592137830623699e+02
2.523773744236835626e+02
2.523257752972579340e+02
2.522140548410579868e+02
2.516129289007522516e+02
2.514773792768745579e+02
2.516964523173986947e+02
2.515616694976947372e+02
2.515285027905848096e+02
2.515937685027905957e+02
2.516336423198252987e+02
2.517504974520747396e+02
2.515839650570249830e+02
2.517145061878185004e+02
2.519361028876486159e+02
2.515860519291434230e+02
2.517573016258189682e+02
2.519756855132249314e+02
2.517575345789856840e+02
2.516485222033487048e+02
2.515434506187818613e+02
2.515298713904392116e+02
2.516204804659063257e+02
2.518278476098034560e+02
2.519108468818247957e+02
2.518972288279543932e+02
2.521035476826013166e+02
2.522375539917495644e+02
2.521174957534578880e+02
2.517207959233195709e+02
2.515140596942489708e+02
2.515735306964328970e+02
2.519125843241931477e+02
2.520283814608104933e+02
2.518565979131278709e+02
2.517497403542829488e+02
2.517136617325891734e+02
2.516006309148264961e+02
2.522072215481679223e+02
2.521442174229555917e+02
2.519165930599369005e+02
2.522022130550837176e+02
2.522831836932783176e+02
2.523283571948556130e+02
2.523095656394079072e+02
2.520076389225916103e+02
2.516406212084445428e+02
2.519394321766561404e+02
2.518936859985440435e+02
2.517171560300897966e+02
2.517157097791798037e+02
2.515677942247027374e+02
2.515973113322009169e+02
2.518173258917738337e+02
2.521987575831109041e+02
2.524279834991506846e+02
2.523342975006066524e+02
2.522297209415190480e+02
2.524142780878427459e+02
2.521764134918709033e+02
2.519201455957291955e+02
2.517051686483863193e+02
2.515816452317398557e+02
2.514488716330987756e+02
2.513173598641106423e+02
2.512557631642805234e+02
2.513633195826255644e+02
2.514275175928172814e+02
2.514669060907546623e+02
2.513981557874302268e+02
2.515135355496238674e+02
2.516545498665372520e+02
2.516815141955835884e+02
2.521526425624848287e+02
2.519061295801989786e+02
2.517002572191215677e+02
2.516759330259645822e+02
2.517858772142683677e+02
2.521493229798592495e+02
2.519796360106770123e+02
2.519683960203834090e+02
2.522503567095365327e+02
2.520083863140014557e+02
2.520451249696675688e+02
2.522755738898325717e+02
2.517920310604222323e+02
2.516164037854889557e+02
2.517713467604950210e+02
2.518395535064304909e+02
2.518278379034215106e+02
2.515970201407425293e+02
2.517948750303324346e+02
2.517445862654695361e+02
2.518807473914098409e+02
2.521127396263042897e+02
2.519297452074739283e+02
2.515693472458141287e+02
2.517371997088085323e+02
2.520779034214996273e+02
2.517283960203833999e+02
2.517655811696190256e+02
2.522186750788643508e+02
2.520264984227129332e+02
2.516848628973550035e+02
2.518264013588934631e+02
2.521174957534578880e+02
2.518041737442368344e+02
2.516546469303567051e+02
2.517811793254064412e+02
2.522782528512497038e+02
2.523179131278815817e+02
2.520215093423926191e+02
2.517342101431691219e+02
2.518876098034457698e+02
2.519272506673137570e+02
2.519791798107255545e+02
2.519335986411065278e+02
2.521071002183935832e+02
2.522238971123513807e+02
2.522048726037369590e+02
2.519602232467847500e+02
2.519307643775782708e+02
2.520569182237321115e+02
2.521556418345061843e+02
2.520955010919679751e+02
2.515857413249211447e+02
2.514148895899053571e+02
2.514681679204076659e+02
2.516213249211356526e+02
2.519179228342635213e+02
2.521718126668284299e+02
2.521442756612472635e+02
2.522019024508614393e+02
2.522332443581655070e+02
2.522158602280999844e+02
2.518698859500121330e+02
2.515528561028876595e+02
2.515517204561999449e+02
2.516269643290463591e+02
2.516389420043678626e+02
2.516444358165493895e+02
2.516062120844455308e+02
2.516423683571948686e+02
2.516449114292647380e+02
2.521278427566124662e+02
2.519148847367143844e+02
2.516122300412521327e+02
2.516827566124727014e+02
2.516993448192186236e+02
2.517556224217422880e+02
2.521858966270322640e+02
2.521769861684057332e+02
2.518641980101917000e+02
2.516803688425139569e+02
2.515306284882310024e+02
2.515546809026935193e+02
2.521034214996359992e+02
2.526538995389468596e+02
2.524494831351613584e+02
2.518363795195340913e+02
2.517141179325406313e+02
2.521440621208444668e+02
2.523252511526328590e+02
2.519763358408153238e+02
2.521944285367629277e+02
2.525058383887405853e+02
2.520696044649357077e+02
2.520211113807328331e+02
2.521489735501091900e+02
2.523440718272264007e+02
2.524973938364474577e+02
2.523538073283183678e+02
2.525813540402814965e+02
2.523040815336083540e+02
2.516747488473671410e+02
2.520456685270565345e+02
2.522622955593302549e+02
2.522327105071584583e+02
2.522821839359378657e+02
2.525069255035185734e+02
2.521572336811453567e+02
2.520704974520747328e+02
2.519279398204319307e+02
2.518136180538704139e+02
2.519027808784275635e+02
2.516765154088813290e+02
2.517250084930842036e+02
2.518172967726279978e+02
2.518063188546469178e+02
2.519346372239747609e+02
2.519096335840815470e+02
2.518881242416888995e+02
2.520613346275175957e+02
2.521210774083960189e+02
2.521126619752487272e+02
2.519946032516379546e+02
2.520265372482407145e+02
2.521199417617083327e+02
2.519534190730405214e+02
2.516798349915069082e+02
2.515459451589420041e+02
2.516636738655666079e+02
2.520307983499150737e+02
2.517391021596699829e+02
2.517762970152875539e+02
2.516906090754671084e+02
2.516023877699587388e+02
2.518144236835719596e+02
2.517180587236107669e+02
2.517084591118660626e+02
2.520075224460082381e+02
2.521449356952196013e+02
2.518580635768017544e+02
2.519091385586022795e+02
2.518287308905605357e+02
2.514644989080320272e+02
2.514923756369813077e+02
2.516948313516136864e+02
2.519402086872118502e+02
2.519383256491142902e+02
2.520469497694734287e+02
2.522125406454744052e+02
2.523147197282212915e+02
2.522624217422955724e+02
2.522115797136617346e+02
2.521103615627274905e+02
2.523383741810240224e+02
2.522737685027905741e+02
2.518834360592089183e+02
2.518649356952196001e+02
2.523345692793011494e+02
2.523977481193884955e+02
2.518861150206260504e+02
2.516260131036156338e+02
2.515252414462509023e+02
2.516428342635282718e+02
2.516534530453773471e+02
2.515771317641349185e+02
2.516595680660034020e+02
2.514361950982771248e+02
2.518468332928900679e+02
2.519308032031060520e+02
2.517648531909730707e+02
2.518611890317883990e+02
2.518225479252608636e+02
2.519019849551079915e+02
2.522057947100218485e+02
2.521083814608104774e+02
2.522497840330017027e+02
2.523491967968939491e+02
2.521195049745207371e+02
2.518861053142441051e+02
2.522411065275418594e+02
2.523574278087842799e+02
2.520251298228585313e+02
2.519199805872360969e+02
2.517128561028876561e+02
2.517313661732589196e+02
2.523644940548410602e+02
2.524591701043435990e+02
2.524741664644503771e+02
2.523332492113564740e+02
2.519153506430478160e+02
2.516315554477068588e+02
2.514452511526328635e+02
2.515632128124241831e+02
2.515243290463479866e+02
2.516047075952438661e+02
2.517416743508857166e+02
2.516760883280757071e+02
2.519972822130550867e+02
2.521591458383887527e+02
2.522973550109196879e+02
2.522394467362290698e+02
2.520266537248240581e+02
2.517777432661975183e+02
2.518689541373452982e+02
2.517842077165736612e+02
2.515309002669254994e+02
2.514480562970152846e+02
2.516081242416888983e+02
2.516011938849793808e+02
2.514856879398204228e+02
2.516734578985683015e+02
2.519476923076923072e+02
2.517829944188303841e+02
2.517779568066003435e+02
2.518288764862897438e+02
2.518975200194127524e+02
2.517962921620965915e+02
2.521739383644746511e+02
2.522812035913613329e+02
2.522471730162581878e+02
2.522218490657607504e+02
2.521308032031060407e+02
2.519464887163309754e+02
2.517772288279543886e+02
2.517703470031545692e+02
2.519313370541130723e+02
2.520736423198252965e+02
2.519242611016743467e+02
2.519133996602766388e+02
2.522532492113564615e+02
2.523284445522931208e+02
2.523579519534093549e+02
2.523592137830623585e+02
2.523943508857073539e+02
2.525830526571220673e+02
2.524961028876486182e+02
2.524051832079592259e+02
2.525106333414219932e+02
2.526080660033972265e+02
2.522847075952438729e+02
2.522515214753700548e+02
2.524143363261344462e+02
2.524285367629216239e+02
2.523984372725066692e+02
2.525605726765348322e+02
2.526146081048289318e+02
2.524012812424168999e+02
2.521746081048289341e+02
2.523809463722397481e+02
2.525130016986168471e+02
2.521317544285367660e+02
2.522505799563212747e+02
2.522010579956321408e+02
2.520865809269594706e+02
2.521369667556418221e+02
2.523189517107498148e+02
2.522364765833535500e+02
2.521999320553263715e+02
2.523177966512982380e+02
2.522927541858772145e+02
2.521548653239505029e+02
2.520790973064790137e+02
2.522614122785731752e+02
2.523673671438970985e+02
2.521360155302111252e+02
2.521676292162096615e+02
2.520200339723368188e+02
2.520629070613928775e+02
2.522109682115991234e+02
2.520660810482892487e+02
2.517271730162581775e+02
2.517649793739383597e+02
2.519622033487017632e+02
2.519388400873574483e+02
2.523302790584809543e+02
2.524473768502790563e+02
2.517511866051929132e+02
2.518162290706139288e+02
2.517801019170104269e+02
2.520658383887405876e+02
2.523391798107255397e+02
2.520057170589662690e+02
2.515944770686726599e+02
2.515335986411065221e+02
2.516023683571948482e+02
2.521178257704440568e+02
2.523445862654695588e+02
2.518937442368357154e+02
2.517593011404998720e+02
2.516153749090026679e+02
2.518675564183450604e+02
2.522837951953409288e+02
2.519890317884008653e+02
2.522527153603494412e+02
2.524547537005581148e+02
2.523667168163067345e+02
2.524865226886678045e+02
2.523786944916282380e+02
2.523403251637951996e+02
2.520753991749575391e+02
2.517783935937879107e+02
2.516624605678233308e+02
2.515145741324921005e+02
2.516679737927687484e+02
2.522909487988352453e+02
2.522954913855860184e+02
2.519698034457655922e+02
2.520195001213297701e+02
2.523273477311332158e+02
2.523936617325891802e+02
2.521315408881339408e+02
2.524979276874545064e+02
2.525219606891531043e+02
2.521300169861684140e+02
2.521919145838388658e+02
2.525372094151904889e+02
2.523044018442125775e+02
2.524064450376122295e+02
2.525215239019655371e+02
2.523828197039553629e+02
2.526125891773841374e+02
2.523840815336083381e+02
2.519293860713418951e+02
2.520192477553991637e+02
2.520419995146808958e+02
2.518815433147294414e+02
2.516983159427323358e+02
2.518596165979131172e+02
2.518862509099733131e+02
2.517294443096335783e+02
2.516425236593059935e+02
2.521093618053870387e+02
2.522589371511768945e+02
2.519210968211599209e+02
2.522010677020140861e+02
2.522885707352584461e+02
2.524592186362533255e+02
2.521940791070128682e+02
2.517110992477553850e+02
2.515827808784275703e+02
