1.687206368877633622e+02
1.246275769168597378e+02
1.243158629236489077e+02
1.248698367368931486e+02
1.258716795085942124e+02
1.266513443612263643e+02
1.326564793361711168e+02
1.332713939328627646e+02
1.336667115685112321e+02
1.340682903173662339e+02
1.337622770623417239e+02
1.335232070693463982e+02
1.329762972142895592e+02
1.319795301470984441e+02
1.309286653375720562e+02
1.296058408319413786e+02
1.291061910663290178e+02
1.294617597930923125e+02
1.289513389730050221e+02
1.293486071447815107e+02
1.287938035454496344e+02
1.257119295220647643e+02
1.201445013201142302e+02
1.194464141386928162e+02
1.201158844765342906e+02
1.197173123551915523e+02
1.201005549867988549e+02
1.246467482084163976e+02
1.299590710706395953e+02
1.308616143111159147e+02
1.322192628913195733e+02
1.352907268710598601e+02
1.347858235896330541e+02
1.316324155396303581e+02
1.312127862492591248e+02
1.287584244840778069e+02
1.249025432404763194e+02
1.295815291772186129e+02
1.287016595721752310e+02
1.212026456166819344e+02
1.234938789805485158e+02
1.195096772455412406e+02
1.142273290586777250e+02
1.124428794654884456e+02
1.129754135459884736e+02
1.145458699283366570e+02
1.137033622501212307e+02
1.094362842825583328e+02
1.066175709898162580e+02
9.720693464087504765e+01
8.944823535750848009e+01
8.813160730642815111e+01
8.525313863893528321e+01
8.025767013308906428e+01
7.884419957971873316e+01
6.938080176733660664e+01
6.745408157767120372e+01
6.298291395010507188e+01
5.853759900856726972e+01
5.511397165795570885e+01
5.115751387466997357e+01
4.478220809310846562e+01
5.129197693841263117e+01
6.056130718249905698e+01
7.029841586292364752e+01
7.702064766420605224e+01
8.237466458322107599e+01
8.419414839161592568e+01
8.471756021337355946e+01
8.128294627943316186e+01
7.900647664206046272e+01
7.881257072040519063e+01
8.039186917398566834e+01
8.268445498141063865e+01
8.149079691793738789e+01
7.813181744706072607e+01
7.815187779513982491e+01
7.837696535373673612e+01
7.928715448030605728e+01
8.001802360040950646e+01
7.920398728379761621e+01
7.606010560913841800e+01
7.391410097526807021e+01
7.368483215690500288e+01
7.403302979686405649e+01
7.326409289293604843e+01
7.184921062557249627e+01
7.625767552131041782e+01
7.541591141764104123e+01
7.411314187186809477e+01
7.378048925049840534e+01
7.919687483161808927e+01
7.709571636402823458e+01
7.593677999892236130e+01
7.697958402931192268e+01
7.732168220270489201e+01
7.908785494908130431e+01
8.453278193868203516e+01
8.140467697613017606e+01
8.230582466727733504e+01
8.329868527399105460e+01
8.215458807047794210e+01
8.067456220701546954e+01
7.865811196723961984e+01
7.759990301201573004e+01
7.724119295220647530e+01
7.859373888679347431e+01
8.728603373026564327e+01
8.720035562260898132e+01
9.070124467913142041e+01
9.014440433212996595e+01
9.132101406325772075e+01
9.098448192251737510e+01
8.958537636726116204e+01
8.998823751279702776e+01
9.200359933186055628e+01
9.270894983565925429e+01
9.650732798103345544e+01
1.012025055229268844e+02
1.016074680747885139e+02
9.984448515545018665e+01
9.982550245164071612e+01
9.627239075381216082e+01
9.115120965569265366e+01
8.783044883883829357e+01
8.732889164286868322e+01
8.743833719489197165e+01
8.849051134220593440e+01
8.958135675413545584e+01
8.885040681071178881e+01
8.933215690500566097e+01
9.123741042082008335e+01
9.128248289239722624e+01
9.058814591303411135e+01
9.062155827361388560e+01
8.654125222264130457e+01
8.661732851985559023e+01
8.584983027102752828e+01
8.551216121558273642e+01
8.473223772832588452e+01
8.424605851608383489e+01
8.469900856727194594e+01
8.545520232771161773e+01
8.488717064497009801e+01
8.483510426208309241e+01
8.579802252276523689e+01
8.570168112506061675e+01
8.623916698097957578e+01
8.702089552238805936e+01
8.739033891912279728e+01
8.978201950536127640e+01
9.037799989223557873e+01
8.957030551215044056e+01
8.848106040196131516e+01
8.024811681663882723e+01
7.829149738671264913e+01
7.895818201411714199e+01
7.895432943585322505e+01
7.582915027749339743e+01
7.481824990570612499e+01
7.603851500619644810e+01
7.629832426316073679e+01
7.405769707419581493e+01
7.159120103453849993e+01
7.290055498679885204e+01
7.349556549383048321e+01
7.286038579664852932e+01
7.807194353144026877e+01
7.771532948973543853e+01
7.692832049140578476e+01
7.496110781830917347e+01
7.352173069669701988e+01
7.174789051134220585e+01
7.047630260251091272e+01
7.005618837221832962e+01
7.492787326903389555e+01
7.572848213804623185e+01
8.174636025647933479e+01
8.039198771485533257e+01
7.943788458429872890e+01
8.078851770030712487e+01
8.116430842178996841e+01
8.232973759362035082e+01
8.446218007435744823e+01
8.448815668947680990e+01
8.554130610485478314e+01
8.982640767282720162e+01
9.232681717764965867e+01
9.145043375181852241e+01
9.120140632577185613e+01
9.014354760493560548e+01
8.316275122582035806e+01
8.162996928713830869e+01
7.878492914488927568e+01
7.987961635864000698e+01
8.086475025594052113e+01
7.840827630799073233e+01
7.886005711514629013e+01
7.990355622608976205e+01
7.871788350665445932e+01
7.555459884692062644e+01
7.235803114391939062e+01
7.252566948650250822e+01
7.315547173877902765e+01
7.228428794654884371e+01
7.814247534888733071e+01
7.786478258526859975e+01
7.692142356808017212e+01
7.757819925642544945e+01
7.951397165795570743e+01
8.011141225281534162e+01
8.895576809095317117e+01
8.879130341074410637e+01
8.561170321676814865e+01
8.523844495931892595e+01
8.509347486394740656e+01
8.570634193652675492e+01
8.616178134597768690e+01
8.546367799989224068e+01
8.522793253946872483e+01
8.517414192575030540e+01
8.416879681017296377e+01
8.348290317366237900e+01
8.402598739156204033e+01
8.460677299423460340e+01
8.407972412306698118e+01
8.390307667438978001e+01
8.442951667654507730e+01
8.451479066760062153e+01
8.461013524435583122e+01
8.463449000484939688e+01
8.344710921924672675e+01
8.236958887871114143e+01
8.225416778921278649e+01
8.005514844549814768e+01
7.891124521795354951e+01
8.047131310954253536e+01
8.184734091276469314e+01
8.078021445120965893e+01
8.011272159060294484e+01
7.819947734252923510e+01
7.661097041866479174e+01
7.885729295759469437e+01
8.069810873430679976e+01
8.101987176033190963e+01
8.737680370709628619e+01
8.777731019990301320e+01
8.402506600571150841e+01
8.301473678538714296e+01
8.509784471146075191e+01
8.489815184007758830e+01
8.342367045638235368e+01
8.399112559943962708e+01
8.478350665445336176e+01
8.364261544264238069e+01
8.429911094347755807e+01
8.649497278948219048e+01
8.558435260520502652e+01
8.364264238374911997e+01
8.333300285575731436e+01
8.366083301902041569e+01
8.435971226898000452e+01
8.443021175709898785e+01
8.345533164502397483e+01
8.348798965461500643e+01
8.355813890834635060e+01
8.296841424645724317e+01
8.406206692170914607e+01
8.503616574168866293e+01
8.577403954954469611e+01
8.597186270812005660e+01
8.354254539576486138e+01
8.187149630906837672e+01
8.435680262945201946e+01
8.539609353952261017e+01
8.463746430303356760e+01
8.637019774772348057e+01
8.788527399105555560e+01
8.643898916967509649e+01
8.528120588393771584e+01
8.617808610377714729e+01
8.725470661134760064e+01
8.701996874831617390e+01
8.642064766420604371e+01
8.694565439948273422e+01
8.665670564146775234e+01
8.636581173554610302e+01
8.762781399859906628e+01
8.902106794547120217e+01
8.900622878387844139e+01
8.876673312139662642e+01
8.913800851338973530e+01
9.017794601002209731e+01
9.051862169297915273e+01
8.917746645832210106e+01
8.957623794385473559e+01
9.191734468451963380e+01
9.237969718196023905e+01
9.093600409504821869e+01
9.097416886685705606e+01
9.104880650897139560e+01
9.006129640605635700e+01
8.961953230238698609e+01
9.018859852362734841e+01
9.165617759577563106e+01
9.148547874346678555e+01
8.729513982434399111e+01
8.525027210517808385e+01
8.719664852632146790e+01
8.728791960773749281e+01
8.592065305242739726e+01
8.607452987768738240e+01
8.717703001239290472e+01
8.782031359448245666e+01
8.755802036747670059e+01
8.736563931246296022e+01
8.803910232232340149e+01
8.816730427285952487e+01
8.619996228245055647e+01
8.308428255832750153e+01
8.207947626488495985e+01
8.260510803383803591e+01
8.155504068107117632e+01
8.145463117624872496e+01
8.309464949620129914e+01
8.343480790990894036e+01
8.300259173446845296e+01
8.488937442750147966e+01
8.513177434128994037e+01
8.441865941052859057e+01
8.437931461824452128e+01
8.183757206746052759e+01
8.096802629452017186e+01
8.053121935449108548e+01
7.874908130826014485e+01
7.917819925642545797e+01
8.632993156958887937e+01
8.725717441672503583e+01
9.239933724877417376e+01
9.281794816531062509e+01
9.321227436823104995e+01
9.225296082763080108e+01
9.239465488442264984e+01
9.185532625680262697e+01
9.164109596422221671e+01
9.249355029904629077e+01
9.180708012285144548e+01
9.151982865456112393e+01
9.217607629721429419e+01
9.097551053397273790e+01
8.979366883991593795e+01
9.181916051511396404e+01
9.331009752680640190e+01
9.269108788189018355e+01
9.268163155342421078e+01
9.269194460908454403e+01
9.226475564416186614e+01
9.155292311008136608e+01
9.023463548682579471e+01
9.001564739479498201e+01
8.984151085726601593e+01
8.820274799288755219e+01
8.629585106956193385e+01
8.707171722614364739e+01
8.693544910824937233e+01
8.637158252060994812e+01
8.902048062934424877e+01
9.237553208685812933e+01
9.284899509671856777e+01
9.395307398027911461e+01
9.510692925265369979e+01
9.535744921601379076e+01
9.537579072148284354e+01
9.481849776388814632e+01
9.419835120426746755e+01
9.401646640443989611e+01
9.277898593674228778e+01
9.287174416725038384e+01
9.445774017996659211e+01
9.423209763457083454e+01
9.347708928282773400e+01
9.141512473732420574e+01
8.813397273559998268e+01
8.816926558543025294e+01
8.876213158036532036e+01
8.837500942938736159e+01
8.745989008028449518e+01
8.743294897354383011e+01
8.798030605097257251e+01
8.679988684735168647e+01
8.328478366291287216e+01
8.099771000592704695e+01
7.971028072633224326e+01
8.367917991271080780e+01
9.320177272482354169e+01
9.418712215097795593e+01
1.012269572714047143e+02
1.041794654884422613e+02
1.042008028449808705e+02
1.030943369793631064e+02
1.044075111805592968e+02
9.760110458537636191e+01
9.555037986960503815e+01
9.502204860175656620e+01
9.471932754997575898e+01
9.475199633600948346e+01
9.408289778544101978e+01
9.394847243924780855e+01
9.558116816638828084e+01
9.630611024300878853e+01
9.593215151678431596e+01
9.740295813352012999e+01
9.763905921655261011e+01
9.619789320545288547e+01
9.395522926881835701e+01
9.441751710760277660e+01
9.609257503098227460e+01
9.628002047524111617e+01
9.439130341074411490e+01
9.449746753596637916e+01
9.650149253731343890e+01
9.689523681232824970e+01
9.675282073387575110e+01
9.751544803060509992e+01
9.865840293119241267e+01
9.868668570504875959e+01
9.909811412252815899e+01
9.693329920793145504e+01
9.479922409612586875e+01
9.506130179427771054e+01
9.640826553154803946e+01
9.846068214882267000e+01
9.918089875532086808e+01
9.991319575408158471e+01
1.018008351743089577e+02
1.015727571528638435e+02
9.950253246403362084e+01
9.845288539253192539e+01
9.899753758284390415e+01
1.010732151516784256e+02
1.026043752357346790e+02
1.036869443396734738e+02
1.040900695080553930e+02
1.044055929737593686e+02
1.052526052050218226e+02
1.040483862277062315e+02
1.033661242523842816e+02
1.029519747831240863e+02
1.025781345977692780e+02
1.020257341451586797e+02
1.012200711245217946e+02
1.014251198879249927e+02
1.014508755859690723e+02
9.972413923163964000e+01
9.704367153402661472e+01
9.851650412198932827e+01
1.000725685651166543e+02
9.914547658817824072e+01
9.804503475402769652e+01
9.707670671911202476e+01
9.589302764157551451e+01
9.473142410690230975e+01
9.515937819925642316e+01
9.684098281157389465e+01
9.817663128401314054e+01
1.040127162023815970e+02
1.036099789859367490e+02
1.025183307290263457e+02
1.000777412576108674e+02
9.793211918745622313e+01
9.778645401153079320e+01
1.014033891912279728e+02
1.012041812597661448e+02
1.013116385581119658e+02
1.028487095209871285e+02
1.009074842394525575e+02
9.453003394579450003e+01
8.819504283635971831e+01
8.449551161161700463e+01
8.335470661134759496e+01
8.300530739802790947e+01
9.308309714963090187e+01
9.693387035939436203e+01
9.850484939921331318e+01
9.732341182175763095e+01
9.660973651597608125e+01
1.007941052858451485e+02
1.013312409073764684e+02
1.019313109542540019e+02
1.013705803114391983e+02
9.801586292364891051e+01
9.438444959318928795e+01
9.083026025109111856e+01
8.682944662966754379e+01
8.912720512958672714e+01
8.988902419311385472e+01
9.669595344576755735e+01
9.923168274152702395e+01
9.897916374804677275e+01
1.003260304973328374e+02
1.032059647610323765e+02
1.029743897839323239e+02
1.020568403470014545e+02
1.063423029258041907e+02
1.095712376744436654e+02
1.084864809526375353e+02
1.089021445120965552e+02
1.097688183630583580e+02
1.100863031413330475e+02
1.120541246834419979e+02
1.129912387520879378e+02
1.124493938250983405e+02
1.113751710760277973e+02
1.124185678107656656e+02
1.150030712861684350e+02
1.139402985074626855e+02
1.104409504822458103e+02
1.101858505307397991e+02
1.110019936418988067e+02
1.103279864216821977e+02
1.091205291233363823e+02
1.098744975483592867e+02
1.110329489735438386e+02
1.102078183091761474e+02
1.068608599601271578e+02
1.043346732043752354e+02
1.029904197424430237e+02
1.026273128940136843e+02
1.008192790559836141e+02
9.868886793469475549e+01
1.046006681394471656e+02
1.058596098927744009e+02
1.067694918907268686e+02
1.147509779621746873e+02
1.135889433697936255e+02
1.118086965892558879e+02
1.087058839377121586e+02
1.084860337302656461e+02
1.117148337733714101e+02
1.144934102052912266e+02
1.181831294789589890e+02
1.225050972573953345e+02
1.280833881135837089e+02
1.316021552885392509e+02
1.338693356323077808e+02
1.302681394471684939e+02
1.272503044345061625e+02
1.242010022091707526e+02
1.214466188911040518e+02
1.147479551699983773e+02
1.149814806832264651e+02
1.106631607306428151e+02
1.023610377714316542e+02
1.001695296082763065e+02
9.504373080446144684e+01
9.425569265585430401e+01
9.817576916859744074e+01
9.666896923325610658e+01
9.488726763295436228e+01
9.601754404870952442e+01
9.769274206584405817e+01
9.713510965030442890e+01
9.648259604504552556e+01
9.523598793038418364e+01
9.400070585699660342e+01
9.303952260358855142e+01
9.197479928875478095e+01
9.159445013201141705e+01
9.191968856080607964e+01
9.342860067891588471e+01
9.288504229753758068e+01
8.903293280887979222e+01
8.941051780807156035e+01
9.054591303410744274e+01
9.034899509671856777e+01
9.694082655315480679e+01
9.713238321030227951e+01
9.712876771377767682e+01
9.766665229807640003e+01
9.651224203890295428e+01
9.496513820787757254e+01
9.495397920146560011e+01
9.541698367368931599e+01
9.413895145212565296e+01
9.377996120480629827e+01
9.428907807532733898e+01
9.316413061048547206e+01
9.042662858990247798e+01
8.998716525674875300e+01
8.993802467805377887e+01
8.909158359825421769e+01
9.502310469314079455e+01
9.484810065197478934e+01
9.549230561991487320e+01
9.632011423029257458e+01
9.656512204321353465e+01
9.898715986852739945e+01
1.001358208955223859e+02
9.724741634786356315e+01
1.023850692386443200e+02
1.070108141602457010e+02
1.070997844711460800e+02
1.088110135244355803e+02
1.116707365698582919e+02
1.109364782585268614e+02
1.102032922032437057e+02
1.101364890349695571e+02
1.046272428471361593e+02
1.037801875101029196e+02
1.026715232501751132e+02
1.022746484185570353e+02
1.012111212888625431e+02
9.985201788889487773e+01
9.835705048763402658e+01
9.901817985882860285e+01
9.887886200765127853e+01
9.755142518454658784e+01
9.845915189395979894e+01
1.002892666630745140e+02
1.002885177003071249e+02
9.962460800689692064e+01
1.008743790074896225e+02
1.040525782639150805e+02
1.031121450509186985e+02
1.018695080553909094e+02
1.026971873484562678e+02
1.027303572390753743e+02
1.023478150762433359e+02
1.027467428201950526e+02
1.025695942669324836e+02
9.998940136860822747e+01
9.884350449916482262e+01
9.766811789428309964e+01
9.585144673743197075e+01
9.551518939598038571e+01
9.386681394471685280e+01
9.230242469960666085e+01
9.206267579072148521e+01
9.045445336494422861e+01
8.896446468020906195e+01
9.567113529823805607e+01
9.459976830648203361e+01
9.391207500404117070e+01
1.017200387951937017e+02
1.016658763942022716e+02
1.018510965030443458e+02
1.032629236489034952e+02
1.058541462363273951e+02
1.055564146775149510e+02
1.043349695565493818e+02
1.043106471253839089e+02
1.047774987876502024e+02
1.047588339889002640e+02
1.049212080392262578e+02
1.053264076728272016e+02
1.074960234926450795e+02
1.094823374104208256e+02
1.097515221725308407e+02
1.096568726763295416e+02
1.108924942076620539e+02
1.110348402392370275e+02
1.107026402284605808e+02
1.114161700522657412e+02
1.107313648364674776e+02
1.103910824936688329e+02
1.125695080553909122e+02
1.133449377660434294e+02
1.122125814968478892e+02
1.090892828277385576e+02
1.080550568457352227e+02
1.081271566355945879e+02
1.071041219893313183e+02
1.056698798426639314e+02
1.064103022792176318e+02
1.059000431057707914e+02
1.030065143596098949e+02
1.022503475402769482e+02
1.025236596799396551e+02
1.019055768090953222e+02
1.024983512042674647e+02
1.030980171345438805e+02
1.031297645347270873e+02
1.032427393717333928e+02
1.025509348564038987e+02
1.009315480359933161e+02
9.956823104693140181e+01
9.974442588501536022e+01
1.003619106632900468e+02
9.969828654561129611e+01
9.944372541624009898e+01
9.958267686836575194e+01
9.962647771970472377e+01
9.766007866803168724e+01
9.731747939005335013e+01
9.955495446952960492e+01
1.005723207069346472e+02
9.927416886685705322e+01
9.949930491944608946e+01
9.983345007812920358e+01
9.846817177649657538e+01
9.609917021391238734e+01
9.660329220324371136e+01
9.742193544910824698e+01
9.594148930438062450e+01
9.588867934694756912e+01
9.687463225389298316e+01
9.739940190743035942e+01
9.764440972035130528e+01
9.790499488118972238e+01
9.871139608815130373e+01
9.865882860067891613e+01
9.858578048386227977e+01
9.861233902688722708e+01
9.759762379438546986e+01
9.623663451694595494e+01
9.578193329381970500e+01
9.412200010776442127e+01
9.357012770084594422e+01
9.337423352551323319e+01
9.248530632038364274e+01
9.187585538013901498e+01
9.344149469260197804e+01
9.402819656231477552e+01
9.314813298130286512e+01
9.397134005064927464e+01
9.592809957433051693e+01
9.492708120049572074e+01
9.288893259335092978e+01
9.319078075327334432e+01
9.304886039118487417e+01
9.174890888517700205e+01
9.305803114391939346e+01
9.400652513605258775e+01
9.420022630529662422e+01
9.451322808340967185e+01
9.449329166442157657e+01
9.467611940298507989e+01
9.545187240691848274e+01
9.435751926289131575e+01
9.293225389298991956e+01
9.234380085133896898e+01
9.135804192036208349e+01
9.108435260520502652e+01
9.106533218384610961e+01
9.106445390376636340e+01
9.229185300932162761e+01
9.277334446899078557e+01
9.275991702139124584e+01
9.412141279163748209e+01
9.550429441241446682e+01
9.578252060994665840e+01
9.604435583813783239e+01
9.517794601002209731e+01
9.404428040303895386e+01
9.282045368823750664e+01
9.058025755698044179e+01
8.966836575246510677e+01
9.044566517592542709e+01
9.109309230023168880e+01
8.877213750740880016e+01
8.777192736677622520e+01
8.794907053181744061e+01
8.809045207177111081e+01
8.539195538552723974e+01
9.119013416671157302e+01
9.353308906729888861e+01
9.562768468128670918e+01
9.514346139339403408e+01
9.534794978177703229e+01
9.635362357885661311e+01
9.600542593889757370e+01
9.622555094563284683e+01
9.656466404439893836e+01
9.679395980386874498e+01
9.684617705695349343e+01
9.690509186917398665e+01
9.677975106417372331e+01
9.586018643245864723e+01
9.610084595075166192e+01
9.799693949027425788e+01
9.948159922409612932e+01
9.924046015410313260e+01
9.884262621908507640e+01
1.012244786895845721e+02
1.036075704509941318e+02
1.019698367368931571e+02
1.013863300824397840e+02
1.033185247049948856e+02
1.037899994611778709e+02
1.039795247588770906e+02
1.045231046931407946e+02
1.038456436230400328e+02
1.032671049086696513e+02
1.037576485802036785e+02
1.028643784686674962e+02
1.010204375235734631e+02
1.008668947680370707e+02
1.007997736947033758e+02
1.014568241823374137e+02
1.014095587046715821e+02
9.959108788189018924e+01
1.001118918045153237e+02
1.022787919607737450e+02
1.034834312193544861e+02
1.029234010453149466e+02
1.029657632415539581e+02
1.023478689584568144e+02
1.033954254000754389e+02
1.043695026671695700e+02
1.044977638881405255e+02
1.043002963521741435e+02
1.036839646532679495e+02
1.017730050110458535e+02
1.008643461393394034e+02
1.004350234387628689e+02
9.892444097203512854e+01
9.991940837329597969e+01
1.014989708497225109e+02
1.017107602780322253e+02
1.013985074626865668e+02
1.016740718788727804e+02
1.026043482946279397e+02
1.023714316504122053e+02
1.017709520987122147e+02
1.005030874508324814e+02
9.953166657686297469e+01
1.008672827199741420e+02
1.012375990085672726e+02
9.938262298615227053e+01
9.848301632631068969e+01
9.959749447707311276e+01
9.957768198717603525e+01
9.767195969610430950e+01
9.704863947410959213e+01
9.737506331160084017e+01
9.764478689584568372e+01
9.656628051080338082e+01
9.601242523842878995e+01
9.629942346031575084e+01
9.549415916805862992e+01
9.320993049194460411e+01
9.419771539414838912e+01
9.564906514359610412e+01
9.493544372002801879e+01
9.463971119133573495e+01
9.443959803868743563e+01
9.371539414839160997e+01
9.252528153456543691e+01
9.308644323508809748e+01
9.426729888463817986e+01
9.521682741527021676e+01
9.501481760870736082e+01
9.607371625626380762e+01
9.735449108249366645e+01
9.665997629182606943e+01
9.367941699445013626e+01
9.359197693841262833e+01
9.468796271350826999e+01
9.477545665175925649e+01
9.539496740126084262e+01
9.522908023061587812e+01
9.572618136753057172e+01
9.644335901718842763e+01
9.672991540492483864e+01
9.627222371895037156e+01
9.596298291933833013e+01
9.610802306158737451e+01
9.666025647933616938e+01
9.681105124198502665e+01
9.747815076243331589e+01
9.735938358747777954e+01
9.735722829893852293e+01
9.760091599762918690e+01
9.722012500673527313e+01
9.591491459669163078e+01
9.544719543078829815e+01
9.514774502936580802e+01
9.545899024731936322e+01
9.698423406433536798e+01
9.712300770515652459e+01
9.715710436984751652e+01
9.902791098658332203e+01
9.957453526590872173e+01
9.927345223341774272e+01
