2.539910824936688414e+02
2.540561775957756367e+02
2.539472816423298696e+02
2.536096664690985563e+02
2.531356592488819501e+02
2.528286383964653226e+02
2.525060078668031736e+02
2.523231747400183167e+02
2.523551753866048841e+02
2.523930060886901288e+02
2.523041058246672890e+02
2.522877040788835643e+02
2.521993749663236031e+02
2.520874454442588615e+02
2.519020421358909516e+02
2.519189503744813976e+02
2.519582843903227456e+02
2.521208200872891894e+02
2.520984912980225090e+02
2.522461770569535133e+02
2.521463494800366334e+02
2.522150169728972458e+02
2.523180397650735358e+02
2.521139824343983946e+02
2.522683980817932081e+02
2.521835389837814603e+02
2.522624009914327416e+02
2.525187186809634170e+02
2.524092461878333893e+02
2.523135837060186475e+02
2.523669971442426743e+02
2.524750202058300488e+02
2.522662589579179837e+02
2.523963952799180959e+02
2.522609515598900884e+02
2.521813459776927573e+02
2.523248397004148842e+02
2.523371194568672990e+02
2.520787596314456493e+02
2.521847190042566922e+02
2.523237997736947023e+02
2.520888679346947470e+02
2.520621477450293639e+02
2.518005064928067327e+02
2.520613987822619890e+02
2.522197855487903553e+02
2.521157282181152084e+02
2.519811466135028866e+02
2.519336386658764013e+02
2.521219731666576820e+02
2.519134436122635918e+02
2.519430249474648349e+02
2.518727140470930408e+02
2.519391508163155322e+02
2.518522926881836383e+02
2.518235141979632488e+02
2.518315103184438897e+02
2.518158629236488935e+02
2.518490382024893677e+02
2.518528746160892240e+02
2.518350773209763531e+02
2.518118864162939872e+02
2.519104585376367140e+02
2.518104100436445947e+02
2.518038256371571606e+02
2.519032814268010156e+02
2.519877687375397386e+02
2.520369793631122377e+02
2.519833450078129147e+02
2.518631661188641715e+02
2.518646424915135640e+02
2.518435583813783012e+02
2.518900641198340509e+02
2.518954577294035175e+02
2.517667546742820264e+02
2.518439355568726796e+02
2.519079530147098467e+02
2.519234279864216717e+02
2.519504714693679546e+02
2.519183953876825228e+02
2.518286276200226439e+02
2.519076836036424254e+02
2.518175817662589679e+02
2.518457621639096828e+02
2.519534403793307717e+02
2.518478851231208466e+02
2.518142033514736795e+02
2.519703055121504462e+02
2.518394202273829308e+02
2.517627404493776737e+02
2.518212511449970350e+02
2.519276900695080599e+02
2.517772186001400883e+02
2.518318389999461147e+02
2.519975321946225506e+02
2.519845950751656858e+02
2.520255186163047654e+02
2.519434021229592133e+02
2.517534942615442617e+02
2.518882321245756657e+02
2.520587801066867826e+02
2.518573145104800801e+02
2.517662481814753050e+02
2.517545934586992757e+02
2.517704078883560612e+02
2.517767228837760740e+02
2.519274745406541172e+02
2.520178026833342244e+02
2.519360202597122793e+02
2.520162562638073211e+02
2.518187833396195856e+02
2.520106094078344654e+02
2.518956948111428460e+02
2.518092569642761021e+02
2.519663828870089901e+02
2.520714316504121939e+02
2.521078829678323245e+02
2.521466081146613476e+02
2.519945848375451192e+02
2.520481706988523172e+02
2.519054151624548865e+02
2.519551807748262320e+02
2.518382455951290524e+02
2.518679508594213132e+02
2.517577186270812035e+02
2.516969341020529214e+02
2.517568187941160716e+02
2.519925965838676518e+02
2.520761571205345035e+02
2.518789697720782499e+02
2.519691254916751859e+02
2.521273991055552699e+02
2.520397219677784335e+02
2.519637857643191978e+02
2.518921709143811540e+02
2.519382132658009539e+02
2.519502343876286545e+02
2.518081631553424131e+02
2.517596422221024852e+02
2.517987768737539795e+02
2.518273506115631335e+02
2.518809256964275960e+02
2.519397650735492107e+02
2.518662751225820386e+02
2.518471092192467324e+02
2.520322377283258675e+02
2.519587423891373419e+02
2.519362304003448401e+02
2.519475079476264909e+02
2.520090576000862086e+02
2.521009806562853726e+02
2.520272697882429043e+02
2.519126515437254170e+02
2.518021876178673324e+02
2.517883452772239821e+02
2.516546796702408528e+02
2.519010614796055734e+02
2.518754404870952044e+02
2.518700468775257377e+02
2.518389891696751022e+02
2.519572875693733636e+02
2.519616897462147733e+02
2.518494800366399033e+02
2.518085564955008238e+02
2.518884584298722871e+02
2.519331914435045121e+02
2.519249959588339891e+02
2.518769869066221361e+02
2.518939382509833536e+02
2.518240099143272914e+02
2.518318497763888217e+02
2.517599655153833851e+02
2.518470768899186396e+02
2.518877902904251300e+02
2.519026887224527229e+02
2.518313917775742254e+02
2.518875370440217694e+02
2.519146074680747915e+02
2.518087935772401522e+02
2.518580742496901905e+02
2.518596745514305724e+02
2.518791637480467784e+02
2.519944986260035478e+02
2.521362842825583357e+02
2.520195754081577775e+02
2.520360364243763058e+02
2.519560752195700104e+02
2.520863839646532654e+02
2.517639258580742592e+02
2.518227167412037204e+02
2.518058138908346280e+02
2.519219246726655399e+02
2.517569319467643822e+02
2.517348671803437696e+02
2.519054798211110437e+02
2.519658009591034045e+02
2.518384072417694881e+02
2.519213265800959221e+02
2.520182014117139886e+02
2.518346732043752354e+02
2.518218546257880348e+02
2.518096449162131591e+02
2.518296998760709187e+02
2.519402392370278676e+02
2.518851608384072449e+02
2.519491244140309334e+02
2.518388867934694701e+02
2.518506546688938101e+02
2.519797079584029404e+02
2.519427932539468600e+02
2.519596691632092131e+02
2.519098712215097748e+02
2.519188964922678906e+02
2.518193221617543998e+02
2.518620022630529718e+02
2.518912710814160221e+02
2.519359017188426151e+02
2.519745137130233275e+02
2.519234010453149324e+02
2.518551107279486985e+02
2.519341182175763834e+02
2.518554717387790163e+02
2.518249420766205162e+02
2.518946979901934355e+02
2.518845519693948916e+02
2.518242523842879450e+02
2.518276792930653585e+02
2.519842502289994002e+02
2.519894660272643989e+02
2.519365375289616793e+02
2.519675521310415434e+02
2.518358101190796958e+02
2.517263052966215753e+02
2.518534134382240381e+02
2.518070585699660455e+02
2.519081362142356681e+02
2.520038902958133633e+02
2.520711999568942190e+02
2.518579880381486191e+02
2.519471253839107590e+02
2.518332722668247072e+02
2.518638342583113285e+02
2.519701169244032428e+02
2.520651543725416275e+02
2.519651543725416332e+02
2.519864055175386568e+02
2.520310684842933426e+02
2.518729780699391085e+02
2.517745406541300781e+02
2.519197747723476368e+02
2.518849776388813950e+02
2.518181636941645536e+02
2.518463225389299112e+02
2.519324909747292338e+02
2.518209062988307494e+02
2.519265908723530458e+02
2.520221617544048627e+02
2.519501320114230225e+02
2.518927097365159682e+02
2.519030658979471013e+02
2.519162454873646197e+02
2.520122905328950935e+02
2.519105178080715461e+02
2.518724608006896801e+02
2.519330621261921408e+02
2.518908669648149043e+02
2.518488603911848713e+02
2.520066113475941734e+02
2.520916698097957749e+02
2.520554825152217120e+02
2.519262190850800209e+02
2.518335470661134821e+02
2.518679616358639919e+02
2.519472169836736839e+02
2.519786518670186979e+02
2.519040950482245762e+02
2.520658548413168774e+02
2.520127108141602434e+02
2.519292742065844095e+02
2.518613826175979398e+02
2.519586615658171240e+02
2.519991648256910253e+02
2.519998814591303358e+02
2.519866102699498924e+02
2.519581820141171420e+02
2.519692063149954322e+02
2.518544641413869272e+02
2.520234495393070802e+02
2.520668678269303200e+02
2.519493076135567549e+02
2.518960342690877781e+02
2.520304973328304357e+02
2.521359717657201429e+02
2.520167412037286567e+02
2.519265747076889852e+02
2.519832534080499897e+02
2.520369039280133734e+02
2.519781453742119766e+02
2.518559782315857660e+02
2.518984805215798133e+02
2.518682579880381525e+02
2.519087828007974679e+02
2.518523357939544098e+02
2.519625410851877803e+02
2.521262568026294559e+02
2.520524597230454162e+02
2.519074357454604183e+02
2.518026132873538359e+02
2.520159652998545141e+02
2.520270812004957293e+02
2.519395926504660679e+02
2.520544479767228836e+02
2.520745352659087359e+02
2.520836467482084231e+02
2.520735653860660648e+02
2.519859421305027070e+02
2.520484939921331886e+02
2.520481706988523172e+02
2.519097149630906927e+02
2.518676221779190598e+02
2.518666199687483243e+02
2.519451910124467986e+02
2.518201303949566352e+02
2.518687860337302595e+02
2.519338811358370549e+02
2.519385473355245324e+02
2.519487526267579085e+02
2.520816477180882487e+02
2.520551915512689334e+02
2.519495878010668548e+02
2.518865186701869732e+02
2.518665822511988779e+02
2.518747507947626616e+02
2.519527991809903540e+02
2.518576862977531050e+02
2.519442319090468345e+02
2.519363704940998900e+02
2.519973436068753756e+02
2.520561291017835117e+02
2.520926289131957674e+02
2.519999084002370751e+02
2.519149792553478164e+02
2.519481976399590621e+02
2.519474702300770446e+02
2.519347324748100618e+02
2.520185247049948885e+02
2.519644431273236762e+02
2.519009860445067090e+02
2.520031844388167599e+02
2.519464033622501233e+02
2.519443235088097310e+02
2.520693949027426015e+02
2.520533056737970696e+02
2.520377067729942269e+02
2.519552831510318356e+02
2.519954900587316047e+02
2.519115846758984958e+02
2.519319521525944197e+02
2.518804138153995495e+02
2.519332076081685443e+02
2.518738886793469476e+02
2.519364620938628150e+02
2.519437792984535918e+02
2.520314187186809534e+02
2.519473247481006410e+02
2.519025378522549659e+02
2.520495015895253061e+02
2.521792337949243006e+02
2.520246457244463727e+02
2.520425777250929400e+02
2.521425453957648699e+02
2.520822242577725092e+02
2.521038094724931398e+02
2.521032167681448470e+02
2.520077213211918661e+02
2.520202112182768417e+02
2.519159006411983341e+02
2.519565062772778674e+02
2.520794277708928348e+02
2.519605043375181879e+02
2.519016003017403875e+02
2.518354113906999316e+02
2.518935071932754965e+02
2.519322862223180266e+02
2.520377714316504125e+02
2.520489789320545242e+02
2.519951613772293797e+02
2.519690015625841966e+02
2.519488873322916049e+02
2.518301848159922542e+02
2.518447222371895009e+02
2.518722883776065657e+02
2.518952368123282497e+02
2.519687537044021894e+02
2.519893259335093489e+02
2.521036370494099970e+02
2.521859313540600169e+02
2.522583867665283606e+02
2.521890942399913911e+02
2.520391238752087872e+02
2.520850638504229835e+02
2.520085349426154551e+02
2.518531655800420310e+02
2.518818847998275885e+02
2.518791152540546250e+02
2.519863139177757319e+02
2.519588609300070061e+02
2.520008675036370391e+02
2.521556172207554312e+02
2.521506762217791788e+02
2.520533757206746088e+02
2.520907268710598714e+02
2.520641575515922170e+02
2.519679454711999540e+02
2.519843418287623251e+02
2.520904682364351572e+02
2.521112398297321988e+02
2.520304919446090821e+02
2.519773101999030018e+02
2.519707904520717818e+02
2.519040411660110976e+02
2.519391669809795928e+02
2.520142787865725609e+02
2.520761409558704713e+02
2.520900748962767466e+02
2.519579934263699670e+02
2.520165202866533889e+02
2.518436661458052583e+02
2.518341182175763890e+02
2.518953176356484676e+02
2.520603642437631322e+02
2.520735007274098791e+02
2.521213642976453571e+02
2.521658979470876716e+02
2.521827954092354105e+02
2.521152756075219656e+02
2.520464734091276569e+02
2.518740395495447046e+02
2.519968209494045936e+02
2.521123498033299200e+02
2.521731397165795556e+02
2.522726008944447358e+02
2.521688668570504888e+02
2.521952691416563255e+02
2.521804569211703324e+02
2.520294574061102537e+02
2.519745945363435453e+02
2.519614418880327662e+02
2.519282989385203848e+02
2.519089606121019358e+02
2.518479928875478322e+02
2.518427878657255121e+02
2.518649981141225282e+02
2.517862384826768789e+02
2.518393555687267735e+02
2.520427663128401434e+02
2.521570235465272845e+02
2.519757745568188056e+02
2.519109811951074960e+02
2.518984912980225204e+02
2.519209871221509900e+02
2.518366614580527028e+02
2.519272913411282957e+02
2.521037825313864005e+02
2.521861684357993454e+02
2.522378576431919726e+02
2.520245810657901870e+02
2.520137884584298718e+02
2.520675413545988590e+02
2.520507085511072773e+02
2.520635648472439243e+02
2.521996551538337314e+02
2.520754782046446394e+02
2.521226089767767746e+02
2.521928929360418010e+02
2.519991809903550859e+02
2.520747238536559109e+02
2.520495608599601383e+02
2.520155719596961035e+02
2.520236004095048088e+02
2.518849884153241021e+02
2.519813136483646758e+02
2.522594751872406960e+02
2.522606228783878350e+02
2.521163909693410119e+02
2.519323778220809231e+02
2.521797456759523754e+02
2.522935179697182093e+02
2.521055175386604787e+02
2.520615550406810712e+02
2.520681448353898304e+02
2.520442911794816609e+02
2.520233687159868623e+02
2.520256263807317225e+02
2.520302333099843679e+02
2.521843957109758207e+02
2.522059001023762050e+02
2.522905436715340386e+02
2.521760224150008014e+02
2.522183846112398271e+02
2.522171668732151488e+02
2.521278624925911913e+02
2.520762056145266570e+02
2.521955493291664538e+02
2.522231316342475225e+02
2.520259011800204689e+02
2.520961743628428167e+02
2.521725685651166486e+02
2.521491836844657541e+02
2.522719058138908395e+02
2.522912010345384886e+02
2.520884853709790434e+02
2.519731451048008921e+02
2.521326418449269795e+02
2.522498087181421340e+02
2.519988954146236324e+02
2.520300501104585464e+02
2.519973436068753756e+02
2.521806131795894146e+02
2.520167735330567496e+02
2.520235303626272980e+02
2.520962821272698022e+02
2.521802467805377432e+02
2.520443773910232323e+02
2.520565493830486616e+02
2.519425453957648529e+02
2.518767606013255147e+02
2.519067406649065219e+02
2.519644161862169369e+02
2.519936095694811229e+02
2.521537421197262745e+02
2.521720836251953131e+02
2.521875909262352593e+02
2.523501104585376424e+02
2.521001454819763978e+02
2.521159168058623834e+02
2.520891804515329397e+02
2.521752357346839801e+02
2.523471523250175039e+02
2.524288647017619382e+02
2.520317905059539783e+02
2.523098712215097805e+02
2.523574923217845765e+02
2.526133035185085305e+02
2.525712538391076976e+02
2.523907214828385008e+02
2.522149738671264743e+02
2.521571043698475023e+02
2.520724985182391151e+02
2.522404817069885326e+02
2.522320221994719418e+02
2.521378414785279460e+02
2.520436068753704433e+02
2.518674766959426563e+02
2.520488065089713814e+02
2.520526536990139448e+02
2.521801982865456182e+02
2.520084972250660087e+02
2.520167896977207818e+02
2.520465973382186462e+02
2.521495069777466540e+02
2.521103453849884204e+02
2.520176302602510816e+02
2.518495554717387677e+02
2.518153725955062328e+02
2.518711352982380447e+02
2.519233202219947145e+02
2.519037232609515513e+02
2.519904628482138094e+02
2.521320868581281331e+02
2.520240745729834657e+02
2.519643838568888441e+02
2.518969610431596493e+02
2.520439948273075004e+02
2.519772509294681697e+02
2.520561344900048368e+02
2.520646371032921991e+02
2.520506277277870595e+02
2.520375074088043448e+02
2.520134005064928147e+02
2.519564416186216818e+02
2.519459399752141735e+02
2.520437523573468468e+02
2.519288054313271061e+02
2.518324263160730538e+02
2.519552023277116177e+02
2.518369524220055098e+02
2.518330836790775322e+02
2.518530578156150739e+02
2.519217037555902721e+02
2.518733229161053941e+02
2.520338865240584028e+02
2.519064497009537149e+02
2.520670671911202021e+02
2.521174093431758081e+02
2.520126838730535042e+02
2.521541300716633316e+02
2.520031574977099922e+02
2.519538606605959501e+02
2.521112775472816452e+02
2.519896707796756345e+02
2.520630529662158494e+02
2.521310307667438906e+02
2.521865563877364025e+02
2.520733552454334756e+02
2.520612856296136783e+02
2.520422598200333937e+02
2.520493938250983490e+02
2.519172045907645838e+02
2.518840023708173987e+02
2.519996120480629429e+02
2.519603750202058166e+02
2.518284551969395011e+02
2.517841478527937795e+02
2.519458052696804771e+02
2.519613449000484877e+02
2.519726978824290029e+02
2.520497494477073133e+02
2.521535319790937137e+02
2.521306697559135728e+02
2.520368284929144806e+02
2.521517646424915142e+02
2.523075704509941204e+02
2.520959318928821631e+02
2.520164286868904640e+02
2.521434775580580947e+02
2.521273991055552699e+02
2.520625303087450959e+02
2.520662427932539345e+02
2.520527830163263161e+02
2.519899994611778595e+02
2.519685381755482467e+02
2.519610647125383878e+02
2.519998383533595643e+02
2.519808179320006332e+02
2.519239614203351607e+02
2.519434344522873062e+02
2.519992187079045323e+02
2.519297214289562987e+02
2.518814106363489316e+02
2.520129155665714791e+02
2.519147583382725486e+02
2.519312409073764627e+02
2.521586507893744340e+02
2.522010399267201990e+02
2.521845358047308707e+02
2.522312247427124419e+02
2.521628643784686687e+02
2.520949081308260133e+02
2.520194029850746347e+02
2.520301470984427965e+02
2.520919984912980283e+02
2.520139231639635682e+02
2.521007489627673976e+02
2.520857158252061083e+02
2.522380246780537618e+02
2.521551484454981278e+02
2.521115900641198380e+02
2.521375720674605247e+02
2.522413276577401859e+02
2.519904574599924558e+02
2.520134921062557112e+02
2.522180613179589557e+02
2.520720351312031937e+02
2.519341020529123227e+02
2.521941807209440185e+02
2.522826984212511547e+02
2.520207877579611022e+02
2.520781022684411994e+02
2.518836952422005595e+02
2.519235141979632431e+02
2.519181367530578086e+02
2.518735546096233691e+02
2.520073118163694232e+02
2.518838838299477345e+02
2.520297483700630323e+02
2.519494046015410333e+02
2.520112829355030044e+02
2.519573145104801029e+02
2.521524489466027319e+02
2.522024462524920523e+02
2.521540115307936958e+02
2.521657578533326216e+02
2.519571582520609923e+02
2.519962821272697795e+02
2.519093485640390213e+02
2.518892666630745225e+02
2.520681987176033090e+02
2.520014278786572675e+02
2.520033460854571956e+02
2.520525028288162162e+02
2.521072256048278462e+02
2.519471577132388518e+02
2.519710436984751425e+02
2.522300824397866279e+02
2.521706719112021062e+02
2.520809041435422273e+02
2.520146882913950037e+02
2.520434128994019147e+02
2.519206045584352580e+02
2.519637965407619049e+02
2.520783393501804994e+02
2.521950374481383790e+02
2.520717818847998331e+02
2.520638450347540243e+02
2.521630152486664258e+02
2.521556441618621704e+02
2.522072902634840261e+02
2.522536289670779581e+02
2.522260412737755360e+02
2.521482461339511758e+02
2.521996120480629315e+02
2.521893798157228161e+02
2.520382725362357803e+02
2.520355245433482310e+02
2.519310199903011949e+02
2.520026294520178851e+02
2.518706395818740305e+02
2.518673258257449277e+02
2.517850800150870327e+02
2.520008728918583927e+02
2.520588770946710611e+02
2.521092407996120528e+02
2.519404278247750426e+02
2.521195161377229397e+02
2.521265854841316809e+02
2.519996874831618072e+02
2.519509025270758116e+02
2.519633547066113408e+02
2.519433105231962884e+02
2.519027964868796801e+02
2.520306158737000999e+02
2.520482407457298279e+02
2.521023330998437473e+02
2.521700899832965206e+02
2.521507678215421038e+02
2.521245433482407350e+02
2.521763403200603477e+02
2.520377229376582875e+02
2.518679077536505133e+02
2.518742173608491726e+02
2.519364297645347222e+02
2.519779460100220945e+02
2.520008297860876212e+02
2.520356376959965417e+02
2.521441780268333446e+02
2.521211110512419964e+02
2.520443504499164931e+02
2.521456921170321550e+02
2.522585160838407319e+02
2.521884099358801734e+02
2.521705749232178562e+02
2.520944393555687384e+02
2.519159060294196877e+02
2.518761571205345149e+02
2.519418934209817280e+02
2.519304703917237021e+02
2.520273667762271543e+02
2.520893798157228218e+02
2.520289293604181182e+02
2.519204375235734688e+02
2.520390484401099229e+02
2.520395710975806765e+02
2.520005011045853678e+02
2.520977908292472591e+02
2.521383102537852210e+02
2.521652890780753182e+02
2.521154588070477871e+02
2.521519586184600428e+02
2.522198555956678661e+02
2.520790559836198099e+02
2.521050541516245573e+02
2.521083355784255673e+02
2.520316719650843140e+02
2.520918530093216248e+02
2.520624602618675567e+02
2.520983080984966875e+02
2.520633223772832707e+02
2.521418449269895916e+02
2.522381162778166868e+02
2.519699876070908999e+02
2.520954792822889203e+02
2.520813352012500559e+02
2.521948704132765897e+02
2.522662266285898909e+02
2.520080769438008588e+02
2.519859906244948604e+02
2.521702300770515706e+02
2.521849345331106065e+02
2.521648687968101683e+02
2.522626003556225953e+02
2.520397542971065263e+02
2.520148391615927608e+02
2.520813459776927630e+02
2.520731397165795613e+02
2.519019667007920589e+02
2.519438062395603311e+02
2.520087881890188157e+02
2.520572929575947114e+02
2.520448838838299537e+02
2.518718680963413874e+02
2.519979794169944398e+02
2.522334662427932415e+02
2.521911148229969228e+02
2.521058031143919322e+02
2.521201519478420039e+02
2.520648364674820812e+02
2.521642114338056899e+02
2.522523357939544155e+02
2.522289832426316138e+02
2.521958133520124932e+02
2.521086696481491458e+02
2.521243924780430063e+02
2.519621531332507232e+02
2.519838946063904359e+02
2.519786518670186979e+02
2.521341074411336933e+02
2.522908992941430029e+02
2.521260304973328346e+02
2.521847082278139851e+02
2.520985128509079232e+02
2.522497979416994554e+02
2.520819225173770235e+02
2.520124198502074364e+02
2.520136699175602075e+02
2.518946333315372499e+02
2.521489358262837470e+02
2.521275930815237984e+02
2.519252384287946427e+02
2.518880381486071371e+02
2.521847243924780457e+02
2.520918152917721784e+02
2.520859906244948547e+02
2.520048332345492668e+02
2.520516838191713020e+02
2.520833019020421375e+02
2.519549598577509641e+02
2.518971388544641457e+02
2.520340805000269313e+02
2.520885338649711684e+02
2.519838461123983109e+02
2.521526698636779997e+02
2.522438762864378532e+02
2.520732151516784256e+02
2.519984859098011611e+02
2.520767174955547034e+02
2.519484239452556835e+02
2.519517484778274650e+02
2.520240691847621122e+02
2.521784525028288044e+02
2.521938735923271793e+02
2.521495285306320397e+02
2.521986744975483532e+02
2.522688991863785759e+02
2.520862869766690153e+02
2.520356754135459880e+02
2.520330782908561957e+02
2.521690823859044031e+02
2.521849991917667921e+02
2.521801336278894325e+02
2.522063042189773228e+02
2.521763241553963155e+02
2.521717441672503810e+02
2.521407834473840239e+02
2.522123551915512678e+02
2.521106956193760311e+02
2.521675413545988533e+02
2.522164825691039312e+02
2.521624171560967795e+02
2.522364513174201193e+02
2.521335255132280793e+02
2.521935395226036007e+02
2.521774287407726831e+02
2.520735061156312327e+02
2.520765396842502355e+02
2.520014063257718533e+02
2.519875585969071494e+02
2.520548359286599407e+02
2.522105016434075253e+02
2.521086696481491458e+02
2.520880866425992792e+02
2.521930438062395581e+02
2.521620453688237546e+02
2.521596314456597838e+02
