3.000000000000000000e+00
1.542932492113564535e+02
1.542693520990050899e+02
1.538169085173501571e+02
1.535000339723368086e+02
1.564591215724338724e+02
1.553936617325891802e+02
1.552006212084445451e+02
1.583254841057995748e+02
1.593788595001213366e+02
1.596440863867993301e+02
1.610470565396748270e+02
1.639605144382431376e+02
1.625944576559087693e+02
1.605461392865809387e+02
1.607065178354768307e+02
1.561693763649599589e+02
1.569755690366415877e+02
1.614786022809997519e+02
1.630145110410094560e+02
1.642944722154816759e+02
1.642513079349672296e+02
1.638784372725066589e+02
1.633861198738170231e+02
1.574851443824314572e+02
1.543098471244843495e+02
1.524172191215724297e+02
1.519887988352341779e+02
1.511565251152632925e+02
1.517989322979859139e+02
1.544348944430963400e+02
1.542411744722154765e+02
1.519727541858772213e+02
1.515652123271050584e+02
1.525454501334627651e+02
1.522306333414219921e+02
1.519646493569522079e+02
1.521963212812424047e+02
1.517244358165493736e+02
1.516871147779665137e+02
1.526296238776996006e+02
1.553826255763164284e+02
1.549326377092938571e+02
1.539535646687697295e+02
1.534537151176898817e+02
1.526502305265712209e+02
1.505536908517350128e+02
1.492635962145110398e+02
1.496445619995146785e+02
1.484574520747391375e+02
1.466515505945158964e+02
1.473258141227857436e+02
1.474112788158213903e+02
1.471253288036884328e+02
1.574148604707595211e+02
1.630866682843969784e+02
1.645283474884736847e+02
1.637139820431933970e+02
1.643672700800776454e+02
1.621865178354768204e+02
1.617895850521718160e+02
1.635028197039553390e+02
1.609851298228585392e+02
1.548368939577772494e+02
1.556613249211356447e+02
1.529662023780635707e+02
1.534241300655180851e+02
1.597556709536520145e+02
1.606331472943460312e+02
1.598472312545498539e+02
1.605406745935452477e+02
1.635001698616840713e+02
1.662768260131036016e+02
1.660008153360834626e+02
1.624522979859257532e+02
1.592786605192914351e+02
1.526287697160883283e+02
1.525258529483135135e+02
1.514807182722640277e+02
1.520535306964329152e+02
1.528932492113564763e+02
1.529771220577529789e+02
1.569851201164765939e+02
1.568376219364232043e+02
1.548486872118417921e+02
1.554368066003397360e+02
1.545497888861926583e+02
1.553531278815821395e+02
1.559258626546954645e+02
1.558177626789614294e+02
1.555252511526328476e+02
1.572562970152875437e+02
1.567388012618296500e+02
1.543506915797136685e+02
1.544754088813394901e+02
1.565101965542343976e+02
1.547300752244600801e+02
1.502037563698131635e+02
1.505088570735258315e+02
1.503253579228342574e+02
1.504717592817277421e+02
1.478337102644989045e+02
1.486632273719970954e+02
1.534406600339723354e+02
1.527230380975491357e+02
1.514284202863382802e+02
1.499707061392865910e+02
1.464149090026692477e+02
1.436586847852462938e+02
1.468454646930356660e+02
1.466925600582382856e+02
1.517256005823829241e+02
1.603528269837418065e+02
1.567857316185391880e+02
1.500193157000728092e+02
1.491621451104101084e+02
1.420861247270080128e+02
1.373742101431691367e+02
1.382334190730405226e+02
1.408554428536762941e+02
1.504850084930841945e+02
1.580501917010434454e+02
1.582261198738170265e+02
1.591063042950740112e+02
1.589574569279301102e+02
1.580896869691822246e+02
1.581773647173016286e+02
1.587357922834263491e+02
1.604682843969910095e+02
1.621586216937636493e+02
1.595217859742780888e+02
1.557509051201164709e+02
1.547440718272264064e+02
1.523526134433389814e+02
1.519317156030089677e+02
1.568937636495996060e+02
1.588501917010434283e+02
1.571789856830866370e+02
1.511261732589177313e+02
1.447038485804416439e+02
1.402176170832322271e+02
1.401574083960203723e+02
1.458962873089056131e+02
1.558584615384615404e+02
1.627066148992962837e+02
1.634892987139043896e+02
1.670064935695219503e+02
1.683355981557874372e+02
1.686686144139771955e+02
1.686554913855860320e+02
1.681133025964571743e+02
1.648755835962145113e+02
1.652325260859014691e+02
1.652066391652511470e+02
1.651439068187333135e+02
1.669818199466149053e+02
1.683756952196068823e+02
1.681314535306964331e+02
1.661716282455714691e+02
1.667341227857316142e+02
1.644740014559572785e+02
1.653389856830866336e+02
1.676652657122057803e+02
1.677982237321038497e+02
1.658958116961902363e+02
1.640507546711963016e+02
1.650484057267653384e+02
1.624999854404270820e+02
1.605919242902208168e+02
1.564999660276631914e+02
1.570670322737199740e+02
1.591768405726765252e+02
1.620898616840572686e+02
1.624245474399417617e+02
1.608976267896141792e+02
1.612634797379276961e+02
1.629669983013831711e+02
1.619352584324193174e+02
1.591788595001213196e+02
1.579412472700800834e+02
1.573912448434845999e+02
1.558926182965299745e+02
1.552855132249453902e+02
1.558763018684785209e+02
1.565871293375394373e+02
1.571744528027177807e+02
1.580284688182480011e+02
1.592320892987139018e+02
1.594871536034943063e+02
1.594919485561756858e+02
1.589404028148507564e+02
1.602683523416646381e+02
1.613340257219121554e+02
1.610250715845668594e+02
1.612896675564183511e+02
1.619785488958990527e+02
1.620382043193399682e+02
1.622953360834748935e+02
1.649025576316427930e+02
1.649925066731375978e+02
1.651374520747391443e+02
1.685241446250909974e+02
1.692405241446250841e+02
1.689077020140742604e+02
1.693493520990051024e+02
1.659474884736714273e+02
1.628254792526086021e+02
1.628853093909245331e+02
1.666975685513224903e+02
1.668622470274205227e+02
1.658803979616597815e+02
1.662038243144867806e+02
1.604811841785974309e+02
1.579512351371026568e+02
1.582465323950497407e+02
1.582944819218636212e+02
1.571800630914826513e+02
1.577090803203105907e+02
1.584925309390924610e+02
1.584629264741567454e+02
1.591949041494782762e+02
1.597781412278573043e+02
1.594283911671924159e+02
1.601501480223246858e+02
1.629354331472943329e+02
1.635918563455471997e+02
1.647097500606648737e+02
1.653418102402329453e+02
1.611272118417859645e+02
1.612994807085658806e+02
1.562193254064547432e+02
1.565054695462266352e+02
1.560077165736471727e+02
1.499068478524629882e+02
1.495741713176413441e+02
1.493231157486047209e+02
1.487569327833050181e+02
1.469920892987138927e+02
1.468797767532152250e+02
1.472084639650570352e+02
1.461775588449405348e+02
1.453695316670711009e+02
1.454521912157243264e+02
1.447425285124969605e+02
1.450875903906818678e+02
1.453877505459839767e+02
1.450707206988595033e+02
1.453617956806600375e+02
1.454905896627032291e+02
1.475034117932540596e+02
1.490688182479980526e+02
1.492147731133219963e+02
1.487423246784761091e+02
1.487996311574860613e+02
1.489406357680174722e+02
1.492154719728221437e+02
1.493175831108954128e+02
1.478447949526813829e+02
1.447025285124969685e+02
1.439663091482649975e+02
1.430347003154573997e+02
1.420414850764377661e+02
1.413255229313273560e+02
1.405380150448920062e+02
1.471120019412763895e+02
1.478387672894928357e+02
1.501566998301383080e+02
1.492342635282698495e+02
1.489780829895656495e+02
1.499065760737684911e+02
1.505732395049745094e+02
1.506677602523659232e+02
1.511595243872846481e+02
1.507887017714147078e+02
1.487352778451832194e+02
1.470924824071827288e+02
1.476780393108468843e+02
1.481256199951468204e+02
1.484883571948556096e+02
1.510022615869934555e+02
1.525960106770201321e+02
1.528024460082504277e+02
1.513477990778937112e+02
1.504932200922106347e+02
1.492830283911671927e+02
1.451495656394079106e+02
1.445022470274205375e+02
1.451708032031060327e+02
1.458218878912885259e+02
1.502058432419315750e+02
1.536422421742295512e+02
1.542169182237321081e+02
1.525405192914341228e+02
1.496097743266197426e+02
1.505970104343605840e+02
1.527381606406212029e+02
1.528543266197524986e+02
1.543751419558359714e+02
1.596179956321281281e+02
1.604949478281970414e+02
1.628371754428536633e+02
1.631867216694977003e+02
1.538621693763649603e+02
1.425847027420529116e+02
1.339586896384372778e+02
1.294308857073525871e+02
1.327315603008978542e+02
1.372042902208201838e+02
1.404414268381460715e+02
1.467669594758553728e+02
1.463854598398446853e+02
1.429498762436302002e+02
1.470412230041252144e+02
1.409243581654937998e+02
1.363900800776510494e+02
1.371782965299684633e+02
1.417753652026207192e+02
1.427990876000970673e+02
1.505243775782577131e+02
1.500978403300169930e+02
1.517664062120844335e+02
1.550651783547682498e+02
1.519076728949284245e+02
1.499128366901237541e+02
1.508998010191700985e+02
1.524770977917981156e+02
1.554605484105799462e+02
1.568630720698859591e+02
1.567744528027177751e+02
1.567694928415433253e+02
1.572521912157243378e+02
1.578331084688182386e+02
1.569907304052414361e+02
1.555111283669012323e+02
1.554235768017471457e+02
1.562589177384130039e+02
1.559722688667798991e+02
1.549145353069643249e+02
1.549479543800048589e+02
1.553905556903664262e+02
1.550483086629458853e+02
1.569917204561999426e+02
1.581408298956563954e+02
1.576158602280999617e+02
1.541271827226401285e+02
1.536861344333899524e+02
1.538097937393836503e+02
1.534418636253336672e+02
1.523617568551322563e+02
1.522429604464935835e+02
1.527314438243144821e+02
1.542286338267410883e+02
1.545804319339966071e+02
1.520469109439456474e+02
1.507092841543314705e+02
1.512299344819218732e+02
1.509356466876971581e+02
1.504124727008007767e+02
1.509676777481193994e+02
1.510249259888376514e+02
1.499347731133219952e+02
1.500369813152147458e+02
1.505909633584081462e+02
1.508853190973064784e+02
1.499343751516622092e+02
1.483913516136859982e+02
1.486948798835234129e+02
1.477935743751516497e+02
1.455663382674108277e+02
1.514805435573889838e+02
1.511908274690609062e+02
1.510066779907789396e+02
1.503579422470274096e+02
1.500180538704198057e+02
1.507482941033729560e+02
1.510123659305993726e+02
1.507847803931084627e+02
1.560633632613443353e+02
1.546151031303081709e+02
1.521163115748604753e+02
1.522350788643533122e+02
1.510723319582625663e+02
1.516865323950497384e+02
1.530470177141470458e+02
1.533801213297743402e+02
1.588131230283911748e+02
1.589797233681145485e+02
1.606604125212327006e+02
1.602262363504003986e+02
1.604588012618296489e+02
1.610065226886677863e+02
1.613657073525843373e+02
1.616776898810968248e+02
1.606298568308662880e+02
1.598043678718757690e+02
1.622788546469303697e+02
1.626040863867993096e+02
1.603341033729677179e+02
1.599617956806600318e+02
1.603569133705411218e+02
1.602530744964814460e+02
1.601675612715360444e+02
1.599426449890803212e+02
1.602854258675078825e+02
1.599091191458383889e+02
1.597852560058238396e+02
1.600936957049259775e+02
1.602752244600825122e+02
1.607616209657849993e+02
1.607813346275175945e+02
1.611036447464207697e+02
1.643267847609803312e+02
1.671380247512739743e+02
1.714323319582625516e+02
1.748324290220820103e+02
1.731727250667313740e+02
1.680949575345789810e+02
1.584326910943945563e+02
1.507522251880611464e+02
1.489524775539917414e+02
1.478473186119873901e+02
1.525903518563455350e+02
1.543292598883766118e+02
1.602273817034700301e+02
1.607438776995874719e+02
1.609678233438485790e+02
1.609797136617326032e+02
1.605610385828682354e+02
1.607265712205775401e+02
1.602069109439456440e+02
1.553424799805872283e+02
1.553205435573889872e+02
1.578133074496481356e+02
1.591732686241203680e+02
1.588420092210628525e+02
1.580588789128852341e+02
1.581902062606163497e+02
1.580776801747148852e+02
1.578748556175685565e+02
1.571872458141227753e+02
1.563317738413006452e+02
1.553340063091482648e+02
1.565884202863382768e+02
1.576076777481193858e+02
1.580975588449405507e+02
1.593751225430720808e+02
1.603475370055811595e+02
1.602822615869934566e+02
1.599316961902450771e+02
1.607867993205532571e+02
1.612835622421742414e+02
1.614166464450375997e+02
1.614816500849308341e+02
1.625134481921863596e+02
1.633511963115748529e+02
1.641674642077165629e+02
1.642771754428536894e+02
1.646094540160155191e+02
1.636945401601552987e+02
1.631611162339237922e+02
1.632848434845911072e+02
1.635352099005095852e+02
1.639010822615869927e+02
1.636622664401844247e+02
1.637699296287308925e+02
1.647073428779422386e+02
1.658217131764134820e+02
1.659071390439213758e+02
1.692177432661975160e+02
1.689428294103373105e+02
1.689501480223246688e+02
1.692470371269109535e+02
1.682612763892259125e+02
1.689758796408638659e+02
1.689323465178354695e+02
1.681929046347973724e+02
1.684568793982043076e+02
1.688733414219849465e+02
1.685262994418830260e+02
1.680699538946857672e+02
1.677202814850764412e+02
1.682641106527541979e+02
1.683098277117204589e+02
1.680986653724824009e+02
1.668804659063334270e+02
1.665393836447464082e+02
1.667619606891531134e+02
1.661390827469060980e+02
1.658411550594515802e+02
1.657649890803203050e+02
1.656927541858772202e+02
1.658459791312788241e+02
1.653043630186847963e+02
1.653983499150691614e+02
1.657817422955593258e+02
1.649377626789614055e+02
1.653405969424896966e+02
1.657843630186847861e+02
1.652592962873088993e+02
1.649119048774569194e+02
1.639108468818247957e+02
1.635993884979373831e+02
1.637011307934967306e+02
1.640251686483863125e+02
1.642627420528997675e+02
1.642180635768017396e+02
1.645089444309633677e+02
1.649029847124484434e+02
1.647437223974763469e+02
1.639208638679932051e+02
1.627962921620965915e+02
1.626657995632128006e+02
1.633319873817034704e+02
1.636560737685027789e+02
1.633194176170832463e+02
1.631243096335840903e+02
1.630189953894685857e+02
1.625577384130065468e+02
1.637668138801261932e+02
1.636609075467119681e+02
1.634241688910458663e+02
1.639742683814608029e+02
1.643596311574860351e+02
1.649148070856588220e+02
1.650808444552293111e+02
1.644687211841786052e+02
1.637599320553263738e+02
1.642893569521960728e+02
1.641469255035185597e+02
1.638544042708080610e+02
1.638599369085173407e+02
1.631388692065032728e+02
1.631391506915797152e+02
1.634480757097791752e+02
1.641537102644988977e+02
1.654541616112593942e+02
1.654757291919437137e+02
1.655032953166707159e+02
1.663636981315214882e+02
1.659165833535549552e+02
1.639136520262072452e+02
1.629627760252365931e+02
1.627206891531181725e+02
1.625028876486289846e+02
1.619660373695705005e+02
1.615814025721912230e+02
1.616067944673622776e+02
1.616408444552293133e+02
1.616682746906090813e+02
1.608639262314972029e+02
1.607753749090026645e+02
1.604531424411550518e+02
1.603810531424411465e+02
1.615320456199951593e+02
1.611872361077408300e+02
1.605935743751516611e+02
1.590071244843484521e+02
1.580519388497937427e+02
1.587641446250910064e+02
1.584708857073525792e+02
1.584512011647658198e+02
1.602079204076680412e+02
1.599650181994661580e+02
1.600334384858044245e+02
1.618192186362533391e+02
1.606384566852705689e+02
1.592778160640621081e+02
1.594502208201892870e+02
1.596143751516622160e+02
1.592402717786944777e+02
1.585019364231982593e+02
1.588078136374666371e+02
1.585777626789614203e+02
1.587088376607619580e+02
1.591730744964814335e+02
1.565718903178839980e+02
1.557472943460325041e+02
1.558439990293618109e+02
1.563662897355010841e+02
1.551876243630186707e+02
1.599851007037127033e+02
1.614818345061878233e+02
1.616287503033244377e+02
1.608123562242174103e+02
1.608868138801261694e+02
1.616834457655908750e+02
1.610737879155544761e+02
1.608193157000727922e+02
1.610519679689395787e+02
1.624372433875273032e+02
1.632586265469546163e+02
1.627203008978403318e+02
1.623411404998786622e+02
1.626628973550109265e+02
1.626743411793254097e+02
1.626735064304780281e+02
1.626792331958262423e+02
1.630133268624120433e+02
1.632842513952924151e+02
1.632984518320795928e+02
1.647064304780393229e+02
1.646644406697403440e+02
1.650177335598155821e+02
1.651940791070128682e+02
1.651036641591846603e+02
1.641652511526328624e+02
1.626707206988594976e+02
1.620870953652026287e+02
1.623554380004853215e+02
1.628987624363018654e+02
1.633732783305023020e+02
1.633554477068672668e+02
1.636145983984469865e+02
1.640322737199708740e+02
1.642976462023780755e+02
1.638152293132734769e+02
1.617009463722397413e+02
1.613716476583353483e+02
1.611360155302111252e+02
1.608769327833050227e+02
1.603862363504003952e+02
1.598099781606406111e+02
1.594219752487260280e+02
1.593083814608104944e+02
1.610596845425867514e+02
1.602445619995146728e+02
1.588173453045377244e+02
1.580541130793496620e+02
1.566483863140014421e+02
1.563774132492113438e+02
1.574043775782577086e+02
1.574630235379762269e+02
1.541728609560786083e+02
1.518585100703712669e+02
1.502788837660762056e+02
1.492869400630914924e+02
1.536865712205775196e+02
1.548705945158941972e+02
1.566053385100703679e+02
1.536389322979859173e+02
1.503643096335840710e+02
1.513224848337782191e+02
1.529834797379276949e+02
1.523610288764863014e+02
1.591060131036156235e+02
1.620003494297500595e+02
1.619802280999757329e+02
1.627498082989565660e+02
1.661602329531667124e+02
1.672721572433875394e+02
1.677842950740111689e+02
1.676259645717059072e+02
1.681182043193399522e+02
1.677531375879640905e+02
1.657015675806842978e+02
1.665156224217423073e+02
1.669417714147051583e+02
1.670506381946129579e+02
1.672314292647415641e+02
1.681790050958505276e+02
1.690051832079592202e+02
1.687008493084202883e+02
1.683817811210871014e+02
1.670441543314729529e+02
1.637060713419073181e+02
1.628662072312545490e+02
1.627096529968454206e+02
1.628134918709051249e+02
1.626383305023052799e+02
1.627404610531424396e+02
1.626749623877699662e+02
1.625563212812424183e+02
1.628469400630914947e+02
1.631458675078864360e+02
1.633206503275903856e+02
1.633018393593787891e+02
1.633667653482164610e+02
1.637011793254064571e+02
1.632704100946372137e+02
1.624360786216937527e+02
1.611948653239504949e+02
1.611283280757097884e+02
1.619079737927687574e+02
1.613244843484591229e+02
1.613654549866537309e+02
1.610567920407667941e+02
1.605014122785731558e+02
1.609519339966027758e+02
1.608069497694734196e+02
1.606191409851977596e+02
1.613544479495268149e+02
1.621910507158456767e+02
1.616519970880854089e+02
1.617308129094879803e+02
1.617387818490657594e+02
1.595352778451832023e+02
1.580367192429021941e+02
1.579314729434603350e+02
1.583801504489201761e+02
1.580510167435088533e+02
1.584031933996602675e+02
1.590304974520747407e+02
1.602737879155544647e+02
1.601768211599126346e+02
1.604263431206017856e+02
1.626199951468090319e+02
1.651726085901480303e+02
1.652965590876000874e+02
1.646946954622664521e+02
1.646142392623149817e+02
1.655998932297985959e+02
1.659374423683571820e+02
1.649675709779179726e+02
1.645645522931327207e+02
1.638858335355496365e+02
1.639123222518806244e+02
1.637976025236592932e+02
1.637092356224217440e+02
1.637550982771172130e+02
1.630880077651055444e+02
1.625665421014316792e+02
1.629929628730890556e+02
1.627019849551079744e+02
1.626664110652754118e+02
1.626161902450861305e+02
1.627190196554234376e+02
1.632583062363503927e+02
1.631442271293375370e+02
1.633530599369085223e+02
1.640124727008007710e+02
1.636486872118417750e+02
1.632815044892016374e+02
1.638955787430235489e+02
1.644329725794709987e+02
1.640093278330502358e+02
1.635377626789614283e+02
1.631563698131521392e+02
1.630570832322251817e+02
1.643706673137587870e+02
1.648853385100703690e+02
1.653201067702014200e+02
1.654138218878912880e+02
1.646127541858772076e+02
1.634715263285610263e+02
1.628193448192186281e+02
1.617407134190730460e+02
1.604669255035185529e+02
1.603865178354768375e+02
1.603927105071584549e+02
1.598665857801504444e+02
1.604499878670225712e+02
1.609928366901237666e+02
1.616071147779665012e+02
1.619140596942489765e+02
1.616333025964571846e+02
1.608963261344333944e+02
1.610284882310118917e+02
1.610565590876001067e+02
1.605609706381946182e+02
1.602042222761465666e+02
1.602385828682358522e+02
1.600342732346517778e+02
1.598147342877942378e+02
1.602160349429749999e+02
1.605765590876000886e+02
1.603295899053627807e+02
1.602123756369813066e+02
1.602066003397233658e+02
1.605396263042950693e+02
1.603529628730890693e+02
1.612122882795437988e+02
1.616962387769958696e+02
1.623683086629458785e+02
1.634777481193885080e+02
1.635571366173258809e+02
1.631655326377093047e+02
1.625518272264013717e+02
1.625459548653239494e+02
1.628592671681630577e+02
1.632084736714389805e+02
1.622062120844455251e+02
1.622969279301140375e+02
1.630279349672409523e+02
1.632705168648386405e+02
1.632760592089298655e+02
1.632869788886192737e+02
1.634523756369813157e+02
1.650198495510798296e+02
1.657443727250667393e+02
1.661878087842756599e+02
1.669756272749332595e+02
1.677145158942004457e+02
1.673461198738170310e+02
1.674006891531181793e+02
1.677723950497451995e+02
1.678342635282698438e+02
1.678002329531666987e+02
1.681910604222276220e+02
1.688990730405241436e+02
1.685140014559572990e+02
1.680771754428536724e+02
1.684780101917010313e+02
1.690889784033001604e+02
1.682607910701286187e+02
1.685574278087842686e+02
1.684911623392380591e+02
1.682704683329289139e+02
1.683007522446008295e+02
1.686883474884736813e+02
1.686620723125454901e+02
1.686314292647415698e+02
1.689090317884008812e+02
1.688811647658335460e+02
1.688729628730890511e+02
1.687672700800776511e+02
1.690243241931570140e+02
1.692866100461053236e+02
1.689034603251637918e+02
1.689206988595001349e+02
1.687140111623392329e+02
1.687506915797136742e+02
1.688579859257461919e+02
1.687404707595243849e+02
1.677428682358650747e+02
1.672651880611502122e+02
1.674825042465421063e+02
1.670143072069886045e+02
1.687146420771657347e+02
1.691455180781363765e+02
1.671011696190245175e+02
1.668248871633098815e+02
1.664229944188303705e+02
1.669803639893229672e+02
1.680742635282698245e+02
1.666875030332443544e+02
1.655452657122057758e+02
1.642725066731375989e+02
1.633271147779665000e+02
1.644290900266925632e+02
1.652725454986653801e+02
1.626056297015287555e+02
1.602884348459111834e+02
1.583776073768502783e+02
1.587898665372482299e+02
1.618793884979373843e+02
1.611999708808541527e+02
1.626850570249939381e+02
1.639088570735258372e+02
1.652139674836204790e+02
1.655132249454015891e+02
1.658420092210628525e+02
1.662418830380975407e+02
1.658764765833535648e+02
1.651314729434603237e+02
1.646543751516622081e+02
1.640575103130308037e+02
1.643453336568794043e+02
1.660474836204804774e+02
1.663001795680659995e+02
1.658555981557874190e+02
1.658614511041009507e+02
1.668450667313758800e+02
1.673043047803930961e+02
1.669228925018199448e+02
1.677577869449162904e+02
1.684899878670225633e+02
1.677605823829167662e+02
1.678077068672652388e+02
1.683941082261586928e+02
1.680046881824799812e+02
1.682592962873088993e+02
1.687039262314972063e+02
1.684801650084930884e+02
1.690759330259645594e+02
1.689640669740354326e+02
1.679945741324921187e+02
1.679922446008250461e+02
1.679022276146566242e+02
1.674997913127881475e+02
1.652960349429750124e+02
1.654794176170832429e+02
1.656030672166949671e+02
1.651293278330502403e+02
1.647088376607619580e+02
1.656856782334384945e+02
1.666975685513224903e+02
1.661665323950497566e+02
1.666636738655666079e+02
1.671445959718514871e+02
1.677576898810968089e+02
1.674515020626061528e+02
1.660200048531909829e+02
1.655882746906090688e+02
