8.540693692010710159e-01
7.652718101998878808e-01
8.212030637025966584e-01
8.168939535462980128e-01
6.558378479357369617e-01
4.913132822716234083e-01
3.891089108910891214e-01
3.473566224546982828e-01
4.122859455756896496e-01
3.905037673578678481e-01
4.571081636465533227e-01
3.802353820287689423e-01
4.000000000000000222e-01
5.305062581729871329e-01
8.116507877202814303e-01
8.107665483529484796e-01
1.027766361541814666e+00
1.267382776013450396e+00
1.594314714490316920e+00
1.847151130207360437e+00
1.578124416215206383e+00
1.048851111526246882e+00
6.513855159100815362e-01
3.410673142785976553e-01
3.081698735911326814e-01
2.461361230462668914e-01
2.875396973659630206e-01
2.533594868920854282e-01
2.588641883056230220e-01
2.874151566100006105e-01
2.473690765302945516e-01
2.758515474188928396e-01
2.562239242792203608e-01
2.751541191855034763e-01
2.767918301264088443e-01
2.669655644809764139e-01
2.496419453266081334e-01
2.766672893704464897e-01
3.042094775515287175e-01
3.246652967183510929e-01
3.385764991593498974e-01
3.493056852855097039e-01
3.094464163397471768e-01
3.212404259293853981e-01
3.052431658260165714e-01
3.036988604520829416e-01
2.930568528550968055e-01
2.694127903356373643e-01
2.745750046702783442e-01
2.791830126408867407e-01
2.678311227349149948e-01
2.418083317765738760e-01
2.821719907839840835e-01
2.706083815928762570e-01
2.631670714241235443e-01
2.683915561367457570e-01
2.679058471884924186e-01
2.887352886232019689e-01
2.691450277103181743e-01
2.701973970982003981e-01
1.687402702534404331e-01
2.342798430786474928e-01
2.472071735475434295e-01
2.581792141478298497e-01
2.793947319260227657e-01
2.849990659443302765e-01
2.744691450277103040e-01
2.621894264898187998e-01
2.839217884052556151e-01
2.589451397969985691e-01
2.769350519957656243e-01
2.789962015069431533e-01
2.719471947194719297e-01
2.452020673765489822e-01
2.466218319945202020e-01
2.576250077837972663e-01
2.373373186375241362e-01
2.558938912759200490e-01
2.910766548352948235e-01
3.010212341988915963e-01
3.214895074413101628e-01
3.195778068372874814e-01
3.018681113394358073e-01
3.090354318450713178e-01
3.018867924528301772e-01
3.035182763559374775e-01
2.818357307428855929e-01
2.716482969051622343e-01
2.820100878012329337e-01
2.823525748801295476e-01
2.846690329410299647e-01
2.828881001307678167e-01
2.825020237872843953e-01
2.411669468833675944e-01
2.526682856964941881e-01
2.716109346783734946e-01
2.684102372501401268e-01
2.708636901425991450e-01
2.913755526496045745e-01
2.842020051061709962e-01
2.998879133196338254e-01
3.242418581480789319e-01
3.118189177408307033e-01
3.095460489445170937e-01
3.245967993025717924e-01
2.812005728874774069e-01
2.795068186063889293e-01
2.996014695809203765e-01
2.611993274799178089e-01
2.666168503642817322e-01
2.952923594246217309e-01
2.918986238246465970e-01
2.715922535649791247e-01
3.096954978516719414e-01
2.915872719347406550e-01
2.855096830437760524e-01
2.655395728252070708e-01
2.580671274674637417e-01
2.643502086057662459e-01
2.590509994395666094e-01
2.271872470265894617e-01
2.804906905784917970e-01
3.172738028519833109e-01
3.254436764431160034e-01
3.088984370135126611e-01
3.100753471573572395e-01
2.928264524565664106e-01
3.285945575689644405e-01
3.156360919110778873e-01
3.027585777445669368e-01
3.151815181518151654e-01
2.998131888660564015e-01
3.140731054237499431e-01
3.229653153994644921e-01
3.079332461548041633e-01
3.174979762127156380e-01
3.261722398654959831e-01
2.987795005915686031e-01
2.902609128837412289e-01
2.868920854349585881e-01
2.688772650849990398e-01
3.582663926770035534e-01
3.740706146086306694e-01
3.621458372252319702e-01
3.434584967930755517e-01
3.455071922286568342e-01
3.670527430101500621e-01
3.660003736222678938e-01
3.607821159474438044e-01
3.756896444361417231e-01
3.698673640949000641e-01
3.927268198517965270e-01
3.717417024721340058e-01
3.803599227847312969e-01
4.475060713618531638e-01
4.187869730369263577e-01
4.206364032629678062e-01
4.188430163771094117e-01
3.895821657637462132e-01
4.094837785665358942e-01
4.442119683666480023e-01
4.262905535836602477e-01
3.956908898437013766e-01
4.021794632293417826e-01
3.877825518400896954e-01
4.342985241920418460e-01
4.278099508064013845e-01
3.987670465159723343e-01
4.170247213400585240e-01
3.825642941652656059e-01
4.103866990472632148e-01
4.139485646677875108e-01
4.453390622081075945e-01
3.924341490752848993e-01
4.069493741827012734e-01
3.894638520455819264e-01
3.604396288685472460e-01
3.704028893455383331e-01
4.153122859455756766e-01
3.573385640450837397e-01
3.204620462046204876e-01
3.421134566286817558e-01
3.938414596176598725e-01
3.913942337629989221e-01
4.116694688336758334e-01
3.540133258608879618e-01
3.223862008842393601e-01
3.469207298088299307e-01
3.353197583909334201e-01
3.585590634535151811e-01
3.589949560993835331e-01
3.585154741889283181e-01
4.552338252693193810e-01
4.642381219254000935e-01
5.000684974157793006e-01
4.455071922286568120e-01
4.398966311725512335e-01
4.774518961330095346e-01
4.365527118749610858e-01
4.594931191232330958e-01
3.882122174481599242e-01
3.812441621520642476e-01
3.729248396537767074e-01
3.950744131016875049e-01
3.569773958527928115e-01
3.645619278909023042e-01
3.765427486144841129e-01
4.014882620337505426e-01
4.179650040475745842e-01
4.343172053054362158e-01
4.357369699234074356e-01
4.170869917180397013e-01
4.617473068061523356e-01
4.238557818045955439e-01
4.570458932685721454e-01
4.925337816800547941e-01
4.706270627062706380e-01
4.766859704838408152e-01
4.685160968927081226e-01
4.878697303692633436e-01
4.790397907715299719e-01
5.169499968864811335e-01
4.821346285571953549e-01
5.198206613114141339e-01
5.340307615667226893e-01
5.637835481661374049e-01
4.896133009527368074e-01
5.251323245532100170e-01
5.524129771467712890e-01
4.403262967806214623e-01
4.035431845071299484e-01
3.327230836291176219e-01
3.178280092160159498e-01
2.973099196712123971e-01
3.257114390684351379e-01
2.728127529734105661e-01
2.865309172426676598e-01
3.243290366772526578e-01
3.493741827012890044e-01
4.425742574257425788e-01
3.211407933246154811e-01
3.438383460987607942e-01
2.902173236191543659e-01
2.958092035618656301e-01
2.645806090042966408e-01
2.219752163895634955e-01
2.548477489258360040e-01
2.199202939161840620e-01
2.229839965128588286e-01
2.144654088050314544e-01
2.102746123668970679e-01
2.746870913506445078e-01
2.908711625879569218e-01
3.414471635842829533e-01
2.216638644996575258e-01
1.779500591568590750e-01
2.978765801108412825e-01
3.362475870228532338e-01
3.155551404197023402e-01
3.072918612615978540e-01
3.142225543309047908e-01
2.385080017435705912e-01
2.491873715673454115e-01
2.752848869792639541e-01
2.889283267949436240e-01
4.038109471324490829e-01
4.489071548664300138e-01
8.676941279033564269e-01
9.522946634286070244e-01
1.121215517778192838e+00
1.287085123606700243e+00
1.416358428295659833e+00
1.530537393361977694e+00
1.523040039853041927e+00
1.517466841023725088e+00
1.598050937169188668e+00
1.685385142287813665e+00
1.675347157357245154e+00
1.789905971729248479e+00
1.826726446229528511e+00
1.140780870539884084e+00
1.318998692322062460e+00
1.432200012454075688e+00
1.438153060589077770e+00
1.405946821097204147e+00
1.346491064200759702e+00
1.442860701164456083e+00
1.447692882495796640e+00
1.512889968242107308e+00
1.441764742511987052e+00
1.324696431907341765e+00
1.358067127467463830e+00
1.403842082321439699e+00
