1.937263839591506454e+01
6.591469580920356464e+01
6.877608817485521797e+01
7.355879569088983772e+01
7.813826514726945049e+01
8.278012952238620414e+01
8.043936110592191824e+01
8.658895946198393290e+01
9.121394856466778833e+01
9.531673205056354448e+01
1.001781804595553922e+02
9.812950370508748676e+01
9.834152811507566128e+01
1.057405068808767652e+02
1.127520269008032869e+02
1.141414596176598764e+02
1.198498225294227524e+02
1.235066255682172027e+02
1.272616850364281760e+02
1.305562675135438155e+02
1.285327106295535202e+02
1.226571953421757257e+02
1.157831683168316772e+02
1.055763870726695330e+02
9.950575378292546702e+01
9.334072482719970765e+01
9.433465969238433502e+01
9.535405068808768192e+01
9.643072420449591675e+01
9.698771405442431615e+01
9.858102621582912661e+01
9.288307491126471405e+01
9.277586400149448309e+01
9.031630238495547758e+01
8.858909645681549705e+01
8.855184008966934073e+01
8.665903231832616882e+01
8.357119372314589612e+01
8.234345226975527510e+01
7.854370757830500338e+01
7.407109409054112348e+01
7.368923967868485647e+01
7.268237748303131696e+01
7.951387384021421667e+01
8.552606638022292884e+01
8.580722959088362245e+01
8.618226539635095662e+01
9.138309359237810270e+01
9.110972663304066543e+01
9.251193100442119999e+01
9.230483840836913600e+01
9.165338439504327539e+01
9.201251011893641873e+01
9.133814060651347688e+01
9.135319758390933487e+01
9.110813873840214683e+01
9.080978890341864940e+01
9.134065632978392557e+01
9.134797932623450833e+01
9.107918923967868352e+01
9.066100628930817606e+01
8.924561927890901813e+01
8.837151130207359984e+01
8.817803723768602708e+01
8.664154056915126034e+01
8.594938663677687885e+01
8.426945015256242755e+01
9.503522635282395470e+01
9.474728812503892073e+01
9.467613176411980191e+01
9.911152001992651606e+01
9.924214459181767722e+01
9.847270066629305063e+01
9.793146522199390347e+01
9.738316208979388477e+01
9.590341864375116643e+01
9.617778815617410260e+01
9.715841584158415856e+01
1.015499283890653146e+02
1.019532785354007132e+02
1.024872532536272445e+02
1.026868858583971615e+02
1.023482657699732243e+02
1.020195715797994893e+02
1.020943583037549018e+02
1.018038109471324475e+02
1.009803225605579371e+02
1.009385017747057702e+02
1.007816240114577511e+02
1.006684164642879438e+02
1.005422566784980347e+02
1.002272183822155824e+02
9.950960831932249562e+01
9.942419826888348666e+01
9.914362662681362792e+01
9.841924154679618653e+01
9.773887539697365412e+01
9.763786661685035995e+01
1.021494675882682657e+02
1.024134005853415488e+02
1.026238371006912047e+02
1.027621707453764230e+02
1.028012765427486102e+02
1.022266081325113589e+02
1.016597608817485536e+02
1.009899682421072242e+02
1.005777072046827385e+02
1.004861822031259777e+02
1.004276480478236522e+02
1.001311476430661997e+02
9.944380098387196654e+01
1.028578118189177388e+02
1.026355314776760679e+02
1.025885235693380650e+02
1.025765801108412774e+02
1.022582477115636124e+02
1.015731552400523015e+02
1.013518961330095323e+02
1.007129211034310998e+02
1.004225792390559775e+02
1.053672084189551015e+02
1.051412416713369424e+02
1.050240114577495518e+02
1.059730680615231364e+02
1.059628744006476069e+02
1.049222056167880908e+02
1.048209975714552655e+02
1.050853602341366155e+02
1.051665981692508893e+02
1.053718475621146951e+02
1.049241795877700980e+02
1.044704651597235170e+02
1.045167569587147369e+02
1.043576935051995775e+02
1.037013201320132083e+02
1.034531104053801585e+02
1.032898312472756714e+02
1.028722460925337856e+02
1.016357930132635943e+02
1.018384395043277948e+02
1.023204620462046250e+02
1.069137928887228384e+02
1.074391618407123730e+02
1.075571455258733380e+02
1.073226788716607558e+02
1.070651161342549358e+02
1.071827386512236160e+02
1.070944641633974754e+02
1.071816115573821548e+02
1.075228656827946878e+02
1.075808580858085861e+02
1.079647425119870547e+02
1.082469954542624038e+02
1.086102372501401021e+02
1.086752412977146776e+02
1.081459866741391096e+02
1.078778130643252950e+02
1.078016377109409092e+02
1.078787844822218034e+02
1.079201756024659034e+02
1.088089357992403023e+02
1.091117753284762415e+02
1.090158291300828211e+02
1.086326359050999457e+02
1.085457064574382002e+02
1.083001494489071490e+02
1.084416277476804282e+02
1.090289121364966718e+02
1.092510679369823805e+02
1.090423314029516177e+02
1.092173298461921718e+02
1.083959835606202091e+02
1.082106482346347889e+02
1.077911015629864835e+02
1.077725698984992846e+02
1.077030574755588788e+02
1.073640326296780643e+02
1.071639080889220992e+02
1.073838968802540563e+02
1.072954231272183847e+02
1.072216576374618597e+02
1.067827199701102217e+02
1.067143906843514571e+02
1.066281275297341011e+02
1.064111277165452378e+02
1.050278348589575899e+02
1.036466778753347029e+02
1.034678622579239118e+02
1.036611495111775270e+02
1.033763310293293500e+02
1.032841584158415884e+02
1.036137119372314572e+02
1.077153807833613541e+02
1.076083255495360902e+02
1.079090852481474627e+02
1.087190236004732498e+02
1.088687527243290418e+02
1.085964941777196628e+02
1.081324366398904004e+02
1.074747306806152380e+02
1.065647176038358594e+02
1.059227411420387313e+02
1.061515474188928323e+02
1.060282084812254766e+02
1.058523320256554001e+02
1.063794445482284061e+02
1.065676879008655646e+02
1.064871162587956945e+02
1.069658011084127338e+02
1.072783548166137422e+02
1.076144405006538420e+02
1.077398156796811719e+02
1.080016501650164997e+02
1.084404632916121756e+02
1.090759200448346746e+02
1.094343296593810351e+02
1.101966623077402119e+02
1.110515411918550370e+02
1.113995454262407350e+02
1.112271623388754023e+02
1.120555949934616109e+02
1.123752288436390785e+02
1.130373310915997251e+02
1.140545737592627233e+02
1.143678062145837231e+02
1.146722959088361620e+02
1.139696867799987530e+02
1.143225356497913907e+02
1.147840276480478252e+02
1.140401893019490558e+02
1.124255993523880619e+02
1.111206114951117740e+02
1.094668846129896025e+02
1.086664798555327280e+02
1.086729061585403855e+02
1.082307677937605064e+02
1.075607509807584563e+02
1.078582601656392086e+02
1.090027648047823590e+02
1.126124727567096357e+02
1.118658633787907064e+02
1.100799987545924381e+02
1.081117192851360613e+02
1.064659816925088762e+02
1.049794943645307939e+02
1.019624509620773409e+02
1.035680802042468400e+02
1.026825331589762698e+02
1.055697677314901313e+02
1.060432592315835336e+02
1.056651597235195226e+02
1.116366149822529366e+02
1.120771965875832876e+02
1.126224111090354256e+02
1.067452269755277428e+02
9.750237250140108358e+01
8.757621894264897833e+01
7.907994893829005889e+01
7.840440251572327668e+01
7.801965875832866004e+01
7.874457936359674193e+01
8.664632916121800577e+01
8.994122299022355094e+01
9.497436951242293901e+01
1.020353695746933198e+02
1.107354878884114839e+02
1.119511675695871418e+02
1.203307304315337234e+02
1.207796438134379429e+02
1.231419079643813461e+02
1.245394731926022729e+02
1.252400460800797077e+02
1.256624509620773438e+02
1.251299084625443641e+02
1.245948626938165518e+02
1.243091412914876344e+02
1.247381530605890845e+02
1.255542561803350168e+02
1.256132635905099875e+02
1.264830001868111395e+02
1.212163459742200615e+02
1.220855408182327722e+02
1.228915872719347391e+02
1.236338377233949757e+02
1.229681487016626136e+02
1.225571392988355370e+02
1.225557070801419712e+02
1.232865931876206531e+02
1.235592066753845160e+02
1.237861510679369843e+02
1.234392739273927333e+02
1.232144467276916373e+02
1.235181331340681226e+02
