1.000000000000000000e+00
7.118083960203834692e+01
7.101029847124483751e+01
7.024212569764620184e+01
7.002463479737927798e+01
7.201310361562727280e+01
7.117459839844697456e+01
7.075309876243629503e+01
7.294009221062849235e+01
7.380998786702257064e+01
7.384811453530696213e+01
7.493017228827955023e+01
7.681452074739141267e+01
7.584922106284882659e+01
7.442870177141470833e+01
7.430953652026207124e+01
7.081741324921135572e+01
7.146488716330988211e+01
7.481675321523901800e+01
7.571761223004125441e+01
7.680597913127881782e+01
7.692633826741082714e+01
7.647146809026935443e+01
7.626701286095607202e+01
7.129289007522446298e+01
6.926947828197039314e+01
6.846701286095607486e+01
6.805216209657849902e+01
6.727760252365931137e+01
6.815703955350643639e+01
7.006286823586508206e+01
7.007016743508856393e+01
6.857425867507886608e+01
6.788881339480708732e+01
6.846227614656636717e+01
6.847144867750546382e+01
6.833938364474641958e+01
6.808864838631400573e+01
6.804574617811211112e+01
6.800191215724338178e+01
6.894953652026207180e+01
7.095701043436059763e+01
7.055103130308177128e+01
7.006688667799078019e+01
6.994648871633098963e+01
6.922975006066488390e+01
6.803874787672894797e+01
6.742447949526814455e+01
6.752611502062606519e+01
6.669260859014802634e+01
6.551881582140256910e+01
6.590760495025479315e+01
6.587418587721427343e+01
6.560364959961174236e+01
7.278503275903906911e+01
7.704246542101431316e+01
7.813378306236350568e+01
7.732050473186119177e+01
7.756709536520261850e+01
7.519465178354768398e+01
7.457312302839116569e+01
7.593357922834263718e+01
7.419405969424896341e+01
7.023022567338024658e+01
7.081149235622422111e+01
6.781403542829410469e+01
6.829620965785004216e+01
7.216443581654938555e+01
7.283178840087357742e+01
7.273829652996845141e+01
7.324665857801504387e+01
7.509591846639165169e+01
7.735075952438728564e+01
7.695746663431205548e+01
7.393821887891289180e+01
7.210168405726764718e+01
6.642283911671924557e+01
6.667751516622179508e+01
6.610744964814365687e+01
6.676291191458383878e+01
6.781140499878669914e+01
6.774534336326134110e+01
7.055895171074982386e+01
7.008193157000728490e+01
6.898528512496966414e+01
6.916214511041009416e+01
6.873309390924532636e+01
6.917722882795438011e+01
6.961432661975248948e+01
6.937090997330744813e+01
6.916454258675078393e+01
7.046102402329532310e+01
6.993199708808541004e+01
6.844289250181994078e+01
6.834082989565639821e+01
6.980957049259887981e+01
6.839959233195826016e+01
6.574592574617811636e+01
6.576927930114050014e+01
6.594371269109439027e+01
6.580947342877942674e+01
6.427136132006793900e+01
6.506300412521233056e+01
6.816082504246541873e+01
6.735189517107498602e+01
6.657664644503761053e+01
6.556799805872361731e+01
6.367817520019412569e+01
6.201849065760738000e+01
6.404977432661975456e+01
6.386443096335840863e+01
6.781008493084202371e+01
7.428282455714632704e+01
7.177668527056539460e+01
6.762265469546227337e+01
6.697483135161368750e+01
6.267358408153361182e+01
6.023475855374908861e+01
6.071786459597185370e+01
6.250194612958019746e+01
6.923846639165250849e+01
7.528019412763892149e+01
7.526735258432418618e+01
7.576036884251395520e+01
7.570780878427565597e+01
7.507544770686726565e+01
7.520896869691821962e+01
7.568120359136132436e+01
7.688724096093181970e+01
7.785771414705168070e+01
7.625365687939820702e+01
7.397634554719728328e+01
7.294938121815093268e+01
7.153997573404512877e+01
7.122983741810240588e+01
7.449677262800291544e+01
7.567752487260374039e+01
7.429323950497452245e+01
7.071762193642319971e+01
6.662175200194127456e+01
6.392633826741082004e+01
6.408545498665372975e+01
6.730937151176898681e+01
7.447998058723611337e+01
7.959248726037370147e+01
8.025848095122543668e+01
8.293415190487745292e+01
8.392694976947342411e+01
8.416421256976461507e+01
8.384520262072312846e+01
8.345644261101674033e+01
8.041878184906576621e+01
8.046454743994176795e+01
8.022646930356710016e+01
8.039118660519291382e+01
8.156186362533365752e+01
8.291926231497208732e+01
8.268787187575830444e+01
8.104737685027906480e+01
8.133084202863382473e+01
7.923726280029119096e+01
7.948801747148750962e+01
8.118093666585779999e+01
8.121494782819704028e+01
7.974107255520505078e+01
7.856639650570249955e+01
7.905009463722397811e+01
7.677889832564910932e+01
7.557615141955835725e+01
7.294930356709537023e+01
7.357429750060664730e+01
7.446375151662218173e+01
7.628630914826499065e+01
7.694893472458140593e+01
7.598963358408153113e+01
7.595404998786702322e+01
7.692167920407668191e+01
7.621378306236350397e+01
7.450385828682358635e+01
7.370858529483135158e+01
7.383956321281242197e+01
7.267083717544285548e+01
7.217360834748846798e+01
7.270134433389954154e+01
7.319183693278330338e+01
7.383305023052656679e+01
7.421303567095365850e+01
7.474850764377578116e+01
7.524759039068187860e+01
7.508789128852220074e+01
7.468547439941761468e+01
7.529568551322493875e+01
7.614073283183692809e+01
7.577416161125940164e+01
7.629657850036399225e+01
7.655544770686726963e+01
7.682127638922591473e+01
7.719623392380489690e+01
7.895431206017957493e+01
7.912282455714633045e+01
7.918197524872603310e+01
8.205473428779421852e+01
8.246015044892016022e+01
8.201854889589905895e+01
8.226401358893473059e+01
7.957019170104344141e+01
7.699172045619995686e+01
7.681933511283669702e+01
7.979643775782577109e+01
7.963591361320068529e+01
7.893551079834990958e+01
7.929123028391167338e+01
7.447911671924289578e+01
7.288470759524386722e+01
7.267779665129822320e+01
7.260753215239019198e+01
7.220049502547925613e+01
7.251523416646445241e+01
7.324036884251395918e+01
7.289642319825284744e+01
7.356235865081291081e+01
7.393356952196069187e+01
7.341497694734287904e+01
7.365874302353797987e+01
7.592138801261829428e+01
7.645735501091968445e+01
7.697983013831594690e+01
7.772868721184178753e+01
7.430988595001213071e+01
7.426885707352583665e+01
7.014305265712205539e+01
6.981985925746178623e+01
6.953545256005823205e+01
6.504150448920165672e+01
6.463889347245813610e+01
6.442710992477553589e+01
6.407689395777724428e+01
6.356065032759038758e+01
6.308136859985440736e+01
6.362081048289250162e+01
6.291274933268623926e+01
6.247039068187333299e+01
6.210593545256006109e+01
6.189669497694734446e+01
6.183917495753458127e+01
6.211441883038097700e+01
6.190043193399660026e+01
6.210266440184421555e+01
6.227141955835961795e+01
6.345632613443338954e+01
6.432766804173743935e+01
6.404136859985440822e+01
6.390465421014317116e+01
6.387294346032516046e+01
6.352542586750788445e+01
6.396519291434118060e+01
6.409104586265469550e+01
6.350393593787915592e+01
6.172316428051443893e+01
6.090854646930356608e+01
6.058785731618539216e+01
6.001625818975976756e+01
5.931755399174957688e+01
5.900718272264013819e+01
6.354681873331715281e+01
6.389871390439213883e+01
6.557796651298228596e+01
6.492951225430721252e+01
6.471586508129094284e+01
6.553574375151661968e+01
6.600171802960446144e+01
6.584889104586265773e+01
6.603966998301383740e+01
6.581174472215481330e+01
6.501240475612715386e+01
6.393240475612715557e+01
6.408690123756369417e+01
6.447229313273477658e+01
6.469541373453044741e+01
6.638290706139287067e+01
6.741586022809997303e+01
6.776819218636252629e+01
6.668949284154331281e+01
6.595480708565881400e+01
6.500427080805629032e+01
6.259159427323465508e+01
6.213683086629458785e+01
6.269288036884251625e+01
6.319250667313758640e+01
6.678370298471244837e+01
6.944735743751516566e+01
6.932509585052171985e+01
6.822854646930356637e+01
6.611212812424169272e+01
6.688363018684785288e+01
6.831923319582625709e+01
6.810396505702499326e+01
6.900862897355010261e+01
7.225898568308663528e+01
7.275392380490171718e+01
7.402096578500363933e+01
7.411040038825527176e+01
6.735403057510312408e+01
5.935195340936665787e+01
5.444345547197282542e+01
5.169105556903664223e+01
5.270563455471972958e+01
5.672058238291676702e+01
5.942368357194855832e+01
6.380077651055569277e+01
6.355075952438728137e+01
6.122405241446250557e+01
6.473314244115505289e+01
6.146489686969182031e+01
5.881766561514195502e+01
5.886545013346275113e+01
6.262473186119873958e+01
6.356184421256976691e+01
6.896642562484834116e+01
6.843678718757583113e+01
6.963871875758310637e+01
7.206054841057995475e+01
6.975996117447220968e+01
6.839503033244358221e+01
6.906372239747634012e+01
6.987062363504003315e+01
7.164594030575102579e+01
7.263593302596457590e+01
7.264307692307691866e+01
7.255075952438728848e+01
7.270394564426109696e+01
7.305043436059209228e+01
7.198038340208687202e+01
7.126117932540645938e+01
7.069734530453773402e+01
7.138317884008735348e+01
7.130690609075466568e+01
7.040793011404998936e+01
7.032434845911186017e+01
7.035557388983256999e+01
7.048702742052900305e+01
7.180955107983498920e+01
7.258288764862896869e+01
7.225831594273235226e+01
6.969376364959961734e+01
6.935601067702013722e+01
6.928298956563941147e+01
6.909502547925261240e+01
6.823830138315942406e+01
6.822858529483134760e+01
6.865452074739141608e+01
6.983991264256248144e+01
7.027813637466634589e+01
6.881816064062121541e+01
6.797602523659305973e+01
6.792026207231253920e+01
6.806057752972579067e+01
6.776748362048046204e+01
6.787293375394321515e+01
6.785081290948798483e+01
6.742237321038582820e+01
6.750766318854647352e+01
6.774042222761465837e+01
6.798197524872604447e+01
6.745469546226644297e+01
6.648942489686969282e+01
6.664363018684785800e+01
6.633513224945401987e+01
6.502432419315699974e+01
6.976545498665372236e+01
6.967602038340208992e+01
6.924667799077893449e+01
6.868827954380004996e+01
6.858253821887890922e+01
6.914017956806600296e+01
6.945142441155059032e+01
6.888657122057753668e+01
7.321437515166222454e+01
7.221078379034214834e+01
7.102496481436544684e+01
7.103235137102645069e+01
7.015984469788885747e+01
7.036998786702257291e+01
7.102616840572676438e+01
7.169128852220335091e+01
7.623302111138073656e+01
7.614997330744964188e+01
7.716531909730647953e+01
7.713040524144625465e+01
7.717713176413491283e+01
7.737207473914098443e+01
7.770975976704683319e+01
7.800628002911913939e+01
7.751913613200679265e+01
7.688220334870176487e+01
7.884750303324436516e+01
7.920099975734045472e+01
7.786428536762922192e+01
7.748967726280028501e+01
7.751306964329046423e+01
7.721263770929385828e+01
7.705202620723125051e+01
7.719302111138073030e+01
7.719792283426352242e+01
7.702630429507401288e+01
7.640633826741081691e+01
7.666644018442126196e+01
7.686122785731618023e+01
7.697177384130066002e+01
7.703992234894442959e+01
7.701434603251638578e+01
7.946774083960204393e+01
8.163485561756854736e+01
8.468744479495268251e+01
8.753291919437029378e+01
8.562588692065033058e+01
8.179548653239504574e+01
7.438073283183693718e+01
6.840516379519533530e+01
6.768808541616112961e+01
6.693227857316185236e+01
7.028337782091725217e+01
7.165560786216937572e+01
7.497831594273235112e+01
7.510222761465664121e+01
7.487972822130551265e+01
7.445230769230769852e+01
7.414602280999757511e+01
7.411568066003397348e+01
7.366496481436544741e+01
7.041177384130065775e+01
7.032309633584081610e+01
7.223373938364474611e+01
7.312709536520262077e+01
7.245509342392622898e+01
7.184322251880611532e+01
7.156298956563941260e+01
7.185280271778694328e+01
7.112661975248725810e+01
7.075314729434603578e+01
7.027290463479738492e+01
6.969600582382916798e+01
7.042228585294832044e+01
7.189714147051687121e+01
7.205042465421014697e+01
7.295933996602767024e+01
7.380855132249453732e+01
7.352380490172288319e+01
7.291161368599854598e+01
7.372170832322251499e+01
7.438564426110167460e+01
7.426660519291434071e+01
7.486237321038582593e+01
7.545503518563455714e+01
7.582104343605921315e+01
7.657514195583596006e+01
7.651646687697160587e+01
7.707946614899296378e+01
7.632776510555690663e+01
7.575576801747148181e+01
7.568940548410580504e+01
7.615918466391651975e+01
7.641254064547439384e+01
7.651321523901965804e+01
7.635348701771414426e+01
7.700571705896626895e+01
7.806948798835233561e+01
7.820966755641833856e+01
8.068919194370297987e+01
8.033599611744722324e+01
8.021144382431448605e+01
8.045414219849551785e+01
7.963154574132492769e+01
8.009487017714147328e+01
8.001525843241931568e+01
7.893545256005823774e+01
7.910802232467847261e+01
7.922891531181751645e+01
7.912693035670953634e+01
7.858217908274690444e+01
7.848489201650085079e+01
7.876190245086144159e+01
7.839761223004124702e+01
7.841797621936423468e+01
7.741884008735743805e+01
7.697928658092695287e+01
7.703966998301383740e+01
7.651338024751274247e+01
7.630681873331715792e+01
7.588778451832079952e+01
7.606029604464936256e+01
7.608486289735500918e+01
7.554633341421984483e+01
7.553017228827954455e+01
7.568651298228584778e+01
7.511362290706139788e+01
7.505676292162097241e+01
7.526696432904634548e+01
7.486759524387284159e+01
7.478601310361563037e+01
7.377709293860714013e+01
7.367764134918708407e+01
7.374572191215723649e+01
7.378578015044891458e+01
7.394007279786460174e+01
7.386006309148264393e+01
7.416374666343121191e+01
7.446876000970638643e+01
7.433280271778694726e+01
7.382062606163552232e+01
7.318777966512982402e+01
7.261147294346032766e+01
7.320141713176413134e+01
7.314310118903178193e+01
7.335262314972094089e+01
7.328791070128609419e+01
7.299618539189516753e+01
7.240489201650085249e+01
7.326765348216451912e+01
7.356220334870177169e+01
7.303557388983256260e+01
7.369223974763407625e+01
7.406393593787915108e+01
7.429212327105071267e+01
7.453255035185634370e+01
7.416303809754913345e+01
7.369728706624606218e+01
7.381405484105799530e+01
7.362408153360834717e+01
7.357760737685028118e+01
7.333843241931569423e+01
7.314779907789370839e+01
7.261595729191944315e+01
7.302101431691336586e+01
7.385134676049501934e+01
7.484117447221548503e+01
7.488694976947343207e+01
7.459676777481193710e+01
7.516410579956321669e+01
7.528578500363988724e+01
7.363321523901964838e+01
7.298475127396262963e+01
7.269708323222518231e+01
7.229041494782819655e+01
7.204595971851492209e+01
7.204237806357680540e+01
7.197339480708565418e+01
7.209370541130793697e+01
7.202949769473428887e+01
7.132970638194612434e+01
7.135954380004852737e+01
7.136899781606406634e+01
7.123305023052657248e+01
7.243870905120115822e+01
7.204571705896627520e+01
7.127510798349915433e+01
7.070440184421256902e+01
7.004788158214026339e+01
7.032995874787673074e+01
7.026035428294103724e+01
6.991795195340937141e+01
7.154755641834506719e+01
7.122127638922592041e+01
7.132012618296529638e+01
7.262929386071341753e+01
7.191859257461780430e+01
7.089986896384372983e+01
7.080789128852219960e+01
7.091699102159670076e+01
7.065537490900267414e+01
7.042072312545498392e+01
7.040614413977189656e+01
7.012474642077165754e+01
7.037466634312060876e+01
7.093337539432177152e+01
6.956244600825041857e+01
6.855139043921377606e+01
6.880958019898082512e+01
6.890634312060178956e+01
6.820379519534093049e+01
7.245188061150206238e+01
7.355263285610288904e+01
7.358875030332443146e+01
7.295352584324193401e+01
7.312986168405726062e+01
7.358179082746906374e+01
7.321789856830866938e+01
7.318180053385100337e+01
7.346906090754670515e+01
7.482145110410094446e+01
7.515523416646445298e+01
7.454279058480950937e+01
7.417962630429506987e+01
7.419411793254064946e+01
7.427861198738170856e+01
7.415639893229798929e+01
7.435122543072070300e+01
7.461513224945402101e+01
7.483219606891530873e+01
7.495439941761708269e+01
7.570451832079592691e+01
7.603927202135403718e+01
7.605661732589177859e+01
7.626115991264256877e+01
7.607137102644989568e+01
7.545019170104343686e+01
7.418839116719243520e+01
7.366006309148265530e+01
7.380401844212569529e+01
7.412448434845910583e+01
7.458598398446979161e+01
7.451765105556903279e+01
7.466636253336568529e+01
7.493673380247513194e+01
7.527047803931084502e+01
7.451529240475612426e+01
7.312347488473670865e+01
7.323006066488716215e+01
7.290660519291434127e+01
7.254787672894929074e+01
7.236253336568793770e+01
7.213605435573889224e+01
7.193346275175927929e+01
7.182604222276147254e+01
7.321371511768988682e+01
7.282576073768503022e+01
7.181671438971123678e+01
7.133584081533608412e+01
7.035827226401359269e+01
6.995443824314486392e+01
7.058110167435089011e+01
7.054752729919921705e+01
6.820113564668770323e+01
6.635239990293618462e+01
6.531948556175684928e+01
6.478590633341421778e+01
6.875462266440185033e+01
6.939404998786702095e+01
7.080477553991750028e+01
6.932582382916767472e+01
6.619391409851978381e+01
6.692655180781363811e+01
6.791822373210385422e+01
6.756473671438970996e+01
7.328696918223731416e+01
7.548340694006309093e+01
7.532642562484834059e+01
7.582338267410823107e+01
7.864074739140984605e+01
7.917844212569764295e+01
7.940839602038340672e+01
7.938474156758069000e+01
7.968492113564668955e+01
7.948945401601552874e+01
7.802945886920650764e+01
7.835969910215966650e+01
7.901759767046833360e+01
7.896589177384130664e+01
7.937950982771171482e+01
8.027493326862412459e+01
8.045308420286337991e+01
8.026405241446251182e+01
8.027879640863868360e+01
7.912147537005580489e+01
7.687472943460325325e+01
7.610620723125454390e+01
7.605305508371753831e+01
7.615230283911671449e+01
7.590884736714389192e+01
7.629521960689153559e+01
7.597354040281484799e+01
7.595275903906818371e+01
7.650078136374666826e+01
7.647713661732589685e+01
7.685330744964814187e+01
7.668587236107741489e+01
7.654410094637223949e+01
7.663582625576316332e+01
7.693104586265469891e+01
7.665785974278087167e+01
7.547129337539432470e+01
7.550798349915069707e+01
7.646159669983013885e+01
7.583871875758310921e+01
7.588524144625091594e+01
7.581059936908516761e+01
7.547140014559572307e+01
7.565033729677263352e+01
7.554053870419801342e+01
7.538081048289249964e+01
7.620323222518806006e+01
7.663134190730404782e+01
7.637950012132976951e+01
7.659003154574132566e+01
7.644213540402814999e+01
7.519313758796408820e+01
7.431494297500606194e+01
7.405571463237077978e+01
7.426645959718514689e+01
7.383088570735257861e+01
7.418399417617082747e+01
7.441088085416160425e+01
7.514943945644260737e+01
7.512484348459112482e+01
7.523248726037370204e+01
7.672670710992477439e+01
7.856777481193884682e+01
7.868893957777238768e+01
7.786932297985926255e+01
7.791301140499878386e+01
7.828077651055569675e+01
7.878734287794225111e+01
7.787543800048531750e+01
7.761275418587720765e+01
7.714763406940062396e+01
7.713505459839844036e+01
7.708081533608347513e+01
7.656400873574375510e+01
7.661293860713419690e+01
7.611265226886678192e+01
7.655210871147779983e+01
7.643510798349915092e+01
7.603856345547197293e+01
7.637397719000242091e+01
7.633959718514923054e+01
7.639151662217908267e+01
7.683276874545013868e+01
7.695995146809026721e+01
7.725126910943946257e+01
7.794727493326863055e+01
7.752041737442368685e+01
7.716715360349429886e+01
7.791636981315214427e+01
7.817100703712691256e+01
7.766170347003154006e+01
7.730729434603252059e+01
7.697902450861441537e+01
7.675316670710992639e+01
7.798189759767046780e+01
7.837421014316913670e+01
7.854876000970638472e+01
7.840863867993205361e+01
7.796872603736956364e+01
7.689705411307934924e+01
7.644851249696675666e+01
7.544519291434117747e+01
7.465596699830138050e+01
7.459798107255519994e+01
7.474827469060907958e+01
7.481308420286337935e+01
7.505100703712690802e+01
7.549072555205047763e+01
7.587671924290221170e+01
7.601389953894685902e+01
7.573318126668284833e+01
7.551549623877698991e+01
7.566199466148992769e+01
7.522713904392138318e+01
7.492516379519534553e+01
7.481599611744722722e+01
7.464181509342392928e+01
7.459738898325649359e+01
7.395581654938121119e+01
7.442195583596215158e+01
7.493057995632128154e+01
7.424323222518806631e+01
7.436810482892501284e+01
7.420258189759766765e+01
7.436096093181267008e+01
7.437478281970395244e+01
7.516015530211113571e+01
7.570647900994903523e+01
7.588132977432661619e+01
7.621526813880126383e+01
7.609816064062120233e+01
7.616075709779180158e+01
7.556375636981314869e+01
7.567306964329046082e+01
7.567194370298470574e+01
7.603782577044407276e+01
7.569775297257946534e+01
7.597325891773841988e+01
7.623120601795680784e+01
7.615769958747877411e+01
7.633023052657121355e+01
7.643941761708323668e+01
7.693332686241203078e+01
7.795601067702014575e+01
7.853143411793253392e+01
7.853165736471730440e+01
7.937256005823829241e+01
8.045306479009948930e+01
7.955359378791555969e+01
7.946934239262314748e+01
7.997441397718999667e+01
8.007107012860956274e+01
8.014885707352584632e+01
8.029939335112837284e+01
8.109759767046833190e+01
8.126625576316428123e+01
8.090504246542101896e+01
8.114696432904634094e+01
8.150300412521232829e+01
8.110008250424654364e+01
8.127982528512497140e+01
8.117306479009948816e+01
8.083297257947100434e+01
8.101072555205047365e+01
8.137004610531424476e+01
8.124066974035427791e+01
8.087040038825527688e+01
8.090986653724823441e+01
8.099883523416646369e+01
8.078470274205290025e+01
8.061825770444066563e+01
8.082773113322009806e+01
8.083949526813880482e+01
8.045609318126668086e+01
8.052221305508371074e+01
8.026336326134433818e+01
8.025541373453044969e+01
8.049368599854403783e+01
8.010480951225430601e+01
7.921271536034943495e+01
7.916878427566125254e+01
7.917851977675321962e+01
7.883578743023538493e+01
8.010633341421984710e+01
8.037790827469061128e+01
7.860853190973064386e+01
7.861588934724581179e+01
7.812623149720941740e+01
7.854964329046347871e+01
7.963450618781848789e+01
7.862930356709536284e+01
7.762617811210871821e+01
7.691373938364475293e+01
7.657741324921136084e+01
7.738068429992719643e+01
7.796801747148749939e+01
7.651933996602765831e+01
7.506013103615627813e+01
7.367902936180539086e+01
7.398019898082989698e+01
7.651758311089541564e+01
7.583656394079106633e+01
7.700813394807086354e+01
7.791359378791555912e+01
7.870005338510070203e+01
7.921760737685028175e+01
7.915639893229798929e+01
7.968628973550109151e+01
7.935841785974278650e+01
7.872269837418102156e+01
7.844050473186119632e+01
7.781368599854404522e+01
7.774616840572676324e+01
7.908154331472942999e+01
7.925666585780150797e+01
7.897755884494054612e+01
7.885631642805144281e+01
7.928987139043921673e+01
7.938590633341422631e+01
7.925868478524630234e+01
8.008645474399418163e+01
8.042699344819219220e+01
7.992897840330016379e+01
8.005969424896869668e+01
8.063273962630429992e+01
8.035915554477068667e+01
8.052285367629215784e+01
8.077306479009949669e+01
8.072726037369569951e+01
8.118381946129579774e+01
8.096432904634797012e+01
8.017437515166221829e+01
8.041306479009949726e+01
8.022251880611501917e+01
7.972112594030575394e+01
7.813761708323222877e+01
7.828032031060422469e+01
7.805738413006551468e+01
7.779407910701286255e+01
7.782556661004610987e+01
7.855837903421499391e+01
7.906950740111624043e+01
7.873066731375880067e+01
7.909289978160640544e+01
7.942009221062848212e+01
7.970375151662217661e+01
7.976577529725794591e+01
7.883791312788157768e+01
7.833189031788400314e+01
