3.336331160084056080e+01
5.358726224473301158e+00
4.932641844926989982e+00
4.696513820787758142e+00
4.342604666199687102e+00
3.989568403470014513e+00
6.121563661835228487e+00
6.260595937281103751e+00
6.209731127754728242e+00
6.322916105393609598e+00
6.320507570450994095e+00
6.305485209332399421e+00
6.016466404439894333e+00
5.867282719974136640e+00
5.470585699660541756e+00
5.022247965946441184e+00
5.020852416617274550e+00
5.032361657416887013e+00
5.049199849129802686e+00
5.020820087289186162e+00
5.084314887655584592e+00
4.166054205506762642e+00
2.694417802683334084e+00
2.547238536559081723e+00
2.575925427016541924e+00
2.550083517430896229e+00
2.664561668193329513e+00
3.675957756344630845e+00
5.424958241284551619e+00
5.636176518131365221e+00
6.374044937766043084e+00
7.723077752034053667e+00
7.741979632523303678e+00
6.556226089767767995e+00
5.995263753434991294e+00
4.837243385958295505e+00
3.293151570666522865e+00
5.067331213966269843e+00
4.596147421736084482e+00
2.318174470607252680e+00
2.942114338057007394e+00
2.095516999838353378e+00
1.246263268495069854e+00
9.685166226628589836e-01
1.092084702839592580e+00
1.537173339080769363e+00
1.597639959049517833e+00
1.173080446144727729e+00
9.580473085834365632e-01
4.991378845842986967e-01
3.015733606336548078e-01
2.949189072687106172e-01
2.710221455897408038e-01
2.040950482245810771e-01
1.723530362627296864e-01
1.720512958672342219e-01
1.916859744598308213e-01
1.995797187348456181e-01
2.377606552077159430e-01
2.235034215205560781e-01
2.128347432512527615e-01
2.129586723422598193e-01
2.459453634355299179e-01
2.243870898216498710e-01
1.908023061587370006e-01
1.760709089929414217e-01
1.592704348294627925e-01
1.865456112937119437e-01
1.893474863947410824e-01
1.783124090737647494e-01
1.604019613125707289e-01
1.738994557896438309e-01
1.577024624171561029e-01
1.674174255078398621e-01
1.516245487364620836e-01
1.651705372056684051e-01
1.764534727086588817e-01
1.835228191174093360e-01
1.728487526267579177e-01
1.691201034538498960e-01
1.524220054959857795e-01
1.466727733175278714e-01
1.634516945956139833e-01
1.765881782423621982e-01
1.944501320114230269e-01
1.816638827523034683e-01
1.642275984697451341e-01
1.886577940621800842e-01
1.709682633762595050e-01
1.751333584783662800e-01
1.900748962767390415e-01
1.603696319844819251e-01
1.584352605205021913e-01
1.593566463710329173e-01
1.910986583328843080e-01
1.830755967455142963e-01
2.139339404062718941e-01
1.790182660703701634e-01
1.759846974513712969e-01
1.660057115146290341e-01
1.723045422705964669e-01
1.577994504014224864e-01
1.566733121396627071e-01
1.602564793361711259e-01
1.641144458214343349e-01
1.779513982434398345e-01
1.796756290748423857e-01
1.707419580796379066e-01
1.607144781507624243e-01
1.696265962605743860e-01
1.509079152971604110e-01
1.668301093808933766e-01
1.602510911148229966e-01
1.311600840562530401e-01
1.592219408373296008e-01
1.631499542001185465e-01
1.759200387951937172e-01
2.152163370871275350e-01
3.121989331321730621e-01
3.136322000107764629e-01
2.297052642922571275e-01
2.346462632684950811e-01
1.630583544372002924e-01
1.925427016541839675e-01
1.688668570504876232e-01
1.571851931677353265e-01
1.497925534780968904e-01
1.836952422005495855e-01
1.570127700845950769e-01
1.451155773479174405e-01
1.597823158575354396e-01
1.938951452125653452e-01
1.842340643353629070e-01
1.690823859044129629e-01
1.578263915081631608e-01
1.450670833557842487e-01
1.582951667654507177e-01
1.225119887924995959e-01
1.505145751387466924e-01
1.542270596476103262e-01
1.404493776604342770e-01
1.382617597930922981e-01
1.508378684196346742e-01
1.562961366452933765e-01
1.351473678538714362e-01
1.621531332507139267e-01
1.576162508755859781e-01
1.753812166603803957e-01
1.547874346678161650e-01
1.523681232825044585e-01
2.103992672018966670e-01
1.850315210948865752e-01
1.894444743790074936e-01
1.565116654992187162e-01
1.764426962659625953e-01
1.471253839107710681e-01
1.669648149145966931e-01
1.676760601325502364e-01
1.597769276361872826e-01
1.730966108087720334e-01
1.865456112937119437e-01
1.820464464680209005e-01
1.881243601487149197e-01
1.707473463009860359e-01
2.034161323347163097e-01
1.972466188911040363e-01
1.756667923918314445e-01
1.415324101514090216e-01
1.776712107333369151e-01
1.572606282666091926e-01
1.755159221940837400e-01
1.667169567325825774e-01
1.733390807694380198e-01
1.983080984966862359e-01
2.001616466404440020e-01
1.725470122312624532e-01
1.980386874292796029e-01
1.856026725577886727e-01
1.628266609192305647e-01
1.652890780753273337e-01
1.400829786087612605e-01
1.424214666738509716e-01
1.783339619591572944e-01
2.128778490220378239e-01
1.740880435368284962e-01
2.031251683819171316e-01
1.892397219677784403e-01
2.360094832695727174e-01
1.788027372164448514e-01
1.600517269249420726e-01
1.629775311169782970e-01
1.662912872460800828e-01
1.717280025863462400e-01
1.670025324640336262e-01
1.963683388113583728e-01
1.786841963467859229e-01
1.695996551538337116e-01
1.774287407726709287e-01
1.881944070262406288e-01
1.740557142087396925e-01
1.847136160353467227e-01
2.030174039549544618e-01
1.938951452125653452e-01
1.890780753273344494e-01
1.917614095587046597e-01
1.787003610108303386e-01
1.723853655908184623e-01
1.716848968155611777e-01
1.732636456705641537e-01
1.784201735007274192e-01
1.878226197532194552e-01
1.611509240799612053e-01
1.606121019451479115e-01
1.328304326741742425e-01
1.452017888894875930e-01
1.520017242308314143e-01
1.594051403631661090e-01
1.534673204375235633e-01
1.498410474702300821e-01
1.584837545126353830e-01
1.681017296190527588e-01
1.561883722183307344e-01
1.300824397866264248e-01
1.657794062180074357e-01
1.654561129371194539e-01
1.699013955493291761e-01
1.723153187132927533e-01
1.793954415647394662e-01
1.607953014709844197e-01
1.671641791044776171e-01
1.577725092946818120e-01
1.528746160892289485e-01
1.529231100813621402e-01
1.688668570504876232e-01
1.663667223449539212e-01
1.806185678107656567e-01
1.728433644054097607e-01
1.868311870251629925e-01
1.602941968856080590e-01
1.775365051996335986e-01
1.610916536451317549e-01
1.736192682795409115e-01
1.850207446521903165e-01
2.170106147960558229e-01
1.878495608599601296e-01
1.969341020529123409e-01
2.324478689584568158e-01
2.130071663343930111e-01
2.003448461662805102e-01
1.849237566679239053e-01
1.794223826714801406e-01
1.941968856080607819e-01
1.843849345331106115e-01
1.922786788081254361e-01
1.881620776981518528e-01
2.138638935287461573e-01
2.220054959857750976e-01
2.042782477504175853e-01
1.927636187294574088e-01
2.219085080015087141e-01
2.176625895791799159e-01
2.513443612263591698e-01
2.130017781130448817e-01
2.146505738455735668e-01
2.333530901449431538e-01
2.304057330675144122e-01
2.005011045853763718e-01
2.239237027857104434e-01
2.527399105555256376e-01
2.541570127700846227e-01
2.217630260251091112e-01
2.186270812004957043e-01
2.170591087881890147e-01
2.493561075488981149e-01
2.503152109488657739e-01
2.487687914219516017e-01
2.659841586292364668e-01
3.121073333692548357e-01
2.896222856834958503e-01
2.402069076997682961e-01
2.621585214720620893e-01
2.799665930276415970e-01
2.810819548467051177e-01
2.787434667816153788e-01
2.658225119887924759e-01
2.802737216444851631e-01
2.932808879788781908e-01
3.183307290263484024e-01
3.388814052481275985e-01
3.465057384557357345e-01
3.443396734737863008e-01
3.960719866372110487e-01
4.352766851662266401e-01
4.126030497332830449e-01
3.968317258472978115e-01
4.714047093054582471e-01
5.091384234064335601e-01
5.308098496686244339e-01
5.178457891050164408e-01
5.169459561398782599e-01
4.891588986475564615e-01
4.363004472223718788e-01
4.449647071501697249e-01
4.805646855972843245e-01
5.491675198017134107e-01
5.722722129425076298e-01
4.822781399859906171e-01
3.808825906568241715e-01
3.975860768360364172e-01
4.205075704509941281e-01
4.244894660272643949e-01
4.512150439140039659e-01
4.883129478958995739e-01
5.196346785925965994e-01
5.045692117032167801e-01
4.785441025917344660e-01
5.258850153564308405e-01
5.050433751818524941e-01
4.126784848321569110e-01
4.065035831671965361e-01
3.811304488388382872e-01
3.847459453634355375e-01
4.442265208254755349e-01
4.600193975968532856e-01
4.683064820302818010e-01
4.288862546473409254e-01
4.339296298291933640e-01
5.332668786033730735e-01
5.209116870521041109e-01
5.061425723368715435e-01
5.059809256964276081e-01
4.582358963306212840e-01
4.638935287461609103e-01
4.537798372757153031e-01
4.059917021391238889e-01
4.232663397812382322e-01
6.519640066813944257e-01
6.822134813298130762e-01
1.002187617867341896e+00
9.554232447868958866e-01
1.062190850800150965e+00
9.679131418718680546e-01
1.017910447761193993e+00
1.063252330405733082e+00
1.048951990947788238e+00
1.112931731235519139e+00
1.080516191605151111e+00
1.077924457136699266e+00
1.122711352982380451e+00
1.136823104693140740e+00
1.168990786141494764e+00
1.260428902419311381e+00
1.331348671803437744e+00
1.294466296675467420e+00
1.292488819440702708e+00
1.348127593081523745e+00
1.248300016164664017e+00
1.237378091491998511e+00
1.186324694218438447e+00
1.119957971873484670e+00
1.064033622501212362e+00
1.042060455843526023e+00
9.841801821218815194e-01
1.050924079961204738e+00
1.070952098712215195e+00
1.063123013093377978e+00
1.097516029958510719e+00
1.214397327442211294e+00
1.291761409558704665e+00
1.385548790344307335e+00
1.541139069992995214e+00
1.582235034215205616e+00
1.718433105231963021e+00
1.685031521094886520e+00
1.600350234387628579e+00
1.661080877202435468e+00
1.569357185193167803e+00
1.576609731127754710e+00
1.737625949674012515e+00
1.683188749393825123e+00
1.663570235465272829e+00
1.583776065520771548e+00
1.362034592381055065e+00
1.376092461878333895e+00
1.356527830163263060e+00
1.355865078937442680e+00
1.347260089444474396e+00
1.257858720836251942e+00
1.260310361549652480e+00
1.250886362411767871e+00
1.033169890619106690e+00
9.201788889487579892e-01
8.030443450616950862e-01
1.054620399806023956e+00
1.894029850746268728e+00
1.958187402338487981e+00
3.067923918314564347e+00
3.370052265747077058e+00
3.456156042890242031e+00
3.314429656770299992e+00
3.466442157443827998e+00
2.401153079368500531e+00
2.228880866425992924e+00
2.075456651759254090e+00
2.065138207877579735e+00
2.056764911902580817e+00
2.144533649442319057e+00
2.049383048655638806e+00
2.182283528207338730e+00
2.297354383318066517e+00
2.279540923541139019e+00
2.426607037017080692e+00
2.436537528961689958e+00
2.272045907645885876e+00
2.096406056360795134e+00
2.039765073549221430e+00
2.159604504553047200e+00
2.259480575462040175e+00
2.090559836198071064e+00
2.131925211487688099e+00
2.417716471792661359e+00
2.364685597284336360e+00
2.382687644808448635e+00
2.376927636187294635e+00
2.576825259981680105e+00
2.572142895630152637e+00
2.710571690285036972e+00
2.574950158952529655e+00
2.177956786464787964e+00
2.224311654722776144e+00
2.380575462039980383e+00
2.585753542755536483e+00
2.765386066059593695e+00
2.807495015895252966e+00
3.196885608060779038e+00
3.205716902850368921e+00
2.849706341936526943e+00
2.661797510641737308e+00
2.676324155396303528e+00
3.084789051134220639e+00
3.285748154534188448e+00
3.633697936311223842e+00
3.600350234387628579e+00
3.711606228783878247e+00
3.855994396249797784e+00
3.933412360579772837e+00
3.739942884853709959e+00
3.708734306805323566e+00
3.489934802521687640e+00
3.449765612371356038e+00
3.293501805054151799e+00
3.253461932216175523e+00
3.263155342421466543e+00
3.007715932970526307e+00
2.521881566894768056e+00
2.628999407295651736e+00
3.019359879303841865e+00
2.772676329543617868e+00
2.608933670995204679e+00
2.516956732582574574e+00
2.347146936796163708e+00
2.194159168058623877e+00
2.130373403739425520e+00
2.184632792715124783e+00
2.351409019882536811e+00
3.536478258526860152e+00
3.388490759200387892e+00
3.289859367422813818e+00
2.832318551646101579e+00
2.368635163532518018e+00
2.316676545072471782e+00
2.880031251683819349e+00
2.952847674982488346e+00
2.776501966700791968e+00
2.907909908939059207e+00
2.671776496578479598e+00
1.834430734414569830e+00
1.179055983619807124e+00
9.187563985128509580e-01
7.684735168920738824e-01
7.122743682310469504e-01
1.618158305943208086e+00
2.225669486502505734e+00
2.157045099412683964e+00
2.133708712753919823e+00
2.000350234387628490e+00
2.617317743412899578e+00
2.612344415108572626e+00
2.680871814214127902e+00
2.542636995527776111e+00
2.135853224850476906e+00
1.569578102268441189e+00
1.270941322269518725e+00
8.582682256587100822e-01
9.089929414300339516e-01
1.008109273128940053e+00
1.980634732474810145e+00
2.268705210410043804e+00
2.286292364890349482e+00
2.520653052427393792e+00
2.985963683388113576e+00
2.996686243870898103e+00
2.845568187941160510e+00
3.631801282396680985e+00
4.434635486825798445e+00
4.268683657524650954e+00
4.228051080338380174e+00
4.200334069723584030e+00
4.283248019828654662e+00
4.773123551915512408e+00
5.032965138207877942e+00
4.840120696158198399e+00
4.438854464141386735e+00
4.594800366399051761e+00
5.595193706557465063e+00
5.342448407780591602e+00
4.280042028126515241e+00
4.076275661404170414e+00
4.645595129047901395e+00
4.454124683441995636e+00
4.072148283851500850e+00
4.351893959803868839e+00
4.736629128724607618e+00
4.351252761463441310e+00
3.248741850315211011e+00
2.400889056522442111e+00
2.108411013524435607e+00
2.191055552562099162e+00
2.008190096449161910e+00
1.770914381162778106e+00
2.957772509294681829e+00
3.472024354760493647e+00
3.750643892451102079e+00
5.984368769869066185e+00
5.835621531332507494e+00
5.303103615496524981e+00
4.165364513174201200e+00
4.404062718896492257e+00
5.596729349641683449e+00
6.734872568565116957e+00
7.975903874131149429e+00
9.898814591303411348e+00
1.229053289509132973e+01
1.391009752680640155e+01
1.475632307775203422e+01
1.327917452448946634e+01
1.188379223018481667e+01
1.060914919984912963e+01
9.714591303410744061e+00
7.206406595182929919e+00
7.213745352659087118e+00
5.957562368662104646e+00
4.024376313378953185e+00
3.647901287784902191e+00
2.744027156635594711e+00
2.718206799935341422e+00
3.157637803760978468e+00
3.036559081847082453e+00
2.740056037502020647e+00
2.916121558273613967e+00
3.109472493130017945e+00
3.041527021930060748e+00
2.903653214074034317e+00
2.755407080122851404e+00
2.526289131957540679e+00
2.359636833881135765e+00
2.246661996874831591e+00
2.168904574599924473e+00
2.153968425022899869e+00
2.322975375828439049e+00
2.247928228891642899e+00
1.826768683657524761e+00
1.844490543671533977e+00
1.905194245379600249e+00
1.958208955223880610e+00
2.788021983943100413e+00
2.832927420658440720e+00
2.794331591141764104e+00
2.853596637749878706e+00
2.678538714370386487e+00
2.407715932970526218e+00
2.445756775688345375e+00
2.438741311493076047e+00
2.264130610485478812e+00
2.255439409450940236e+00
2.326429225712592253e+00
2.193835874777736006e+00
1.755778867395872522e+00
1.586060671372379938e+00
1.604784740557142042e+00
1.606476642060455928e+00
2.324688830217145341e+00
2.319963360094832616e+00
2.391696750902526869e+00
2.560472008190096460e+00
2.661404170483323561e+00
3.041629398135675455e+00
3.337572067460531144e+00
2.936101083032490955e+00
3.870731181636941631e+00
4.891497386712646112e+00
4.877455681879411920e+00
5.185656554771269633e+00
6.127851716148499328e+00
5.958699283366560628e+00
5.888189018804892427e+00
5.776685166226628532e+00
4.306756829570558942e+00
4.214941537798372551e+00
3.944479767228837641e+00
3.892569642760924431e+00
3.721288862546473286e+00
3.547788135136591414e+00
3.073306751441349238e+00
3.304412953284121102e+00
3.259556010560913819e+00
3.132420927851716108e+00
3.153941483916159250e+00
3.504887116762756438e+00
3.609477881351365713e+00
3.599024731935987820e+00
3.673867126461554999e+00
4.429683711406864788e+00
4.255531009213858518e+00
4.039592650466080848e+00
4.239770461770569376e+00
4.237491244140309199e+00
4.178614149469260575e+00
4.232173069669702414e+00
4.136941645562799863e+00
3.638876017026779319e+00
3.322091707527345061e+00
3.256975052535158177e+00
2.878630314133304502e+00
2.829074842394525557e+00
2.585053073980279059e+00
2.332517915835982336e+00
2.250493022253354347e+00
2.057023546527291469e+00
1.811476911471523232e+00
2.696497656123713504e+00
2.517199202543240588e+00
2.307112452179535644e+00
3.700080823320222034e+00
3.881787811843310454e+00
3.860865348348510029e+00
4.173139716579557401e+00
4.855557950320599225e+00
4.759836198071016433e+00
4.538822134813297993e+00
4.532200010776442411e+00
4.441397704617705777e+00
4.467271943531439859e+00
4.525362357885661879e+00
4.590635271296944708e+00
5.132243116547227757e+00
5.750789374427501599e+00
5.492531925211487476e+00
5.632140740341613494e+00
5.994574061102429852e+00
6.043412899401907623e+00
5.695872622447329725e+00
6.142960288808664515e+00
6.045578964383857112e+00
5.893076135567649310e+00
6.751360525890403252e+00
6.883447384018535509e+00
6.780925696427609672e+00
5.935707742874077653e+00
5.569200926774072080e+00
5.569556549383048782e+00
5.371657955708820431e+00
5.054879034430734386e+00
5.143709251576054520e+00
5.170736569858290110e+00
4.481222048601756214e+00
4.351118055929737771e+00
4.232367045638234515e+00
4.240745729834581645e+00
4.458397542971065164e+00
4.545508917506331237e+00
4.431817447060725002e+00
4.502758769330243993e+00
4.340955870467158917e+00
4.061652028665337255e+00
3.767412037286491877e+00
3.724721159545234084e+00
3.923438762864378315e+00
3.848386227706233953e+00
3.768484293334770197e+00
3.784745945363435560e+00
3.882429010183738427e+00
3.566404439894391043e+00
3.571641791044775971e+00
4.036634516945956541e+00
4.112328250444527988e+00
3.920092677407188031e+00
3.970962875154911309e+00
4.123724338595829764e+00
3.821692979147583547e+00
3.342410690231154557e+00
3.512737755266986284e+00
3.621622932270057493e+00
3.383803006627512211e+00
3.386292364890349571e+00
3.520415970688075991e+00
3.561183253408049865e+00
3.625831133142949358e+00
3.800393340158413569e+00
3.987035939436391896e+00
3.904967940082978650e+00
3.935044991648256829e+00
3.930917614095587265e+00
3.759421305027210725e+00
3.509774233525513321e+00
3.441672503906460623e+00
3.141677892127808569e+00
3.019063527129694613e+00
2.854447976722883862e+00
2.826192143973274451e+00
2.717624872029742900e+00
3.018718680963413892e+00
3.072450024246995870e+00
2.751624548736462117e+00
2.915717441672503796e+00
3.307829085618837262e+00
3.168268764480844712e+00
2.788873322916105568e+00
2.724042243655369511e+00
2.660461231747400124e+00
2.425599439624979592e+00
2.615361819063527271e+00
2.761371841155234819e+00
2.764534727086588539e+00
2.740815776712107521e+00
2.899870682687645029e+00
2.873075057923379472e+00
2.985484131688129761e+00
2.988523088528476812e+00
2.720162724284713729e+00
2.630578156150654490e+00
2.518206799935341245e+00
2.410313055660326498e+00
2.502667169567325711e+00
2.539765073549221430e+00
2.720997898593674247e+00
2.824882806185677886e+00
2.880316827415270176e+00
3.126208308637318911e+00
3.286718034376852060e+00
3.424047631876717457e+00
3.519246726655531177e+00
3.336413599870682756e+00
3.143709251576054964e+00
2.958543024947464684e+00
2.593959803868743030e+00
2.462573414515868198e+00
2.560164879573252783e+00
2.645654399482730845e+00
2.344873107387251299e+00
2.145045530470391704e+00
2.171135298238051625e+00
2.092618136753057634e+00
1.853936095694811215e+00
2.485780483862277013e+00
2.823492645077859908e+00
3.173463009860445272e+00
3.223643515275607552e+00
3.321687590926235334e+00
3.442636995527776467e+00
3.348132981302871958e+00
3.317727248235357695e+00
3.381976399590495230e+00
3.413276577401799461e+00
3.439867449754836048e+00
3.426914165633924370e+00
3.435680801767336590e+00
3.355800420281265239e+00
3.321682202704887121e+00
3.789476803707096497e+00
3.876636672234495595e+00
4.059652998545180580e+00
3.872455412468344349e+00
4.369664313810011080e+00
5.050396034269088119e+00
4.676625895791799437e+00
4.443165041219893752e+00
4.813454388706287723e+00
4.878926666307451754e+00
4.967913141871868277e+00
4.926343014171021828e+00
4.841979632523304211e+00
4.713535212026510379e+00
4.792672018966539049e+00
4.709450940244625627e+00
4.252669863678000262e+00
4.186093000700468636e+00
4.204601541031305345e+00
4.317490166496039450e+00
4.307969179373889013e+00
3.944199579718735027e+00
3.786163047577994600e+00
4.461436499811412659e+00
4.723681232825044596e+00
4.576135567649118663e+00
4.555574114984643153e+00
4.600889056522442289e+00
4.700269411067406367e+00
4.864734091276469385e+00
4.923460315749770722e+00
4.825400075435099190e+00
4.717016003017404202e+00
4.154000754350988700e+00
4.103044345061695353e+00
3.940540977423352409e+00
3.669400290963952926e+00
3.808734306805323655e+00
4.181222048601756391e+00
4.195770246241715462e+00
4.116897462147744768e+00
4.165046608114661097e+00
4.337965407618945335e+00
4.376108626542378310e+00
4.169691254916751966e+00
4.059388975699121715e+00
3.828180397650735589e+00
4.091405786949727563e+00
4.146602726440002051e+00
3.801438655099951713e+00
3.653488873322916053e+00
3.853801390161107676e+00
3.783722183307290265e+00
3.520701546419526817e+00
3.398685273991055578e+00
3.434333746430303425e+00
3.495727140470930472e+00
3.358850153564308272e+00
3.257734791745245051e+00
3.358763942022738203e+00
3.240427824775041543e+00
2.979853440379330642e+00
2.971383156420065674e+00
3.170246241715609870e+00
3.060164879573252783e+00
3.037830702085241530e+00
2.881378307020852514e+00
2.887299962282450672e+00
2.730879896546150043e+00
2.740664906514359789e+00
2.879573252869227939e+00
3.041667115685112499e+00
3.121412791637480311e+00
3.223767444366614665e+00
3.394978177703539934e+00
3.296309068376528817e+00
2.879481653106309658e+00
2.725831133142949447e+00
2.875235734683980748e+00
2.798480521579826519e+00
2.910679454711999625e+00
2.871862708120049401e+00
3.026574707688991950e+00
3.096562314779891079e+00
3.091244140309283850e+00
3.149065143596098793e+00
3.029311924133843537e+00
3.085074626865671465e+00
3.120232771162239516e+00
3.188151301255455650e+00
3.297408265531548199e+00
3.297467535966377650e+00
3.244312732367045538e+00
3.311994180720943870e+00
3.295285306320383523e+00
3.138412629990840141e+00
3.029500511881027869e+00
2.919699337248774285e+00
3.009817339296298133e+00
3.285300932162293019e+00
3.333929629829193164e+00
3.282310469314079437e+00
3.597058031143919532e+00
3.743014171022145398e+00
3.714047093054582582e+00
