1.293717653824036695e+00
1.192883841288096658e+00
1.226365727429557184e+00
1.258093732029902156e+00
1.110048878665899963e+00
9.977573317998850166e-01
7.571161587119034087e-01
6.946952271420356873e-01
5.805060379528464987e-01
4.993387004025302001e-01
4.820299022426681734e-01
4.833956296722254353e-01
4.624209315698677436e-01
4.728723404255318896e-01
4.805204140310523342e-01
4.754456584243818562e-01
4.914606095457159096e-01
4.769838987924094331e-01
4.598332374928119637e-01
4.663599769982748611e-01
4.611414606095456947e-01
4.551322599194939644e-01
4.680707303047728640e-01
4.583668775158136754e-01
4.783064979873490330e-01
4.944652098907418303e-01
4.637004025301897370e-01
4.656555491661874546e-01
4.710322024151811227e-01
4.615152386428982290e-01
4.800891316848763801e-01
4.708884416331224898e-01
4.720960322024151945e-01
4.787521564117308559e-01
4.800460034502587736e-01
4.719666474985623750e-01
4.590569292696952131e-01
4.486774008050603557e-01
4.789246693502012819e-01
4.684445083381253427e-01
4.833525014376078288e-01
4.631397354801610189e-01
4.548159861989649055e-01
4.674956871765382216e-01
4.649223691776883105e-01
4.715784933870040274e-01
4.990799309948246165e-01
4.644910868315123564e-01
4.588700402530189737e-01
4.607676825761932160e-01
4.752443933294996925e-01
4.713484761357101815e-01
4.523433007475560763e-01
4.407993099482461208e-01
4.649942495687176547e-01
4.498706152961471916e-01
4.503594019551466210e-01
4.621477860839562912e-01
4.592438182863714524e-01
4.434301322599195072e-01
4.495112133410005817e-01
4.540109258194364728e-01
4.685882691201840311e-01
4.697096032202415228e-01
4.706871765382403816e-01
4.667481311098332641e-01
4.804629097182288588e-01
4.838269120184013894e-01
4.825761932144910782e-01
4.981454859114433642e-01
4.711472110408280733e-01
4.815986198964922194e-01
4.844163312248418451e-01
4.593732029902242719e-01
4.677688326624496740e-01
4.767107533064979807e-01
4.887866589994249722e-01
4.615727429557217043e-01
4.697527314548591293e-01
4.430132259919494220e-01
4.425675675675675436e-01
4.612852213916043831e-01
4.594163312248418785e-01
4.457446808510638347e-01
4.492093156986773916e-01
4.705865439907992998e-01
4.661874640598044905e-01
4.631397354801610189e-01
4.772857964347326232e-01
4.874209315698677658e-01
4.767251293847038496e-01
4.660437032777458577e-01
4.820730304772857799e-01
4.669781483611271100e-01
4.649223691776883105e-01
4.640741805635422712e-01
4.729010925819436273e-01
4.554916618746405743e-01
4.581943645773433049e-01
4.768976423231742201e-01
4.605520414031052390e-01
4.405405405405405372e-01
4.549309948246118562e-01
4.509056929269695257e-01
4.622627947096032419e-01
4.682863714778608411e-01
4.504887866589994405e-01
4.654830362277170841e-01
4.770989074180563283e-01
4.740368027602069878e-01
4.543559516963772138e-01
4.469522714203565394e-01
4.573749281196089478e-01
4.621621621621621601e-01
4.673375503162737199e-01
4.865871190339275398e-01
4.811817136285221341e-01
4.653824036802760022e-01
4.678550891316848870e-01
4.599482461184588589e-01
4.292696952271420341e-01
4.508913168487636569e-01
4.752012650948821415e-01
4.679269695227142312e-01
4.768832662449683513e-01
4.721535365152386698e-01
4.467366302472685624e-01
4.741518113858539385e-01
4.611845888441633012e-01
4.586112708453133902e-01
4.450115008625646906e-01
4.501581368602645128e-01
4.564117308798160133e-01
4.644479585968947499e-01
4.583812535940195443e-01
4.751868890166762727e-01
4.599769982748705965e-01
4.529039677975847944e-01
4.358108108108108003e-01
4.447527314548591071e-01
4.562679700977573249e-01
4.545428407130534532e-01
4.753018976423231678e-01
4.765094882116158725e-01
4.514519838987924305e-01
4.500287521564117488e-01
4.625934445083381141e-01
4.594019551466360096e-01
4.743387004025301779e-01
4.773720529039677807e-01
4.817280046003450389e-01
4.786946520989074361e-01
4.657849338700402742e-01
4.762938470385278955e-01
4.872196664749856021e-01
4.632691201840137829e-01
4.593444508338125343e-01
4.801753881541115376e-01
4.998562392179413671e-01
4.972110408280621119e-01
4.849913743530764876e-01
4.691058079355951427e-01
4.818861414606095406e-01
4.735623921794134827e-01
4.796578493387004261e-01
4.898936170212765950e-01
4.612852213916043831e-01
4.752875215641172990e-01
4.629672225416906484e-01
4.659143185738930382e-01
4.750143760782058466e-01
4.667337550316273953e-01
4.729298447383553650e-01
4.537234042553191515e-01
4.472254169062679918e-01
4.524295572167912338e-01
4.532346175963197221e-01
4.778033352501437347e-01
4.581081081081080919e-01
4.755031627372052760e-01
4.378522139160437310e-01
4.578493387004025084e-01
4.716503737780333716e-01
4.725991949396204928e-01
4.806929269695227047e-01
4.675388154111558281e-01
4.514232317423806928e-01
4.435882691201840089e-01
4.421506612995974583e-01
4.695227142035652834e-01
4.473548016101207558e-01
4.647354801610120711e-01
4.864721104082806447e-01
4.811960897067280030e-01
4.695083381253594146e-01
4.845744680851064023e-01
4.522139160437032568e-01
4.654255319148936088e-01
4.729585968947671026e-01
4.713628522139160504e-01
4.831368602645198518e-01
4.611414606095456947e-01
4.649798734905117858e-01
4.675244393329499593e-01
4.758481886141460726e-01
5.066848763657274546e-01
5.014951121334100259e-01
4.844450833812535828e-01
4.581081081081080919e-01
4.584531339850488885e-01
4.673375503162737199e-01
4.686601495112133198e-01
4.734617596319724009e-01
4.857964347326049204e-01
4.775158136860264690e-01
4.673231742380678511e-01
4.881972397929844609e-01
4.638010350776308188e-01
4.583525014376078066e-01
4.580218516388729344e-01
4.686889016676250574e-01
4.605089131684876325e-01
4.837694077055779140e-01
4.727860839562967321e-01
4.801753881541115376e-01
4.758050603795284661e-01
4.707590569292696703e-01
5.032202415181138422e-01
4.873921794134560281e-01
5.000431282346176065e-01
4.902961472110408114e-01
4.789102932719954131e-01
4.731311098332374732e-01
4.653248993674525824e-01
4.738786658999424861e-01
4.466216216216216117e-01
4.535796434732605187e-01
4.533927544565842238e-01
4.725273145485911486e-01
4.639735480161011894e-01
4.409143185738930160e-01
4.627084531339850648e-01
4.877084531339850315e-01
5.093732029902242608e-01
4.784502587694077214e-01
4.869608970672800186e-01
4.927257044278320897e-01
4.775876940770557577e-01
4.867452558941920415e-01
4.599769982748705965e-01
4.486055204140310670e-01
4.434445083381253760e-01
4.478148361127084476e-01
4.586543990799309967e-01
4.675531914893616969e-01
4.554916618746405743e-01
4.672944220816561134e-01
4.496981023576768211e-01
4.705721679125934309e-01
4.671506612995974805e-01
4.715784933870040274e-01
4.389591719378953538e-01
4.695802185163887033e-01
4.532346175963197221e-01
4.503881541115583587e-01
4.763513513513513709e-01
4.790828062104657836e-01
4.618171362852214190e-01
4.700977573317998703e-01
4.540253018976423416e-01
4.898504887866589885e-01
4.621621621621621601e-01
4.755894192064404891e-01
5.041834387579068322e-01
4.898361127084531197e-01
4.352213916043703446e-01
4.587550316273720785e-01
4.719235192639447685e-01
4.800891316848763801e-01
4.699108683151236310e-01
4.765669925244393479e-01
4.904255319148936310e-01
4.857389304197815005e-01
5.014088556641748129e-01
5.034502587694077436e-01
4.787377803335249871e-01
4.726423231742380437e-01
4.747556066705002631e-01
4.622340425531915042e-01
4.582949971247843313e-01
4.581943645773433049e-01
4.546434732604945350e-01
4.892179413456009263e-01
4.764232317423806595e-01
4.658424381828636940e-01
4.699252443933294998e-01
4.624209315698677436e-01
4.451408855664174546e-01
4.659430707303047758e-01
4.448821161587119266e-01
4.391173087981598555e-01
4.496262219666474769e-01
4.648504887866590218e-01
4.688757906843012968e-01
4.627084531339850648e-01
4.764232317423806595e-01
4.663599769982748611e-01
4.680132259919493887e-01
4.686889016676250574e-01
5.013657274295572064e-01
4.981598619896492330e-01
4.752731454859114302e-01
4.479010925819436606e-01
4.567280046003450167e-01
4.791115583668775213e-01
4.841000575043128418e-01
4.687032777458309263e-01
4.916762507188038867e-01
4.658280621046578251e-01
4.801178838412881178e-01
4.874353076480735791e-01
4.906267970097757392e-01
4.718085106382978733e-01
4.877515813686026380e-01
4.785940195514663542e-01
4.715353651523864209e-01
4.435451408855664024e-01
4.582806210465785179e-01
4.791834387579068655e-01
4.734042553191489255e-01
4.691345600920068803e-01
4.758050603795284661e-01
4.595600920069005113e-01
4.607820586543990848e-01
4.643760782058654613e-01
4.846319723979298222e-01
5.000287521564117377e-01
4.863571017826336940e-01
4.674381828637148018e-01
4.563254744105808003e-01
4.802041403105232753e-01
4.669350201265095035e-01
4.687464059804485328e-01
4.652530189764232382e-01
4.793990799309948425e-01
4.766963772282921119e-01
4.896348476135710115e-01
4.670069005175387922e-01
4.561960897067279808e-01
4.697527314548591293e-01
4.464491086831512412e-01
4.617452558941920748e-01
4.889160437032777362e-01
4.870902817711328381e-01
4.726566992524439126e-01
4.605376653248993701e-01
4.767538815411155873e-01
4.757619321449108596e-01
4.810667050028752390e-01
4.599769982748705965e-01
4.539677975848188662e-01
4.635566417481311041e-01
4.610408280621046684e-01
4.449539965497412153e-01
4.542696952271420563e-01
4.638010350776308188e-01
4.670787809085681364e-01
4.577918343875790885e-01
4.420931569867739830e-01
4.650517538815411300e-01
4.819580218516388848e-01
4.959028177113283253e-01
4.802041403105232753e-01
4.732604945370902927e-01
4.631972397929844942e-01
4.800891316848763801e-01
4.686026451983898999e-01
4.757331799884991219e-01
4.868602645198389922e-01
4.886860264519838903e-01
4.849338700402530122e-01
5.002731454859113969e-01
4.810954571592869211e-01
4.756037952846463579e-01
4.633410005750431271e-01
4.689045428407130345e-01
4.742811960897067025e-01
4.964203565267394924e-01
4.935882691201839978e-01
4.854801610120759170e-01
4.851063829787233828e-01
4.777314548591144461e-01
4.511500862564692405e-01
4.493099482461184735e-01
4.494968372627947129e-01
4.610695802185164061e-01
4.812679700977573471e-01
4.885422656699252575e-01
5.011213341000575472e-01
4.851926394479585958e-01
4.751006325474410596e-01
4.718947671075330863e-01
4.782777458309372953e-01
4.781052328924669248e-01
5.083525014376077955e-01
4.985767682576193183e-01
4.819148936170212782e-01
4.892035652673950574e-01
4.807073030477285736e-01
4.723548016101207780e-01
4.912880966072455391e-01
4.808510638297872064e-01
4.732604945370902927e-01
4.721104082806210633e-01
4.628665899942495665e-01
4.741518113858539385e-01
4.672225416906268247e-01
4.644623346751006188e-01
4.825761932144910782e-01
4.807648073605520489e-01
4.437176538240368284e-01
4.621621621621621601e-01
4.797297297297297147e-01
4.711328349626222045e-01
4.666906267970097888e-01
4.708453133985048833e-01
4.761213341000575250e-01
4.898792409430707262e-01
4.671362852213916117e-01
4.709028177113283586e-01
4.630966072455434124e-01
4.701265094882116080e-01
4.702846463484761097e-01
4.777027027027027084e-01
4.785652673950546165e-01
4.707446808510638570e-01
4.712047153536515487e-01
4.803335250143760948e-01
4.643904542840713301e-01
4.631972397929844942e-01
4.818573893041978029e-01
4.910724554341575621e-01
4.553191489361702038e-01
4.686313973548016376e-01
4.652098907418056317e-01
4.592294422081656391e-01
4.364577343300747314e-01
4.726423231742380437e-01
4.792121909143185476e-01
4.859833237492812152e-01
4.652386428982173694e-01
4.618458884416331012e-01
4.925819436457734568e-01
4.950833812535940237e-01
4.643041978148361171e-01
4.813829787234042423e-01
4.571592869465209708e-01
4.776595744680851019e-01
4.583237492811960689e-01
4.694220816561242016e-01
4.559804485336400037e-01
4.723691776883266469e-01
4.862995974698102186e-01
4.737492811960897221e-01
4.568142610695802297e-01
4.669350201265095035e-01
4.776595744680851019e-01
4.929413456009200667e-01
4.616302472685451241e-01
4.540540540540540793e-01
4.630247268545140682e-01
4.712190914318573620e-01
4.729010925819436273e-01
4.786515238642898296e-01
4.853364002300172286e-01
4.795140885566417377e-01
4.747268545140885809e-01
4.774870615296147314e-01
4.627084531339850648e-01
4.658855664174813005e-01
4.255462909718228937e-01
4.437320299022426418e-01
4.510638297872340274e-01
4.705434157561816932e-01
4.946664749856239385e-01
4.559516963772282661e-01
4.532489936745255910e-01
4.612420931569867766e-01
4.896204715353651427e-01
4.786658999424956984e-01
4.536227717078780697e-01
4.801466359976998000e-01
4.774870615296147314e-01
4.729298447383553650e-01
4.635710178263369730e-01
4.552041403105233086e-01
4.437751581368602483e-01
4.628522139160436977e-01
4.795140885566417377e-01
4.776739505462909707e-01
4.751868890166762727e-01
4.854082806210465728e-01
4.820586543990799111e-01
4.817855089131685142e-01
4.622340425531915042e-01
4.552472685451408596e-01
4.663312248418631234e-01
4.670356526739505298e-01
4.817998849913743276e-01
4.870327774583093627e-01
4.677832087406555428e-01
4.758338125359402038e-01
4.630103507763081994e-01
4.804197814836112523e-01
5.069292696952271138e-01
4.809229442208165506e-01
4.781771132834962690e-01
5.017538815411155539e-01
4.703565267395054539e-01
4.742955721679125713e-01
4.695514663599770211e-01
4.793990799309948425e-01
4.828493387004025306e-01
4.819436457734330159e-01
4.843444508338125565e-01
4.763225991949396332e-01
4.841431857389303928e-01
4.920069005175388144e-01
4.936026451983898666e-01
4.694508338125359392e-01
4.754456584243818562e-01
4.912162162162161949e-01
4.813973548016101112e-01
4.812679700977573471e-01
4.511357101782633716e-01
4.492955721679126047e-01
4.803047728579643572e-01
4.865871190339275398e-01
4.999281196089706558e-01
4.917193789534214932e-01
4.322599194939620304e-01
4.507188039102932864e-01
4.698821161587118933e-01
4.658424381828636940e-01
4.719235192639447685e-01
4.915181138585393850e-01
4.588987924094307114e-01
4.725704427832087551e-01
4.888585393904542609e-01
4.850345025876940941e-01
4.568573893041978362e-01
4.786371477860839607e-01
4.999856239217941312e-01
4.790396779758481771e-01
4.746549741230592367e-01
4.897067280046003557e-01
4.812823461759632160e-01
4.783064979873490330e-01
4.849769982748706187e-01
4.652817711328349759e-01
4.764232317423806595e-01
4.873490511788384216e-01
4.906124209315698703e-01
4.622484186313973731e-01
4.732461184588844239e-01
4.689907993099482475e-01
4.810092006900517636e-01
4.647067280046003335e-01
4.682432432432432345e-01
4.606814261069580030e-01
4.583381253594019378e-01
4.703565267395054539e-01
4.645629672225417006e-01
4.857101782633697629e-01
4.829643473260494813e-01
4.880678550891316969e-01
4.903680276020701556e-01
4.807648073605520489e-01
4.953277745830937384e-01
4.729442208165612338e-01
4.620471535365152649e-01
4.719091431857389551e-01
4.658568142610695628e-01
4.462334675100632642e-01
4.561817136285221119e-01
4.682719953996549722e-01
4.826480736055204224e-01
4.798591144335825343e-01
4.773576768257619118e-01
4.706152961472110374e-01
4.876078205865440052e-01
4.673806785508913264e-01
4.926106958021851390e-01
4.670356526739505298e-01
4.635422656699252353e-01
4.947527314548590960e-01
4.692064404830362245e-01
4.632691201840137829e-01
4.565842438182863838e-01
4.804772857964347277e-01
4.382691201840138162e-01
4.397067280046003668e-01
4.394910868315123897e-01
4.485336400230017229e-01
4.695227142035652834e-01
4.556210465784933938e-01
4.819005175388154094e-01
4.868746405980448611e-01
4.833093732029902223e-01
4.813829787234042423e-01
4.571880391029327084e-01
4.842150661299597370e-01
4.906555491661874768e-01
4.760925819436457873e-01
4.516388729154686699e-01
4.672944220816561134e-01
4.705865439907992998e-01
4.897929844738355132e-01
4.848907418056354057e-01
4.646923519263944646e-01
4.382259919493962097e-01
4.634128809660724713e-01
4.816273720529039570e-01
4.490655549166187588e-01
4.591863139735480326e-01
4.749281196089706891e-01
4.693070730304773064e-01
4.419637722829212190e-01
4.620040253018976584e-01
4.712334675100632309e-01
4.658136860264519563e-01
4.642754456584243794e-01
4.739936745255894368e-01
4.628234617596319600e-01
4.497268545140885587e-01
4.701840138010350834e-01
4.649079930994824417e-01
4.711472110408280733e-01
4.797153536515238459e-01
4.991949396204715117e-01
4.849626221966647499e-01
4.916331224841863357e-01
4.822455434157562060e-01
4.600201265094882030e-01
4.749856239217941090e-01
4.720241518113858503e-01
4.649079930994824417e-01
4.838269120184013894e-01
4.994537090281770952e-01
4.865439907993099333e-01
4.792840713053478918e-01
4.839131684876365469e-01
4.722110408280620897e-01
4.654686601495112153e-01
4.820874065554916488e-01
4.568573893041978362e-01
4.768257619321449314e-01
4.713341000575043127e-01
4.726423231742380437e-01
4.767970097757331938e-01
4.557791834387578955e-01
4.670500287521563987e-01
4.824611845888441830e-01
4.738499137435307484e-01
4.824755606670500518e-01
4.810954571592869211e-01
4.839275445658424157e-01
4.725416906267970174e-01
4.740368027602069878e-01
4.737492811960897221e-01
4.814117308798159800e-01
4.922081656124209226e-01
4.678407130534790181e-01
4.615439907993099666e-01
4.773289246693501742e-01
4.642323174238067729e-01
4.629097182288671730e-01
4.801610120759056688e-01
4.877372052903967692e-01
5.062248418631397628e-01
4.716791259344451093e-01
4.647211040828062023e-01
4.648936170212765728e-01
4.851207590569292516e-01
4.624353076480736124e-01
4.749424956871765580e-01
4.942351926394479844e-01
5.017970097757331605e-01
4.879384703852788774e-01
5.003018976423231345e-01
5.091719378953420971e-01
4.559804485336400037e-01
4.823749281196089700e-01
4.647786083956296777e-01
4.658280621046578251e-01
4.610695802185164061e-01
4.550316273720528826e-01
4.631684876365727566e-01
4.646492236917768581e-01
4.595169637722829048e-01
4.645342150661299629e-01
4.708309373202990145e-01
4.764951121334100037e-01
4.828493387004025306e-01
4.767251293847038496e-01
4.768401380103508003e-01
4.966647498562392071e-01
4.942208165612421156e-01
4.763225991949396332e-01
4.783783783783783772e-01
4.670500287521563987e-01
4.729729729729729715e-01
4.910005750431282179e-01
4.868315123634272545e-01
4.965353651523864431e-01
4.732317423806785550e-01
5.063110983323749759e-01
4.899367452558942015e-01
4.695802185163887033e-01
4.700690051753881327e-01
4.383553766532489737e-01
4.610983323749281437e-01
4.849482461184588811e-01
4.667481311098332641e-01
4.638297872340425565e-01
4.761357101782633938e-01
4.754169062679701185e-01
4.704427832087406669e-01
4.732317423806785550e-01
4.897786083956296999e-01
4.967941345600920267e-01
4.836831512363427010e-01
4.695370902817711523e-01
4.869033927544565987e-01
4.876365727429557428e-01
4.809948246118458948e-01
4.808079355951696554e-01
4.760638297872340496e-01
4.844019551466359763e-01
4.840281771132834976e-01
5.013944795859689441e-01
4.845888441633122712e-01
4.750287521564117155e-01
4.818573893041978029e-01
4.750575043128234531e-01
4.936889016676250797e-01
4.703421506612995850e-01
4.606526739505462653e-01
4.774008050603795184e-01
4.835968947671075435e-01
4.484330074755606410e-01
4.475129384703852575e-01
4.911874640598045128e-01
4.819148936170212782e-01
4.562248418631397184e-01
4.552616446233467284e-01
4.742236917768832827e-01
4.924813110983323750e-01
4.837981598619896517e-01
4.723979298447383290e-01
4.599626221966647277e-01
4.843732029902242942e-01
4.849913743530764876e-01
4.570155261644623379e-01
4.884272570442783068e-01
4.660580793559516710e-01
4.756469235192639644e-01
4.704859114433582734e-01
4.719378953421506373e-01
4.529039677975847944e-01
4.444795859689476547e-01
4.500287521564117488e-01
4.622196664749856354e-01
4.669062679700977658e-01
4.652530189764232382e-01
4.634416331224842089e-01
4.819436457734330159e-01
4.763225991949396332e-01
4.697814836112708670e-01
4.777170787809085772e-01
4.521851638872915191e-01
4.612852213916043831e-01
4.607533064979873472e-01
4.642610695802185106e-01
4.652961472110408447e-01
4.771995399654974102e-01
4.852788959171938088e-01
4.753737780333525120e-01
4.750718803910293220e-01
4.745543415756181549e-01
4.945083381253593813e-01
4.747556066705002631e-01
4.917337550316273620e-01
4.945658424381828566e-01
5.019695227142035865e-01
4.664174813110983364e-01
4.719810235767682438e-01
4.879672225416906151e-01
4.899942495687176769e-01
4.782202415181138755e-01
4.828780908568142682e-01
4.427113283496262319e-01
4.550172512938470137e-01
4.632691201840137829e-01
4.574899367452558985e-01
4.565123634272570396e-01
4.829068430132260059e-01
4.857389304197815005e-01
4.771420356526739348e-01
4.803622771707878325e-01
4.785940195514663542e-01
4.766676250718803742e-01
4.659143185738930382e-01
4.816848763657274324e-01
4.749568717653824268e-01
4.810235767682576324e-01
4.665181138585393628e-01
4.827630822311673175e-01
4.860983323749281104e-01
4.872052903967797333e-01
4.898792409430707262e-01
4.787090281771133049e-01
4.816561242093156947e-01
4.796434732604945572e-01
4.779614721104082919e-01
4.932863714778608633e-01
4.923231742380678733e-01
4.792265669925244165e-01
4.931282346175963061e-01
4.766101207590569544e-01
4.834818861414605928e-01
4.759775733179988366e-01
4.655692926969522971e-01
4.445945945945946054e-01
4.792409430707302853e-01
4.770989074180563283e-01
4.917768832662449685e-01
4.893473260494536903e-01
4.826768257619321600e-01
4.677257044278320675e-01
4.369177688326624232e-01
4.507475560667050241e-01
4.749281196089706891e-01
4.560092006900517414e-01
4.769838987924094331e-01
4.689332949971247722e-01
4.755750431282346202e-01
5.010494537090282030e-01
4.839994249568717599e-01
4.824755606670500518e-01
4.905261644623346573e-01
4.709890741805635161e-01
4.485480161012075917e-01
4.478004600345025787e-01
4.514232317423806928e-01
4.707590569292696703e-01
4.857389304197815005e-01
4.777889591719379214e-01
4.931282346175963061e-01
4.943789534215066173e-01
4.647929844738355465e-01
4.624209315698677436e-01
4.851782633697527269e-01
4.904974123059229196e-01
4.777170787809085772e-01
4.698964922369177621e-01
4.759488211615870989e-01
4.773576768257619118e-01
4.694652098907418081e-01
4.701121334100057392e-01
4.814261069580218488e-01
5.100920069005175916e-01
4.685307648073605558e-01
4.712047153536515487e-01
4.945083381253593813e-01
4.802472685451408818e-01
4.952846463484761319e-01
4.865727429557216710e-01
4.758625646923519414e-01
4.758338125359402038e-01
4.770701552616446461e-01
4.772570442783208855e-01
4.789821736630247018e-01
4.594882116158711671e-01
4.629959746981023305e-01
4.765526164462334791e-01
4.797297297297297147e-01
4.986774008050604001e-01
4.786515238642898296e-01
