2.432261370178468667e+02
2.447807426597582037e+02
2.437892343120322494e+02
2.437118307426597710e+02
2.437589810017271077e+02
2.451654864709268793e+02
2.446618307426597596e+02
2.446289579735175721e+02
2.446988198042602107e+02
2.447392343120322380e+02
2.446361830742659720e+02
2.444805123776626488e+02
2.444436096718480087e+02
2.441662924582613812e+02
2.442071963154864704e+02
2.442326712723085791e+02
2.441314047207829674e+02
2.441313183649971279e+02
2.442028209556706884e+02
2.441659758203799697e+02
2.440556131260794359e+02
2.439535405872193508e+02
2.439874784110535302e+02
2.438867587795049019e+02
2.438595567069660319e+02
2.438163212435233049e+02
2.436255900978698890e+02
2.436430915371329888e+02
2.435676453655728153e+02
2.434560161197466925e+02
2.433232584916522683e+02
2.432108520437535901e+02
2.431780368451352956e+02
2.429649971214738002e+02
2.427379389752446741e+02
2.425752446747265481e+02
2.424901842256764439e+02
2.423876223373632683e+02
2.423478123200921175e+02
2.424722510074841750e+02
2.424577144502015074e+02
2.426007772020725497e+02
2.426746401842256660e+02
2.427873920552677021e+02
2.428530512377662660e+02
2.428647380541162875e+02
2.429206966033390813e+02
2.429238341968911925e+02
2.427998560736902789e+02
2.427033678756476718e+02
2.425605354058722014e+02
2.425654001151410455e+02
2.425164075993091615e+02
2.424730282095567020e+02
2.421410765687967626e+02
2.418780080598733377e+02
2.419460852043753505e+02
2.419024467472654010e+02
2.418757052389176749e+02
2.419375647668393867e+02
2.419638169257340223e+02
2.419782959124927970e+02
2.419593264248704543e+02
2.420957685664939447e+02
2.420689694876223257e+02
2.421159182498560654e+02
2.424000000000000057e+02
2.424645941278065493e+02
2.425892918825561253e+02
2.427247553252734633e+02
2.428035693724812916e+02
2.428400402993667342e+02
2.429836211859527850e+02
2.431044617156016159e+02
2.429816062176165872e+02
2.430766839378238444e+02
2.429356937248128929e+02
2.429953367875647530e+02
2.431155152561888428e+02
2.430893206678180718e+02
2.431371042026482314e+02
2.432195451928612613e+02
2.432158318940702486e+02
2.431698618307426614e+02
2.431666666666666572e+02
2.432183362118595369e+02
2.432284398388025295e+02
2.431582325849165329e+02
2.431796200345423244e+02
2.430970063327576156e+02
2.430219631548647214e+02
2.430558146229130614e+02
2.429296776050662174e+02
2.427551525618883090e+02
2.428634139320667771e+02
2.427515256188831358e+02
2.424517846862406429e+02
2.423859240069084535e+02
2.423466033390903931e+02
2.423737190558433952e+02
2.423628670120898221e+02
2.423947610823258572e+02
2.423103051237766294e+02
2.423170408750719673e+02
2.423273747841105319e+02
2.422204951065054672e+02
2.423503454231433523e+02
2.423439263097294258e+02
2.422936672423718960e+02
2.423610247553252748e+02
2.423838514680483627e+02
2.424085204375359694e+02
2.423715601611974648e+02
2.424227115716753076e+02
2.423449337938975248e+02
2.422130109383995489e+02
2.421831606217616581e+02
2.420189982728842892e+02
2.419447322970638936e+02
2.419871905584340936e+02
2.420062751871041939e+02
2.420368451352907186e+02
2.420981289579735289e+02
2.419129533678756445e+02
2.418089810017271191e+02
2.419077144502014960e+02
2.419130109383995375e+02
2.417858664363845662e+02
2.417843408175014304e+02
2.417382843983880321e+02
2.416852907311456420e+02
2.417759643062751991e+02
2.417175877950489280e+02
2.415945883707541668e+02
2.415571963154864648e+02
2.415248704663212322e+02
2.412207541738629857e+02
2.411612550374208297e+02
2.411166090961427813e+02
2.412341968911917149e+02
2.412800518134715162e+02
2.413864133563615439e+02
2.412946171560161304e+02
2.412610535405872270e+02
2.414986470926885431e+02
2.415661773172135725e+02
2.417687679907887173e+02
2.418963442717328860e+02
2.419579159470351044e+02
2.420801669545192851e+02
2.420244099021301167e+02
2.421235751295336911e+02
2.421795336787564850e+02
2.422981577432354641e+02
2.422223085780080680e+02
2.421849165227403660e+02
2.420223373632699975e+02
2.418865572826712764e+02
2.419894933793897565e+02
2.419378814047207698e+02
2.420239781232009193e+02
2.422181922855498044e+02
2.421548359240069033e+02
2.421553252734599937e+02
2.422204663212435207e+02
2.422578008059873298e+02
2.423470926885434551e+02
2.424062176165803066e+02
2.423933218192285608e+02
2.422650259067357581e+02
2.422358376511226368e+02
2.423548934945308133e+02
2.422795624640184258e+02
2.422721070811744255e+02
2.422841393206678049e+02
2.421791306850892340e+02
2.420591824985607445e+02
2.419468048359240129e+02
2.419730282095567020e+02
2.421042026482440974e+02
2.420243523316062237e+02
2.420096718480138236e+02
2.419678180771445000e+02
2.420164651698330545e+02
2.422564191134139264e+02
2.422504605641911439e+02
2.423340817501439233e+02
2.422403857225100694e+02
2.422879965457685785e+02
2.422310592976396038e+02
2.422493091537133125e+02
2.423275762809441574e+02
2.424405008635578724e+02
2.423991076568796643e+02
2.422040299366724128e+02
2.420381692573402290e+02
2.420058721934369714e+02
2.420337651122625289e+02
2.420282671272308619e+02
2.420934081750143889e+02
2.421409326424870585e+02
2.420812895797351700e+02
2.419821819228554887e+02
2.420170120898100095e+02
2.420968911917098580e+02
2.421546919976971708e+02
2.420406735751295457e+02
2.420009499136442059e+02
2.420229706390328204e+02
2.419534254461715648e+02
2.420731433506044823e+02
2.420898100172711622e+02
2.421281807714450167e+02
2.420698042602187741e+02
2.418029648819804152e+02
2.417006908462867045e+02
2.415454519286125503e+02
2.415610823258491564e+02
2.415756188831318241e+02
2.416536269430051789e+02
2.415924006908462900e+02
2.415078871617731693e+02
2.415156879677604991e+02
2.415649395509499016e+02
2.416815774323546293e+02
2.415435808865860565e+02
2.415360391479562452e+02
2.414397812320092100e+02
2.413637881404720815e+02
2.412422567645365632e+02
2.412238341968912039e+02
2.411833045480713906e+02
2.411104202648243984e+02
2.409745250431778913e+02
2.407722510074841580e+02
2.407287276914219945e+02
2.405107944732297085e+02
2.405219631548647214e+02
2.404492227979274617e+02
2.404023028209556685e+02
2.402461139896373084e+02
2.402939263097294145e+02
2.401713298791019042e+02
2.402073978123200959e+02
2.401550662061024752e+02
2.401791594703511805e+02
2.400303396660909527e+02
2.400710132412204985e+02
2.401235751295336911e+02
2.400003742084053044e+02
2.400419113413932166e+02
2.401062751871042167e+02
2.401181635002878636e+02
2.399206678180771348e+02
2.397733160621761783e+02
2.396828727691421932e+02
2.398814910765688069e+02
2.398975244674726639e+02
2.400563615428900448e+02
2.402086355785837668e+02
2.403842832469775601e+02
2.404173575129533731e+02
2.405139320667818197e+02
2.407227403569372370e+02
2.407538860103626916e+02
2.410018134715026008e+02
2.410321243523316070e+02
2.411101036269430153e+02
2.411726252158894681e+02
2.411977259643062723e+02
2.412585492227979387e+02
2.412514968336211894e+02
2.412498848589522140e+02
2.412010074841681160e+02
2.410278641335636109e+02
2.409586931491076598e+02
2.409661485319516316e+02
2.410428900402993690e+02
2.409881116868163531e+02
2.411462579159470465e+02
2.413744386873920575e+02
2.413496257915946899e+02
2.414290155440414480e+02
2.414631260794473349e+02
2.416133563615428841e+02
2.416803684513529049e+02
2.415547207829591230e+02
2.416292170408750621e+02
2.417563327576280869e+02
2.417672999424294744e+02
2.417673862982153139e+02
2.416290155440414367e+02
2.415681922855497987e+02
2.415422279792745996e+02
2.413804548071387330e+02
2.410922279792746110e+02
2.407725100748416764e+02
2.406259067357513004e+02
2.405177029360967254e+02
2.405070523891767493e+02
2.404397812320092100e+02
2.403752158894645845e+02
2.403554979850316613e+02
2.401685089234312045e+02
2.402730569948186599e+02
2.401913644214162389e+02
2.401038284398387930e+02
2.399875359815774232e+02
2.399789004029936734e+02
2.399106793321819282e+02
2.399035981577432324e+02
2.398163788140471979e+02
2.398702360391479544e+02
2.397944156591825049e+02
2.397291018998272989e+02
2.397431778929188226e+02
2.396369314910765809e+02
2.395204375359815856e+02
2.395383419689119080e+02
2.395447898675877809e+02
2.395755613126079311e+02
2.395292170408750678e+02
2.395647668393782510e+02
2.396082037996545751e+02
2.396373344847438034e+02
2.397267415083477147e+02
2.398427748992515944e+02
2.397314622913068547e+02
2.398482440990213149e+02
2.397126079447322979e+02
2.396793033966609130e+02
2.397618307426597539e+02
2.397001439263097211e+02
2.395548934945308019e+02
2.395531951640759871e+02
2.395021301093839838e+02
2.392748416810592857e+02
2.392205526770293602e+02
2.390459412780656407e+02
2.390183074265975733e+02
2.388311168681634911e+02
2.388049510650546949e+02
2.388660046056419048e+02
2.390232297063903388e+02
2.389939263097294315e+02
2.388995106505469153e+02
2.389161773172135952e+02
2.389247553252734519e+02
2.390236327000575614e+02
2.389807426597581923e+02
2.388882556131260912e+02
2.389908750719631598e+02
2.390869314910765695e+02
2.390472941853770976e+02
2.389689694876223314e+02
2.390323546344271790e+02
2.390831606217616638e+02
2.389421128382268193e+02
2.387594127806563051e+02
2.386212723085779999e+02
2.386969775474956919e+02
2.386759355210132298e+02
2.386354058721934450e+02
2.387225100748416935e+02
2.388442141623488908e+02
2.389290731145653410e+02
2.387185089234312159e+02
2.390458549222798013e+02
2.391147380541162875e+02
2.393872193436960174e+02
2.394607944732296971e+02
2.394955094991364319e+02
2.394400115141047820e+02
2.396751295336787564e+02
2.397977259643062666e+02
2.396856937248128929e+02
2.397206678180771462e+02
2.398080598733448596e+02
2.398413068508923516e+02
2.397357225100748508e+02
2.396198042602187570e+02
2.394565630397236475e+02
2.395571963154864648e+02
2.394000575705238987e+02
2.394510938399539555e+02
2.394446459412780541e+02
2.394848877374784024e+02
2.393837363270005767e+02
2.394523028209556799e+02
2.394882843983880321e+02
2.395964594127806606e+02
2.396534542314334999e+02
2.395403857225100808e+02
2.395009786989061524e+02
2.394815486470926942e+02
2.392094127806562938e+02
2.390018134715026008e+02
2.389816925734024267e+02
2.388075129533678762e+02
2.386672711571675336e+02
2.383888025331030462e+02
2.380133563615428898e+02
2.378841393206678276e+02
2.379014968336211950e+02
2.379719343696027636e+02
2.380015544041450823e+02
2.382787564766839239e+02
2.382166666666666686e+02
2.381633563615428955e+02
2.380254173862982157e+02
2.383306850892343220e+02
2.385549798503166414e+02
2.387844559585492163e+02
2.388590385722509950e+02
2.391358376511226140e+02
2.393762809441566048e+02
2.395097006332757701e+02
2.395440990213010934e+02
2.396700345423143403e+02
2.397994242947610815e+02
2.397994530800230280e+02
2.397973229706390441e+02
2.397271157167530191e+02
2.397875359815774345e+02
2.400219919401266679e+02
2.401808290155440488e+02
2.402832469775474920e+02
2.404939550949913780e+02
2.406417962003454249e+02
2.405873344847438204e+02
2.406793033966609130e+02
2.407392055267702915e+02
2.408458549222797842e+02
2.409368163500287778e+02
2.408327288428324664e+02
2.406942717328727781e+02
2.407808865860679362e+02
2.406195451928612670e+02
2.404738054116292574e+02
2.404332181922855511e+02
2.403516407599309161e+02
2.401986470926885318e+02
2.400549798503166414e+02
2.395582037996545637e+02
2.394292458261370200e+02
2.394099884858952123e+02
2.394194012665515174e+02
2.393407311456534217e+02
2.393812032239493419e+02
2.391851755900978560e+02
2.390401554404145088e+02
2.390910765687967796e+02
2.390829015544041454e+02
2.390427748992515831e+02
2.389618883131836640e+02
2.391106217616580238e+02
2.389257915947035258e+02
2.391450201496833756e+02
2.391588946459412739e+02
2.391715889464594227e+02
2.390965169833045536e+02
2.390429188255613155e+02
2.388166378814047164e+02
2.387280944156591715e+02
2.385017559009787078e+02
2.385861255037420960e+02
2.387011801957397950e+02
2.388060161197466869e+02
2.389989349453080081e+02
2.391379389752446798e+02
2.392326137017846861e+02
2.392037996545768692e+02
2.394848589522164559e+02
2.395299366724237302e+02
2.398183362118595312e+02
2.398926597582037914e+02
2.401366436384571159e+02
2.401584052964882119e+02
2.402056706966033346e+02
2.402598733448474491e+02
2.402276626367300025e+02
2.401980426021876838e+02
2.401720495106505382e+02
2.401442717328727667e+02
2.398637593552101350e+02
2.397777202072538785e+02
2.397211859527921831e+02
2.397050662061024866e+02
2.397445308002302795e+02
2.397854058721934507e+02
2.396205238917674194e+02
2.395246401842256887e+02
2.395057570523891854e+02
2.394943005181347075e+02
2.394004893494530677e+02
2.392824122049510720e+02
2.391144789867587690e+02
2.390620322394933908e+02
2.389735175590097924e+02
2.390161485319516430e+02
2.390185664939550918e+02
2.389510074841681160e+02
2.391098445595854969e+02
2.390286413356361663e+02
2.387951928612550319e+02
2.387284686240644760e+02
2.389479274611398978e+02
2.391576568796776030e+02
2.393063039723661518e+02
2.394668105929764010e+02
2.396808290155440488e+02
2.398610535405872213e+02
2.398678468624064521e+02
2.400294761082325863e+02
2.402424582613701887e+02
2.403281519861830873e+02
2.405021013241220373e+02
2.405831030512377708e+02
2.406420840529648899e+02
2.407433793897524481e+02
2.408523891767414966e+02
2.408550949913644104e+02
2.408709556706966168e+02
2.407542026482441031e+02
2.407088370754173923e+02
2.405699769717904530e+02
2.403920840529648899e+02
2.403076856649395552e+02
2.404200921128382333e+02
2.404193724812895709e+02
2.405280080598733434e+02
2.404472078295912354e+02
2.401579159470351215e+02
2.402772020725388700e+02
2.402489349453080081e+02
2.401998560736902846e+02
2.402016407599309105e+02
2.402645077720207212e+02
2.401716177317213692e+02
2.400727115716753133e+02
2.398904432930339681e+02
2.398158318940702429e+02
2.396188831318364976e+02
2.396423143350604619e+02
2.394191134139320809e+02
2.392023603914795729e+02
2.390069660333909098e+02
2.389069948186528620e+02
2.389613413932066806e+02
2.390497121473805464e+02
2.390592976396085305e+02
2.392408175014392668e+02
2.392593264248704656e+02
2.393328151986183059e+02
2.394646516983304423e+02
2.396953655728267165e+02
2.398322394933793760e+02
2.398942141623488737e+02
2.400796200345423017e+02
2.401369314910765809e+02
2.402906447898675992e+02
2.404539435808865733e+02
2.404098445595854798e+02
2.406040299366724184e+02
2.405763385146804865e+02
2.404700921128382163e+02
2.402957397812320153e+02
2.404178468624064351e+02
2.404226540011514146e+02
2.403697179044329175e+02
2.404846286701208840e+02
2.405742084052964742e+02
2.405797927461139807e+02
2.405449337938975134e+02
2.405168105929763840e+02
2.406174726540011477e+02
2.406716177317213692e+02
2.404630972941853884e+02
2.406667818077144432e+02
2.406432642487046678e+02
2.405894933793897508e+02
2.405583189407023497e+02
2.405632987910190081e+02
2.403924870466321124e+02
2.402453367875647530e+02
2.402027921704087419e+02
2.399431203223949467e+02
2.397753310305123762e+02
2.397671272308577954e+02
2.397987334484743940e+02
2.397047783534830216e+02
2.397812032239493476e+02
2.399622913068508865e+02
2.398838514680483627e+02
2.399480138169257373e+02
2.401498848589522197e+02
2.401173575129533617e+02
2.400073114565342678e+02
2.399777777777777885e+02
2.399144789867587804e+02
2.399050086355785822e+02
2.398220207253885974e+02
2.397078583765112398e+02
2.396993955094991406e+02
2.394860679332181803e+02
2.397299366724237188e+02
2.394462579159470295e+02
2.396288428324697861e+02
2.391134139320667771e+02
2.392487622337363291e+02
2.391350028785261941e+02
2.391437248128957833e+02
2.392556419113413995e+02
2.393786989061600536e+02
2.394999424294761070e+02
2.394743523316062124e+02
2.398426885434657549e+02
2.398799942429476175e+02
2.402155440414507837e+02
2.402427173287276787e+02
2.404379389752446627e+02
2.405204663212435321e+02
2.407360103626942873e+02
2.407193724812895823e+02
2.407064478986758900e+02
2.407245250431778913e+02
2.407030512377662603e+02
2.406018422567645416e+02
2.407041162924582522e+02
2.407387161773172011e+02
2.408175590097869758e+02
2.410248704663212322e+02
2.411668969487622292e+02
2.414375935521013332e+02
2.414730857800805950e+02
2.417584916522740457e+02
2.419290443293033945e+02
2.420025618883131813e+02
2.421297351755900991e+02
2.421654576856649328e+02
2.422377950489349416e+02
2.423475532527345990e+02
2.424068221070811830e+02
2.424622913068508865e+02
2.424300518134714935e+02
2.424411053540587204e+02
2.423977259643062894e+02
2.423135578583764982e+02
2.424120898100172781e+02
2.423051525618883204e+02
2.421382556131260912e+02
2.421263960852043624e+02
2.419776626367300025e+02
2.419621761658031005e+02
2.419541162924582522e+02
2.419848013816925629e+02
2.419780656303972250e+02
2.419017846862406316e+02
2.420328439838802410e+02
2.420089522164651612e+02
2.420524755325273532e+02
2.419789291882556199e+02
2.418931203223949353e+02
2.418112550374208354e+02
2.419422279792746053e+02
2.418868739205526879e+02
2.419358088658606789e+02
2.417876799078871670e+02
2.417002590673575071e+02
2.415867875647668370e+02
2.415739205526770377e+02
2.414418537708693009e+02
2.413129245826137037e+02
2.410828151986183059e+02
2.408232872769142148e+02
2.408699769717904360e+02
2.407039435808865733e+02
2.408132412204951152e+02
2.407446459412780655e+02
2.409675590097869815e+02
2.409286989061600366e+02
2.408877086931491078e+02
2.410289291882556029e+02
2.412451640759931024e+02
2.412928036845135296e+02
2.413428324697754874e+02
2.415301093839953808e+02
2.416240356937248066e+02
2.416844559585492220e+02
2.416127230857800896e+02
2.416725388601036286e+02
2.417083189407023553e+02
2.417192861255037428e+02
2.417248416810593028e+02
2.417672423719055814e+02
2.416828439838802467e+02
2.416111111111111143e+02
2.414554404145077626e+02
2.414573114565342564e+02
2.414234599884858881e+02
2.414048071387449568e+02
2.413757340241796214e+02
2.414649683362118537e+02
2.412888025331030519e+02
2.412182786413356439e+02
2.411334484743811117e+02
2.410561312607944728e+02
2.410077432354634368e+02
2.410127230857800669e+02
2.408261658031088075e+02
2.408862982153137580e+02
2.408296776050661947e+02
2.408833045480713793e+02
2.407554691997697205e+02
2.406326137017846918e+02
2.404721070811744426e+02
2.403616292458261512e+02
2.402854634427173153e+02
2.399832757628094555e+02
2.398304835924006966e+02
2.399594703511801868e+02
2.398009211283822708e+02
2.398019861830742627e+02
2.398392343120322323e+02
2.399370466321243498e+02
2.400709556706966055e+02
2.400581750143926172e+02
2.402303684513529163e+02
2.403870466321243384e+02
2.404994242947610701e+02
2.405084340817501527e+02
2.406920552677029264e+02
2.407540011514104776e+02
2.408388313183650098e+02
2.409633563615428784e+02
2.411274035693724898e+02
2.411546344271732778e+02
2.410661773172135725e+02
2.411461427748992605e+02
2.412156591824985696e+02
2.410365572826712821e+02
2.409506908462867045e+02
2.409951352907311559e+02
2.410421416234887602e+02
2.409776050662061095e+02
2.410029073114565392e+02
2.411129821531375796e+02
2.411076568796775916e+02
2.409869027058146287e+02
2.411251007484167985e+02
2.411408462867012190e+02
2.411048359240069203e+02
2.409452792170408770e+02
2.409630109383995489e+02
2.408002590673575014e+02
2.408861255037420790e+02
2.408341105354058698e+02
2.407898675877950438e+02
2.407470351180195678e+02
2.407350316637881349e+02
2.406817789291882548e+02
2.406392343120322437e+02
2.406033103051237845e+02
2.404526194588370629e+02
2.403022164651698347e+02
2.401873056994818683e+02
2.403359527921704171e+02
2.404373344847438148e+02
2.405894358088658578e+02
2.406461139896373140e+02
2.406483880253310303e+02
2.408329591249280384e+02
2.409329591249280327e+02
2.410791594703511862e+02
2.412243811168681589e+02
2.412953367875647643e+02
2.413801957397812430e+02
2.415622337363269878e+02
2.416806275187104234e+02
2.415518422567645302e+02
2.415052101324122020e+02
2.415675590097869758e+02
2.415068508923431239e+02
2.414810592976396038e+02
2.410966896948762326e+02
2.410295048934945328e+02
2.410167242371905445e+02
2.408777489925158193e+02
2.406960564191134040e+02
2.407168969487622405e+02
2.408399251583189482e+02
2.406187392055267651e+02
2.404861830742659663e+02
2.403926597582037914e+02
2.406188543465745511e+02
2.406148819804260199e+02
2.405534542314335056e+02
2.406339090385722557e+02
2.407183649971214834e+02
2.407601036269429926e+02
2.406627518710420190e+02
2.406166666666666742e+02
2.408318652849740999e+02
2.408700057570523825e+02
2.405797063903281412e+02
2.406375071963154824e+02
2.408424006908462900e+02
2.403185952792170497e+02
2.402474668969487652e+02
2.406140759930915465e+02
2.404926885434657322e+02
2.404465745538284409e+02
2.409923719055843492e+02
2.409883131836499786e+02
2.407062751871042110e+02
2.412465457685665058e+02
2.410286125503742198e+02
2.407022452504317869e+02
2.410261082325849031e+02
2.409042026482441088e+02
2.405395797351755789e+02
2.407479850316638021e+02
2.406423719055843549e+02
2.402788140472078169e+02
2.404153713298790933e+02
2.403842544617156136e+02
2.401926885434657493e+02
2.400017271157167613e+02
2.398483016695451795e+02
2.393751871042026380e+02
2.393997985031663802e+02
2.393300518134714991e+02
2.392229706390328090e+02
2.393531663788140520e+02
2.395341105354058584e+02
2.396839090385722386e+02
2.398161485319516544e+02
2.401398963730569847e+02
2.402760506620610386e+02
2.406605066206102492e+02
2.406723085780080567e+02
2.407324985607369001e+02
2.409851180195739744e+02
2.411388025331030462e+02
2.411870754173862963e+02
2.412664075993091615e+02
2.412907023603914922e+02
2.412586067933218317e+02
2.412656591824985526e+02
2.412723373632699975e+02
2.413066493955095098e+02
2.410642199194012676e+02
2.408896085204375481e+02
2.407607944732297085e+02
2.407573690270581324e+02
2.407807138744962572e+02
2.408119170984456048e+02
2.408659182498560654e+02
2.406546344271732778e+02
2.404975244674726582e+02
2.405981577432354754e+02
2.407656303972366061e+02
2.407083477259643018e+02
2.407119170984455820e+02
2.407961139896373197e+02
2.407864421416234961e+02
2.408339666090961373e+02
2.409550949913644331e+02
2.409984743811168642e+02
2.408478698906160105e+02
2.409486470926885318e+02
2.409525331030512518e+02
2.409325561312607817e+02
2.406842544617155966e+02
2.405488198042602050e+02
2.402514104778353499e+02
2.401835924006908556e+02
2.401059009786989122e+02
2.400362982153137636e+02
2.401860967184801439e+02
2.403670120898100038e+02
2.404823258491652211e+02
2.404666954519286151e+02
2.403941565918249808e+02
2.405017559009787078e+02
2.405673862982153253e+02
2.405829879101899849e+02
2.405503742084052874e+02
2.405628957973517572e+02
2.406879101899827162e+02
