8.548533640023001112e+01
9.276267970097757143e+01
9.270142323174238186e+01
9.298657274295571540e+01
9.321094019551466658e+01
9.280110695802184750e+01
9.262671075330649728e+01
9.262819148936169711e+01
9.243286371477860541e+01
9.282951408855663544e+01
9.365365152386428349e+01
9.387229729729729399e+01
9.344722541690626372e+01
9.356775445658423962e+01
9.353145485911443302e+01
9.357308798159861851e+01
9.318468947671075853e+01
9.224304197814835504e+01
9.243341000575043154e+01
9.256831512363427805e+01
9.233999424956871849e+01
9.228950546290971602e+01
9.199384703852788903e+01
9.183211615871189792e+01
9.175622484186314409e+01
9.177304485336399864e+01
9.121756756756757056e+01
9.093269120184014298e+01
9.123681713628522516e+01
9.073293559516963569e+01
9.072548878665899963e+01
9.108668775158136555e+01
9.064043990799309825e+01
9.025744680851063606e+01
9.032840713053478510e+01
9.095887004025301792e+01
9.088878665899942177e+01
9.077050028752157118e+01
9.052926969522714273e+01
9.087459746981024011e+01
9.078865727429557353e+01
9.074397642323174296e+01
9.078730592294422763e+01
9.086046578493386505e+01
9.075471535365151965e+01
9.085684301322599765e+01
9.081871765382403794e+01
9.104107245543416127e+01
9.104734042553191387e+01
9.108543703277746317e+01
9.095454284071306006e+01
9.089008050603794686e+01
9.078637147786083972e+01
9.049331512363427521e+01
9.058106670500286839e+01
9.020687176538240237e+01
8.986965209890742301e+01
9.003736342725704844e+01
9.012054341575618821e+01
9.017699827487061270e+01
9.018927544565842425e+01
9.011775445658423678e+01
8.992395054629096762e+01
8.982571880391029140e+01
8.960320586543990373e+01
8.958697527314548381e+01
8.982765957446808613e+01
9.000395342150660838e+01
8.983645773433006809e+01
8.966053766532489533e+01
8.944699539965498047e+01
8.952607820586544563e+01
8.936411730879815707e+01
8.894903680276020452e+01
8.894020989074181216e+01
8.894104370327774234e+01
8.873688901667624407e+01
8.910562104657849147e+01
8.927662449683725754e+01
8.893410005750430969e+01
8.871229154686601248e+01
8.877765957446808898e+01
8.854476710753306179e+01
8.873083668775157662e+01
8.893910293271994760e+01
8.877666762507188025e+01
8.885204140310523258e+01
8.867688326624497108e+01
8.865970385278896515e+01
8.869019551466359985e+01
8.871127084531339335e+01
8.845441345600920613e+01
8.846308223116733416e+01
8.864718228867164385e+01
8.868729154686602101e+01
8.880375215641173270e+01
8.860905692926969834e+01
8.843746405980448344e+01
8.837914031052328312e+01
8.847564692351926396e+01
8.851252156411730709e+01
8.845393904542841312e+01
8.844731167337550914e+01
8.824519838987923492e+01
8.783973548016101063e+01
8.789955434157562308e+01
8.751288096607245848e+01
8.713333812535940126e+01
8.699416331224841770e+01
8.703001725129384170e+01
8.720488786658999913e+01
8.684673663024726409e+01
8.647038527889591819e+01
8.662563254744105734e+01
8.663099482461184664e+01
8.665533352501437037e+01
8.663412880966072294e+01
8.653648648648648134e+01
8.701753881541115732e+01
8.725438470385279288e+01
8.718204427832087333e+01
8.733128234617596775e+01
8.730224266820010826e+01
8.725336400230017375e+01
8.769785796434732106e+01
8.769146060954571453e+01
8.742179413456008774e+01
8.765819436457734071e+01
8.773520701552617140e+01
8.751027889591719600e+01
8.754721104082805994e+01
8.771651811385854103e+01
8.784262507188039137e+01
8.747547441058078732e+01
8.714643473260494488e+01
8.713214491086831970e+01
8.762472685451409404e+01
8.829133122484186913e+01
8.819587406555491782e+01
8.796900517538814768e+01
8.843700402530190274e+01
8.819422081656124135e+01
8.821587119033927138e+01
8.855181138585393796e+01
8.865961759631971972e+01
8.852136285221391176e+01
8.860996262219666164e+01
8.887488499137435838e+01
8.852399367452558465e+01
8.807845025876940781e+01
8.879052616446233515e+01
8.909735480161012333e+01
8.853960609545715954e+01
8.832234042553191955e+01
8.849696664749856723e+01
8.856959459459459083e+01
8.839844738355377274e+01
8.814642035652673258e+01
8.819292696952271626e+01
8.805043128234618166e+01
8.755503162737205969e+01
8.848256181713628621e+01
8.911907705577918648e+01
8.863437320299021849e+01
8.860369465209890905e+01
8.867860839562966646e+01
8.868062104657849432e+01
8.891788384128810208e+01
8.852632259919494118e+01
8.832955721679125816e+01
8.871059516963772751e+01
8.859163312248418265e+01
8.829795859689477311e+01
8.819834675100632637e+01
8.836866014951121429e+01
8.803118171362852706e+01
8.808808223116733416e+01
8.798654399079930499e+01
8.782584818861414533e+01
8.767528752156411542e+01
8.786633122484185776e+01
8.785754744105807390e+01
8.717290109258193809e+01
8.713052041403105363e+01
8.701930707303047541e+01
8.728447383553766770e+01
8.736949396204715867e+01
8.688859976998274703e+01
8.677569005175388384e+01
8.598769407705577805e+01
8.540096319723978979e+01
8.531611558366877546e+01
8.560209890741805339e+01
8.527156411730879881e+01
8.546095457159286468e+01
8.577886716503738285e+01
8.526348476135710541e+01
8.479988499137435554e+01
8.487177975848189249e+01
8.507626509488211752e+01
8.435927257044278349e+01
8.436446233467509614e+01
8.454225129384704474e+01
8.388029039677975618e+01
8.370097757331799926e+01
8.409565842438182415e+01
8.364524151811386332e+01
8.353838412880966757e+01
8.382849338700403052e+01
8.378759344450833169e+01
8.424193502012650470e+01
8.403756469235192128e+01
8.330209890741805623e+01
8.319814548591143932e+01
8.350623921794134219e+01
8.338992236917768253e+01
8.303897354801610220e+01
8.318234617596320390e+01
8.318970672800459454e+01
8.328568142610696157e+01
8.347054341575618253e+01
8.305672800460034466e+01
8.299483898792409775e+01
8.329676538240367734e+01
8.397882403680276298e+01
8.408601207590569970e+01
8.368683151236342610e+01
8.401211903392754721e+01
8.427571880391029424e+01
8.445540540540540064e+01
8.472534502587694760e+01
8.446214778608396045e+01
8.462015526164462642e+01
8.448726279470960776e+01
8.479656411730880450e+01
8.533463197239792919e+01
8.521171650373777595e+01
8.525678550891316831e+01
8.511857389304198307e+01
8.501680563542265645e+01
8.527590569292696898e+01
8.516795572167912098e+01
8.509075618171362976e+01
8.508246118458885121e+01
8.540265957446808898e+01
8.548880103507762840e+01
8.492699827487061270e+01
8.508161299597469451e+01
8.536992524439332897e+01
8.561955146635997949e+01
8.567438182863715213e+01
8.595702990224266671e+01
8.635856814261069303e+01
8.627985911443357736e+01
8.634338700402530264e+01
8.615991949396205030e+01
8.586720816561242486e+01
8.638046290971823282e+01
8.610010063254743784e+01
8.552383553766532032e+01
8.598106670500287407e+01
8.648230304772857835e+01
8.658328062104658329e+01
8.554176250718803942e+01
8.497042840713054090e+01
8.525708740655548468e+01
8.500595169637722393e+01
8.454818861414605635e+01
8.468210178263369414e+01
8.451743818286371379e+01
8.400303335250143277e+01
8.380399654974122825e+01
8.374640598044852879e+01
8.399910868315123480e+01
8.381039390454283478e+01
8.355651236342725952e+01
8.315303335250143846e+01
8.342809085681426495e+01
8.409985623921794229e+01
8.398098044853364286e+01
8.392409430707303386e+01
8.452479873490511864e+01
8.439792984473835702e+01
8.420691489361702509e+01
8.443778033352501211e+01
8.453977860839563618e+01
8.415261644623346626e+01
8.375018688901667474e+01
8.438599769982748455e+01
8.560506037952846725e+01
8.513704715353651409e+01
8.464229442208166176e+01
8.475150948821161023e+01
8.477133410005750136e+01
8.445324899367452076e+01
8.388964922369177657e+01
8.371947958596894068e+01
8.371901955146635999e+01
8.388711903392754721e+01
8.368103795284646651e+01
8.365520414031051644e+01
8.303205865439907996e+01
8.272080218516389039e+01
8.288793847038527929e+01
8.307788959171938359e+01
8.366187464059804313e+01
8.402691201840137580e+01
8.367274295572167375e+01
8.394160437032778077e+01
8.410299022426681859e+01
8.375961759631972825e+01
8.300960322024151594e+01
8.233535077630821775e+01
8.191147211040828324e+01
8.235468660149511777e+01
8.298622771707877632e+01
8.260743243243243228e+01
8.275339275445658416e+01
8.321552616446233230e+01
8.343661587119034095e+01
8.334506900517538952e+01
8.330323461759631698e+01
8.322705577918344488e+01
8.315615296147211666e+01
8.346633122484186629e+01
8.373402817711328794e+01
8.399143185738930129e+01
8.427533064979873245e+01
8.432294422081656649e+01
8.468964922369177373e+01
8.471066705002874642e+01
8.487428119608971144e+01
8.502594882116159170e+01
8.488204427832087617e+01
8.451891891891891362e+01
8.507120471535364459e+01
8.491040828062104140e+01
8.442104657849338878e+01
8.408167050028751532e+01
8.363770845313398183e+01
8.415306210465784886e+01
8.456762507188038569e+01
8.450490224266819439e+01
8.446973835537664854e+01
8.460658424381828979e+01
8.374032489936745094e+01
8.336910580793559689e+01
8.376487924094307402e+01
8.398178550891316263e+01
8.420035940195514002e+01
8.406861702127659441e+01
8.382400805060379412e+01
8.348251868890166350e+01
8.327074468085106673e+01
8.306776883266245193e+01
8.292111845888442190e+01
8.329493962047153843e+01
8.315382403680276013e+01
8.312061529614720712e+01
8.336201840138009800e+01
8.339575905692926483e+01
8.288089419206440311e+01
8.269026739505463297e+01
8.222055779183438062e+01
8.187852213916043809e+01
8.185320586543990373e+01
8.236838700402530833e+01
8.321562679700977583e+01
8.316108395629672145e+01
8.294808798159861851e+01
8.314078493387003732e+01
8.305799309948245934e+01
8.306224841863139829e+01
8.252876653248993932e+01
8.210603795284646367e+01
8.284525589419206426e+01
8.339948246118458997e+01
8.302379240943071181e+01
8.302714203565267326e+01
8.327333237492811691e+01
8.323811098332375025e+01
8.358237492811960578e+01
8.400238642898217734e+01
8.407198102357676817e+01
8.440439907993099666e+01
8.467340425531915571e+01
8.444281196089706043e+01
8.455580793559516906e+01
8.420868315123634318e+01
8.397239792984473183e+01
8.416387291546865868e+01
8.440467222541690262e+01
8.440743243243242944e+01
8.441673375503162902e+01
8.405856814261069587e+01
8.336150086256469649e+01
8.309502587694076681e+01
8.356040828062104708e+01
8.366382978723403596e+01
8.309690914318574073e+01
8.340875503162737914e+01
8.362965784933869884e+01
8.372156411730880166e+01
8.380411155836688408e+01
8.386503737780333267e+01
8.401791259344450680e+01
8.382439620471535591e+01
8.352170787809085084e+01
8.390862564692352521e+01
8.411382978723403880e+01
8.414376078205864928e+01
8.412741518113858774e+01
8.385553479010926026e+01
8.374317136285220897e+01
8.359039677975847837e+01
8.313342438182863248e+01
8.350524726854514768e+01
8.420553479010925457e+01
8.416309660724554931e+01
8.384841863139735096e+01
8.366086831512363631e+01
8.371358539390453757e+01
8.403953421506612642e+01
8.372514376078206055e+01
8.322938470385278720e+01
8.300692926969522034e+01
8.329577343300746861e+01
8.344107245543415274e+01
8.523411443358251915e+01
8.524019551466359701e+01
8.499035365152386134e+01
8.472198102357677385e+01
8.503491949396205030e+01
8.504091431857389694e+01
8.467581943645772924e+01
8.471523864289821404e+01
8.476881828637148431e+01
8.471545428407129918e+01
8.498847038527890163e+01
8.447399367452558749e+01
8.466065267395055116e+01
8.468881541115584355e+01
8.497027027027027657e+01
8.546464922369177941e+01
8.577566129959747343e+01
8.565431282346176545e+01
8.523507763082231747e+01
8.554436457734330190e+01
8.580455721679125247e+01
8.559889304197814397e+01
8.538658711903393339e+01
8.512395054629097046e+01
8.553342438182863816e+01
8.552196664749855870e+01
8.508747843588268722e+01
8.490760494537090608e+01
8.546374353076480190e+01
8.532245543415756117e+01
8.509608970672800865e+01
8.516597182288671775e+01
8.517622196664750334e+01
8.523349626221965991e+01
8.543372627947096021e+01
8.524919493962046602e+01
8.547883841288096107e+01
8.534703852788959466e+01
8.512977285796434046e+01
8.515424094307073233e+01
8.518583956296721738e+01
8.573356814261069303e+01
8.588029039677975618e+01
8.519186313973547442e+01
8.507699827487061839e+01
8.505475848188613952e+01
8.540314836112708008e+01
8.525655549166187086e+01
8.472859401955146552e+01
8.496010638297872219e+01
8.481249281196089385e+01
8.464794422081655512e+01
8.476032202415180450e+01
8.458815411155836728e+01
8.476209028177113680e+01
8.465054629097181760e+01
8.499808798159861567e+01
8.504355951696376792e+01
8.492126221966647392e+01
8.510510350776307575e+01
8.507199539965498047e+01
8.488447383553766201e+01
8.470359401955145984e+01
8.469959746981022874e+01
8.448730592294421626e+01
8.375199827487061555e+01
8.405064692351926681e+01
8.485822311673375395e+01
8.547252731454858576e+01
8.552295859689476742e+01
8.535060379528464125e+01
8.528753594019551088e+01
8.517356239217942004e+01
8.477275733179988038e+01
8.481397354801610788e+01
8.454539965497411913e+01
8.481220529039677558e+01
8.466614433582518018e+01
8.512084531339850457e+01
8.519049741230591621e+01
8.495414031052328596e+01
8.528451696377227620e+01
8.562811960897067820e+01
8.555373778033352039e+01
8.535669925244393141e+01
8.511538240368027175e+01
8.520396779758482353e+01
8.509182001150085739e+01
8.471046578493387358e+01
8.513156986774008317e+01
8.499360264519839347e+01
8.441893329499713161e+01
8.425018688901667474e+01
8.451099769982748455e+01
8.485566417481311419e+01
8.485891316848763211e+01
8.474637722829211839e+01
8.448963484761357279e+01
8.440764807360551458e+01
8.426115583668774889e+01
8.432341863139735949e+01
8.438103795284646935e+01
8.451216216216215571e+01
8.486499424956872417e+01
8.510255894192064829e+01
8.507868027602070526e+01
8.528740655549165695e+01
8.584163312248418265e+01
8.624611845888441053e+01
8.620245830937319909e+01
8.609101495112133762e+01
8.616742380678550717e+01
8.619518401380103967e+01
8.614084243818285813e+01
8.584504025301897912e+01
8.550800747556066028e+01
8.594173375503162049e+01
8.562093156986773579e+01
8.551930707303047541e+01
8.591042265669925371e+01
8.564608970672800581e+01
8.548946233467509614e+01
8.577695514663599852e+01
8.601216216216215571e+01
8.613744968372627397e+01
8.588658711903393339e+01
8.551791259344450680e+01
8.572777458309373344e+01
8.631617308798159627e+01
8.624054054054053609e+01
8.595862564692352237e+01
8.598001725129384454e+01
8.614811673375503176e+01
8.618322311673375680e+01
8.636119896492236592e+01
8.636094019551465806e+01
8.644943933294996441e+01
8.627073030477285442e+01
8.656791259344450395e+01
8.688201552616446577e+01
8.687436745255894266e+01
8.746880391029327484e+01
8.752817711328349048e+01
8.800771995399655623e+01
8.841771132834962543e+01
8.852972972972972343e+01
8.808888729154686814e+01
8.777712765957447516e+01
8.822636572742955252e+01
8.863197239792984305e+01
8.851801322599195032e+01
8.797106095457159824e+01
8.796669062679700346e+01
8.786874640598044550e+01
8.787280046003449741e+01
8.730560667050028201e+01
8.727432432432432563e+01
8.726728004600344946e+01
8.707160724554341868e+01
8.733056354226566498e+01
8.736795572167912383e+01
8.742162162162162531e+01
8.756707878090857378e+01
8.752094594594593957e+01
8.752162162162161962e+01
8.757556066705002706e+01
8.736844450833812914e+01
8.717199539965497479e+01
8.748786658999425470e+01
8.745219953996549123e+01
8.735186889016675593e+01
8.738270557791834392e+01
8.722264232317424160e+01
8.666037952846463099e+01
8.643250431282346824e+01
8.613529327199539409e+01
8.557330362277170366e+01
8.542081656124209132e+01
8.555544853364001767e+01
8.568020414031052212e+01
8.567050028752156265e+01
8.559617596319723987e+01
8.539683726279470477e+01
8.533325186889017289e+01
8.555299022426682143e+01
8.590700115008625914e+01
8.632885278895916770e+01
8.648092294422082205e+01
8.633063542265669810e+01
8.654436457734330190e+01
8.677705577918344204e+01
8.692990224266820576e+01
8.712216791259344006e+01
8.727524439332950124e+01
8.720933007475561283e+01
8.639771420356527187e+01
8.665169637722829066e+01
8.690881253594019995e+01
8.631674813110983280e+01
8.550506037952845872e+01
8.516214778608396330e+01
8.562261357101782266e+01
8.747977285796434899e+01
8.719512650948820465e+01
8.694939620471535591e+01
8.676562679700977299e+01
8.639811673375503176e+01
8.655968947671075853e+01
8.651729442208166176e+01
8.623888729154685961e+01
8.636906267970097417e+01
8.643480448533640015e+01
8.637550316273720341e+01
8.695337837837837469e+01
8.694102932719954424e+01
8.713880103507763408e+01
8.746483611270845415e+01
8.755725991949395848e+01
8.762699827487061555e+01
8.794757044278320279e+01
8.828897354801610220e+01
8.841201840138010937e+01
8.753940483036227249e+01
8.707870902817711567e+01
8.667176538240367734e+01
8.577228292121908737e+01
8.551808510638298344e+01
8.486785508913168030e+01
8.469677975848188112e+01
8.490145198389879511e+01
8.435454284071305153e+01
8.447264232317424160e+01
8.462190914318573220e+01
8.459022426682001594e+01
8.504640598044854016e+01
8.535485911443358020e+01
8.549115871190339533e+01
8.514429269695227731e+01
8.515652673950546614e+01
8.501184588844162704e+01
8.528391316848764347e+01
8.502538815411155326e+01
8.480403967797585096e+01
8.538601207590569686e+01
8.550599482461184664e+01
8.593581081081080697e+01
8.584619033927545217e+01
8.542165037377803571e+01
8.741191776883266584e+01
8.726700690051754350e+01
8.703635710178262741e+01
8.696109833237493092e+01
8.675064692351926965e+01
8.679588844163312444e+01
8.736976710753306463e+01
8.712824899367453213e+01
8.693619896492236876e+01
8.692445370902817103e+01
8.708743530764807872e+01
8.714608970672800581e+01
8.705231454859114137e+01
8.718238930419781241e+01
8.738530764807360640e+01
8.747054341575618253e+01
8.744948246118458712e+01
8.789935307648073604e+01
8.820322024151811036e+01
8.743181426106957588e+01
8.688818286371477484e+01
8.706463484761357563e+01
8.726137147786083403e+01
8.755517538815411172e+01
8.718218803910293957e+01
8.688523576768257328e+01
8.691485048878665509e+01
8.701552616446232946e+01
8.696574180563541745e+01
8.704805922944220242e+01
8.685583668775157662e+01
8.656538240368027459e+01
8.667080218516389323e+01
8.659583093732030079e+01
8.669117308798159627e+01
8.691871765382403225e+01
8.689521276595745292e+01
8.672482748706153188e+01
8.676923519263944229e+01
8.688063542265669525e+01
8.668790971822886604e+01
8.695079068430132452e+01
8.637740080506037543e+01
8.645346463484762012e+01
8.619554341575617684e+01
8.601605807935595749e+01
8.597738642898217165e+01
8.620084818861414533e+01
8.668010350776307860e+01
8.686827199539965250e+01
8.647882403680276298e+01
8.638188614146061184e+01
8.631401667625071639e+01
8.602538815411155326e+01
8.628474698102357365e+01
8.595898504887865954e+01
8.618062104657849432e+01
8.586612995974698492e+01
8.611440483036227533e+01
8.616428982173663087e+01
8.581411730879815991e+01
8.585123634272569859e+01
8.570767682576193636e+01
8.580294709603219871e+01
8.607432432432432279e+01
8.573788096607245279e+01
8.574039677975848406e+01
8.583931857389303843e+01
8.589328637147785628e+01
8.614309948246118154e+01
8.583211615871189792e+01
8.536814261069579857e+01
8.534764232317424160e+01
8.566960897067279745e+01
8.582502875215641325e+01
8.620803622771707353e+01
8.789979873490511864e+01
8.800872627947096305e+01
8.737650948821161023e+01
8.695805060379528584e+01
8.671062392179413791e+01
8.647127659574468339e+01
8.661283783783784429e+01
8.666384416331224827e+01
8.674656411730879313e+01
8.692807648073605264e+01
8.625386716503737716e+01
8.653093732029901730e+01
8.658525014376078843e+01
8.640727429557216510e+01
8.690645485911443302e+01
8.722006900517538952e+01
8.720894192064405104e+01
8.678696089706727435e+01
8.690507475560667672e+01
8.678513513513513544e+01
8.675830937320299086e+01
8.653434445083381377e+01
8.633759344450834305e+01
8.597268545140885010e+01
8.647579068430131599e+01
8.725564979873490756e+01
8.687567567567568005e+01
8.674905117883841399e+01
8.668959171937895292e+01
8.680858251868890818e+01
8.677009775733179708e+01
8.637832087406555104e+01
8.596817136285221750e+01
8.632551753881540435e+01
8.668997987349051471e+01
8.669784358826912296e+01
8.666886141460609849e+01
8.673095169637723245e+01
8.658059229442207538e+01
8.664455146635997096e+01
8.699174813110982996e+01
8.681046578493386789e+01
8.679128809660724642e+01
8.632806210465784602e+01
8.613792409430706698e+01
8.660238642898217165e+01
8.663941920644047912e+01
8.661625934445083885e+01
8.618690339275445922e+01
8.646165899942495514e+01
8.622921219091432476e+01
8.576260782058653831e+01
8.570263082231167573e+01
8.545937320299022133e+01
8.567497124784358675e+01
8.556142898217366621e+01
8.556417481311098072e+01
8.569742668200115077e+01
8.579150373778033156e+01
8.587926969522713705e+01
8.609008050603794970e+01
8.617403680276021305e+01
8.629640598044854016e+01
8.660704427832087049e+01
8.631807073030476829e+01
8.629261069580218191e+01
8.627259919493961604e+01
8.664928119608970292e+01
8.683155549166187370e+01
8.662912593444508502e+01
8.679213628522138890e+01
8.708060667050028769e+01
8.712905405405405190e+01
8.702231167337549778e+01
8.659705290396779276e+01
8.677725704427831488e+01
8.709131684876365398e+01
8.714882116158712222e+01
8.707175100632547071e+01
8.680767682576193067e+01
8.686174525589419204e+01
8.694847613571018030e+01
8.691306785508912469e+01
8.651512363427256957e+01
8.664882116158712222e+01
8.664876365727430141e+01
8.660257331799884639e+01
8.637008338125359330e+01
8.614403392754456945e+01
8.626065267395054548e+01
8.624725416906268549e+01
8.610110695802184466e+01
8.599143185738930129e+01
8.610687176538240806e+01
8.617274295572167375e+01
8.598224554341575754e+01
8.622133410005750420e+01
8.603995112133409862e+01
8.553329499712478423e+01
8.523126797009776112e+01
8.602236917768833280e+01
8.633573893041977954e+01
8.610283208740655425e+01
8.824360264519839347e+01
8.841459171937894723e+01
8.843192926969523171e+01
8.844249568717653176e+01
8.849327199539965250e+01
8.812062967222541943e+01
8.792642323174237617e+01
8.806065267395054263e+01
8.850086256469235479e+01
8.852508625646923690e+01
8.797175100632547640e+01
8.794062679700977014e+01
8.825437032777458057e+01
8.813969235192639928e+01
8.812761644623346058e+01
8.837205290396779844e+01
8.851834387579069130e+01
8.877589131684875667e+01
8.845263082231167573e+01
8.825129384703852509e+01
8.834003737780334120e+01
8.793548016101208020e+01
8.788813973548016634e+01
8.807103220241518216e+01
8.816927832087407069e+01
8.827800460034502805e+01
8.793870040253018772e+01
8.792264232317424444e+01
8.813977860839563050e+01
8.830373778033352039e+01
8.806577055779183638e+01
8.822914031052329165e+01
8.800544853364002051e+01
8.778115296147211666e+01
