1.267392630972941845e+02
1.467084628670120878e+02
1.396283246977547492e+02
1.403235463442717332e+02
1.403153425446171525e+02
1.463913068508923345e+02
1.449184801381692580e+02
1.436077720207253776e+02
1.441947322970638936e+02
1.437769717904432980e+02
1.446534254461715534e+02
1.423195164075993091e+02
1.441989925158318897e+02
1.409523028209556799e+02
1.434169257340241757e+02
1.420435808865860565e+02
1.431141047783534930e+02
1.423921991940126759e+02
1.431188543465745511e+02
1.425759067357512890e+02
1.428489349453080024e+02
1.423545192861255089e+02
1.418890040299366717e+02
1.431194012665515345e+02
1.414695739781232078e+02
1.428897812320091987e+02
1.420592112838226910e+02
1.419177029360967310e+02
1.424808578008059783e+02
1.422780656303972364e+02
1.418493955094991463e+02
1.407298503166378794e+02
1.415476108232584807e+02
1.401031951640759985e+02
1.401100460564191224e+02
1.394067933218192366e+02
1.395082901554404202e+02
1.383153137593552060e+02
1.393064478986758843e+02
1.386305987334484655e+02
1.393099884858952180e+02
1.400905584340817427e+02
1.399871042026482542e+02
1.398345710995970137e+02
1.407117731721358780e+02
1.399144214162348874e+02
1.401450777202072402e+02
1.404987910189982756e+02
1.400217040875072030e+02
1.390773747841105319e+02
1.399193436960276244e+02
1.388913068508923345e+02
1.391786701208980901e+02
1.386881116868163417e+02
1.383529936672423730e+02
1.375880829015544009e+02
1.374026194588370799e+02
1.375139608520437662e+02
1.375072826712723213e+02
1.379004029936672282e+02
1.378099597006332715e+02
1.376020725388601136e+02
1.387207253886010392e+02
1.380551237766263739e+02
1.389653137593552117e+02
1.390882843983880264e+02
1.392384858952216575e+02
1.399543753598157707e+02
1.402209268854346647e+02
1.403761945883707654e+02
1.400870178468624090e+02
1.413573114565342621e+02
1.400774611398963714e+02
1.412352043753598139e+02
1.405152849740932766e+02
1.412410189982728923e+02
1.398424870466321295e+02
1.410717904432930254e+02
1.400863845710995861e+02
1.409573402417962029e+02
1.409358088658606789e+02
1.413169257340241813e+02
1.415724812895797413e+02
1.406779792746114026e+02
1.422176453655728210e+02
1.408257915947035031e+02
1.423512089810017187e+02
1.408568508923431182e+02
1.424952504317789419e+02
1.405190558434081822e+02
1.425488198042602050e+02
1.404810017271157108e+02
1.418736039147956376e+02
1.400203799654576926e+02
1.412903857225100808e+02
1.396920264824409799e+02
1.402605929763960830e+02
1.391194876223373740e+02
1.392997121473805464e+02
1.393058434081750079e+02
1.396692573402417850e+02
1.391841968911917036e+02
1.393409326424870471e+02
1.391068508923431182e+02
1.397842832469775374e+02
1.387036269430051902e+02
1.398865860679332229e+02
1.395830742659758243e+02
1.399777202072538955e+02
1.396517846862406316e+02
1.399599309153713307e+02
1.397350604490500814e+02
1.398623488773747852e+02
1.397685952792170383e+02
1.397332757628094555e+02
1.391422279792746224e+02
1.391292458261370086e+02
1.387140759930915408e+02
1.383237766263673052e+02
1.385921704087507180e+02
1.394153137593552003e+02
1.380696027633851486e+02
1.401628670120898050e+02
1.385933506044904959e+02
1.394590961427749107e+02
1.385226540011514089e+02
1.392927748992515831e+02
1.383337363270005653e+02
1.384621761658031005e+02
1.387181347150259114e+02
1.378198042602187741e+02
1.388252734599884946e+02
1.379669545192861335e+02
1.387125215889464585e+02
1.367299366724237188e+02
1.382914507772020727e+02
1.361082613701784680e+02
1.366909326424870414e+02
1.366639032815198505e+02
1.369666666666666686e+02
1.366373056994818569e+02
1.374940414507771891e+02
1.360355785837651013e+02
1.381542026482441088e+02
1.364389176741508436e+02
1.382327576280944186e+02
1.379796488198042539e+02
1.390092400690846262e+02
1.383072251007484113e+02
1.394305123776626374e+02
1.393057282671272219e+02
1.389183937823834185e+02
1.390859815774323636e+02
1.401081750143926286e+02
1.381313183649971279e+02
1.397498272884283210e+02
1.378364133563615326e+02
1.379018710420264711e+02
1.382402705814622834e+02
1.379838226827864105e+02
1.391960852043753505e+02
1.381084052964882005e+02
1.402194012665515288e+02
1.381314910765688069e+02
1.397632700057570503e+02
1.389048359240069033e+02
1.390167530224524910e+02
1.395728554979850458e+02
1.385555267702935964e+02
1.397000575705238816e+02
1.390674150834772718e+02
1.393458261370178377e+02
1.388297351755900877e+02
1.393729418537708682e+02
1.386162924582613698e+02
1.382400115141047650e+02
1.381613989637305622e+02
1.376883995394358067e+02
1.384755037420840438e+02
1.374925446171560282e+02
1.396793897524467525e+02
1.374615141047783595e+02
1.392156303972366231e+02
1.387109096142774831e+02
1.405614277489925144e+02
1.390204951065054786e+02
1.406511226252158906e+02
1.396407311456534330e+02
1.397350604490500814e+02
1.409368739205526708e+02
1.393201208981001855e+02
1.404084340817501300e+02
1.397227691421991835e+02
1.400894358088658578e+02
1.389269717904433037e+02
1.393798791018998315e+02
1.380968624064479116e+02
1.388188255613126216e+02
1.390745250431778857e+02
1.388297351755900877e+02
1.393495970063327718e+02
1.393776050662061152e+02
1.388351468048359152e+02
1.386165515256188883e+02
1.400172135866436349e+02
1.388200057570523995e+02
1.398283534830166843e+02
1.392440414507771891e+02
1.398282959124927913e+02
1.391951352907311446e+02
1.397262809441565992e+02
1.399682210708117509e+02
1.387769142199194050e+02
1.401021301093840066e+02
1.373097582037996460e+02
1.387922855497984926e+02
1.372756476683937876e+02
1.387344559585492334e+02
1.372235463442717389e+02
1.394468336211859594e+02
1.375589522164651726e+02
1.385702360391479431e+02
1.380157743235463386e+02
1.384859527921704228e+02
1.378868163500287949e+02
1.387092400690846148e+02
1.382573402417962143e+02
1.372891191709844634e+02
1.388314622913068490e+02
1.370440702360391469e+02
1.377506908462866875e+02
1.374039147956246438e+02
1.376739781232009250e+02
1.360972078295912411e+02
1.361992227979274617e+02
1.361745826137017730e+02
1.345797927461139807e+02
1.362339666090961430e+02
1.346497121473805407e+02
1.358450201496833643e+02
1.351368163500287949e+02
1.354336211859528021e+02
1.346617443868739201e+02
1.354858376511226368e+02
1.346335348301669512e+02
1.349976108232584977e+02
1.344325849165227282e+02
1.354768278641335542e+02
1.344668969487622405e+02
1.352350892343120279e+02
1.348213586643638564e+02
1.349842256764536614e+02
1.347050949913644331e+02
1.347259930915371342e+02
1.333641911341393325e+02
1.336172999424294687e+02
1.338649107656879664e+02
1.335295336787564793e+02
1.343079735175590201e+02
1.349243523316062294e+02
1.351737766263672995e+02
1.350534830166954521e+02
1.357116004605641990e+02
1.355857512953367916e+02
1.363776626367300082e+02
1.365317789291882491e+02
1.363175014392631113e+02
1.373367299942429440e+02
1.364042314335060553e+02
1.376195739781232135e+02
1.362627806563039599e+02
1.376352907311456590e+02
1.363387449625791703e+02
1.368654576856649498e+02
1.366630109383995375e+02
1.359795336787564679e+02
1.363474956822107060e+02
1.358657455382843864e+02
1.373679620034542381e+02
1.354925158318940817e+02
1.384972366148531933e+02
1.364889752446747195e+02
1.382053540587219231e+02
1.367923143350604391e+02
1.387758779504893596e+02
1.376925734024179633e+02
1.386902993667242470e+02
1.375132700057570503e+02
1.377880253310305250e+02
1.399723373632700145e+02
1.383080023028209666e+02
1.363690846286701230e+02
1.383244386873920462e+02
1.383269430051813345e+02
1.376713010938399577e+02
1.360029936672423787e+02
1.370084340817501527e+02
1.340525906735751391e+02
1.360046056419113540e+02
1.352151410477835327e+02
1.368571963154864761e+02
1.333239781232009307e+02
1.364756764536557228e+02
1.345605066206102549e+02
1.350897524467472692e+02
1.349011801957397836e+02
1.350264824409902076e+02
1.343632987910189911e+02
1.346613989637305622e+02
1.350816925734024210e+02
1.347017846862406429e+02
1.346426597582037914e+02
1.344067069660333971e+02
1.348776914219919263e+02
1.338261945883707540e+02
1.341684225676453650e+02
1.335326137017846975e+02
1.335638744962579096e+02
1.322917674150834841e+02
1.334194876223373569e+02
1.342236039147956319e+02
1.327269717904432866e+02
1.337440414507771891e+02
1.336998560736902846e+02
1.343969199769717875e+02
1.330389752446747309e+02
1.354441565918249921e+02
1.324089810017271134e+02
1.350168969487622235e+02
1.339542026482440917e+02
1.346133851468048306e+02
1.334829015544041511e+02
1.352737478411053473e+02
1.342285549798503155e+02
1.338289004029936677e+02
1.344943005181347075e+02
1.324367875647668313e+02
1.332859815774323522e+02
1.322521013241220373e+02
1.332864997121473891e+02
1.313299366724237132e+02
1.329362118595279298e+02
1.325577144502015017e+02
1.324409326424870414e+02
1.335853770869314872e+02
1.314803972366148628e+02
1.334440990213010991e+02
1.325432930339666200e+02
1.330789579735175607e+02
1.327216753022452451e+02
1.329832757628094555e+02
1.327822107081174465e+02
1.336959412780656180e+02
1.332993667242371885e+02
1.329981289579735062e+02
1.326548359240069033e+02
1.336551813471502612e+02
1.320120610247553259e+02
1.322541162924582636e+02
1.312423719055843492e+02
1.316965745538284409e+02
1.314024755325273475e+02
1.320440414507772005e+02
1.313399827288428412e+02
1.321037708693149000e+02
1.330725964306275273e+02
1.319345998848589545e+02
1.330011226252158849e+02
1.326946171560161076e+02
1.339067645365572901e+02
1.326261945883707654e+02
1.346652274035693608e+02
1.330626655152561852e+02
1.346128094415659291e+02
1.346107656879677563e+02
1.337561888313183545e+02
1.347585204375359922e+02
1.340830454807138779e+02
1.344508635578583835e+02
1.332313759355210152e+02
1.341373920552676964e+02
1.314822394933793817e+02
1.342419689119170982e+02
1.320453655728267108e+02
1.332287852619458874e+02
1.327244674726539984e+02
1.331960276338514575e+02
1.323196315486470951e+02
1.332656016119746596e+02
1.329614277489925200e+02
1.324753598157743113e+02
1.340563039723661518e+02
1.329595279217040797e+02
1.331551237766263682e+02
1.326416810592976390e+02
1.328476971790443315e+02
1.317613989637305565e+02
1.325995106505469323e+02
1.313134427173287406e+02
1.311972654001151284e+02
1.304004605641911212e+02
1.303090097869890656e+02
1.287090961427749107e+02
1.296287276914220001e+02
1.296299942429476175e+02
1.291177317213586662e+02
1.304297927461140034e+02
1.293641335636154395e+02
1.306976683937823793e+02
1.291169833045480573e+02
1.314282671272308676e+02
1.298259643062751820e+02
1.321825273459988352e+02
1.310177892918825648e+02
1.330669545192861278e+02
1.327965745538284352e+02
1.325445595854922374e+02
1.339011226252158906e+02
1.323977835348301539e+02
1.340267990788716190e+02
1.329675014392630885e+02
1.336373056994818569e+02
1.325379677605066320e+02
1.335081750143926342e+02
1.330390616004605704e+02
1.344572826712723099e+02
1.340291882556131213e+02
1.351703223949338053e+02
1.352812895797351871e+02
1.349455094991364490e+02
1.357294473229706284e+02
1.354577720207254004e+02
1.362816637881404631e+02
1.358866148531951694e+02
1.359890328151986125e+02
1.352154864709268907e+02
1.366035405872193564e+02
1.347687392055267708e+02
1.354242947610823364e+02
1.350936960276338539e+02
1.340854346574553801e+02
1.338985319516407628e+02
1.336466033390903760e+02
1.318823546344271733e+02
1.325684801381692637e+02
1.320095567069660376e+02
1.320224812895797299e+02
1.315230569948186599e+02
1.323335060449050218e+02
1.315018134715026008e+02
1.320940126655152653e+02
1.315035118019573872e+02
1.313564766839378137e+02
1.321897524467472635e+02
1.307621473805411654e+02
1.332555267702936135e+02
1.305483304548071430e+02
1.337698906160046022e+02
1.306356649395509635e+02
1.333526482440990151e+02
1.310376799078871670e+02
1.324999424294761070e+02
1.303639320667818140e+02
1.310883995394358124e+02
1.299099021301093728e+02
1.301070523891767436e+02
1.311960852043753505e+02
1.304886298215313900e+02
1.323555555555555543e+02
1.310039723661485311e+02
1.333938975244674623e+02
1.309355785837651069e+02
1.337161485319516316e+02
1.319325273459988352e+02
1.341439550949913553e+02
1.330858664363845776e+02
1.344867587795048962e+02
1.344072826712722986e+02
1.338266839378238444e+02
1.349590961427749107e+02
1.338511801957397722e+02
1.348281232009211408e+02
1.333957109959700631e+02
1.340025618883131813e+02
1.330541162924582750e+02
1.327560449050086220e+02
1.331749280368451309e+02
1.324896085204375424e+02
1.335071963154864818e+02
1.328422279792746110e+02
1.336203799654576869e+02
1.323283822682786308e+02
1.328839090385722557e+02
1.321102475532527478e+02
1.324404720782959259e+02
1.324805411629245953e+02
1.318247265400115111e+02
1.322094703511801868e+02
1.318900115141047706e+02
1.323195164075993091e+02
1.318041738629821396e+02
1.321817789291882548e+02
1.316883707541738602e+02
1.325747553252734576e+02
1.308427461139896479e+02
1.308170408750719673e+02
1.311834772596430696e+02
1.320320379965457676e+02
1.318270581462291204e+02
1.328633851468048306e+02
1.332128382268278699e+02
1.330789004029936677e+02
1.340964306275187141e+02
1.335569372481289463e+02
1.346439550949913553e+02
1.341677892918825421e+02
1.356055843408175008e+02
1.344153713298790933e+02
1.360127806563039599e+02
1.353140759930915351e+02
1.359475532527345933e+02
1.359101036269429983e+02
1.355239205526770263e+02
1.353743523316062181e+02
1.350736902705814657e+02
1.348725676453655637e+02
1.345277489925158250e+02
1.337500000000000000e+02
1.351894358088658521e+02
1.342000575705238816e+02
1.357902417962003483e+02
1.342144214162348987e+02
1.351586643638457019e+02
1.338654576856649498e+02
1.354599597006332772e+02
1.340496545768566534e+02
1.348108520437535844e+02
1.347141623488773803e+02
1.340778929188255688e+02
1.343320379965457789e+02
1.338284110535405773e+02
1.345446747265400234e+02
1.327175302245250350e+02
1.347191997697179033e+02
1.314457109959700745e+02
1.331519861830742570e+02
1.306441853770869272e+02
1.324120898100172781e+02
1.306582325849165329e+02
1.322004317789291861e+02
1.317455382843983784e+02
1.320847150259067462e+02
1.332380541162924601e+02
1.321048647092688668e+02
1.335232297063903388e+02
1.332476683937823907e+02
1.339482440990213092e+02
1.336248128957973620e+02
1.346584916522740230e+02
1.341641911341393154e+02
1.350175590097869929e+02
1.356576856649395495e+02
1.353168681635002883e+02
1.356466321243523225e+02
1.359527345998848489e+02
1.350637305699481772e+02
1.345359815774323522e+02
1.349145077720207269e+02
1.347196027633851543e+02
1.350785549798503098e+02
1.359861542890040198e+02
1.353556131260794473e+02
1.362777777777777715e+02
1.357455670696603249e+02
1.362289004029936734e+02
1.356626079447322866e+02
1.369720782959124961e+02
1.356985895221646388e+02
1.365585780080598681e+02
1.364648819804260143e+02
1.360100172711571815e+02
1.362092976396085078e+02
1.362314047207829617e+02
1.358813183649971279e+02
1.349464018422567619e+02
1.360142487046632027e+02
1.334238629821531390e+02
1.348655440414507893e+02
1.335260506620610386e+02
1.340130397236614783e+02
1.337509499136442059e+02
1.342783822682786479e+02
1.347462003454231478e+02
1.343999424294761127e+02
1.349366724237190454e+02
1.354630972941853884e+02
1.349651410477835327e+02
1.350184513529073058e+02
1.344922855497985097e+02
1.347562464018422475e+02
1.340073978123200789e+02
1.352488198042602221e+02
1.334341105354058641e+02
1.349116580310880806e+02
1.328517846862406486e+02
1.355657455382844034e+02
1.318134427173287406e+02
1.351122625215889457e+02
1.310373632700057556e+02
1.335926597582038085e+02
1.312089522164651783e+02
1.333215601611974535e+02
1.325576856649395552e+02
1.329272308578007937e+02
1.347071675302245239e+02
1.324102187679907843e+02
1.354137881404720645e+02
1.335069372481289633e+02
1.363715025906735718e+02
1.338260506620610215e+02
1.368590097869890485e+02
1.353898388025330917e+02
1.368881692573402518e+02
1.358641047783534930e+02
1.370235751295336684e+02
1.355665227403569304e+02
1.373212435233160704e+02
1.353988773747841208e+02
1.361483880253310303e+02
1.364124928036845006e+02
1.358343696027633882e+02
1.373701208981001685e+02
1.370531375935520941e+02
1.382576856649395438e+02
1.373151986183074200e+02
1.391217040875071973e+02
1.377850028785261998e+02
1.396779217040875096e+02
1.387108232584916436e+02
1.399071963154864591e+02
1.395790731145653467e+02
1.406315486470926999e+02
1.407117443868739315e+02
1.403342544617156022e+02
1.411062464018422702e+02
1.400012665515256174e+02
1.411723949337938961e+02
1.400675877950489223e+02
1.407903857225100808e+02
1.395915659182498700e+02
1.395658318940702429e+02
1.394502302820955606e+02
1.386969775474956919e+02
1.391559009786988952e+02
1.389630685089234419e+02
1.391015831894070232e+02
1.398291594703511862e+02
1.392059297639608531e+02
1.399574841681059354e+02
1.396386010362694208e+02
1.400942141623488908e+02
1.385145941278065607e+02
1.403740069084628601e+02
1.387966609096142747e+02
1.399657455382844091e+02
1.391458837075417421e+02
1.404228267127230936e+02
1.374126079447322866e+02
1.403404145077720102e+02
1.380553252734599994e+02
1.386817213586643618e+02
1.380588370754173866e+02
1.378695739781232135e+02
1.370446171560161304e+02
1.360833045480713963e+02
1.375143062751870957e+02
1.356607369027058212e+02
1.379498848589522026e+02
1.361263385146804694e+02
1.376346574553828361e+02
1.367586067933218317e+02
1.371511514104778371e+02
1.370784398388025238e+02
1.376111974668969538e+02
1.377712435233160591e+02
1.377238054116292574e+02
1.390367587795049076e+02
1.381947035118019471e+02
1.390901554404145202e+02
1.384344559585492220e+02
1.390729418537708568e+02
1.385792746113989722e+02
1.392225100748416935e+02
1.383654576856649498e+02
1.389133275762809490e+02
1.384381980426021812e+02
1.382835348301669569e+02
1.375147092688543466e+02
1.381292746113989551e+02
1.377789004029936564e+02
1.382383995394358180e+02
1.376372769142199104e+02
1.383009499136442173e+02
1.378269717904432810e+02
1.378945595854922317e+02
1.380325273459988580e+02
1.369157167530224513e+02
1.377905008635578668e+02
1.375532527345998801e+02
1.373326424870466269e+02
1.371497409326424872e+02
1.377592112838226797e+02
1.364656591824985696e+02
1.374347438111686870e+02
1.365164651698330545e+02
1.360451928612550319e+02
1.362755325273460016e+02
1.356472941853770919e+02
1.359349453080023125e+02
1.341832469775474976e+02
1.357824122049510720e+02
1.342027633851467954e+02
1.357995970063327604e+02
1.351067645365572787e+02
1.355959988485895167e+02
1.361069084628670112e+02
1.361906160046056300e+02
1.366056706966033403e+02
1.369600172711571702e+02
1.372923143350604391e+02
1.370105066206102435e+02
1.376502878526194706e+02
1.381708693149107603e+02
1.379050374208405287e+02
1.381383707541738488e+02
1.390086067933218317e+02
1.383784974093264282e+02
1.385997697179044224e+02
1.385362406447898707e+02
1.389116004605641876e+02
1.379900402993667115e+02
1.378289579735175607e+02
1.370334484743811174e+02
1.383948186528497502e+02
1.372071387449625774e+02
1.387926309729418506e+02
1.374092400690846318e+02
1.384907887161773203e+02
1.377400690846286579e+02
1.382965457685664887e+02
1.384114277489925087e+02
1.388695164075993205e+02
1.376370178468624204e+02
1.389042026482441088e+02
1.378409326424870471e+02
1.384820955670696492e+02
1.377227115716752905e+02
1.385248704663212322e+02
1.376105066206102379e+02
1.384816637881404802e+02
1.377639032815198732e+02
1.375721646516983299e+02
1.386681922855497930e+02
1.376588082901554344e+02
1.374907599309153738e+02
1.367626367299942558e+02
1.387053252734599766e+02
1.381937248128957947e+02
1.390182210708117339e+02
1.395564766839378308e+02
1.394950489349453164e+02
1.392987046632124475e+02
1.401815198618307363e+02
1.399334196891191766e+02
1.402297063903281469e+02
1.411877662636730122e+02
1.407434081750143946e+02
1.416552677029361007e+02
1.409088658606793274e+02
1.419750431778929283e+02
1.404314335060448968e+02
1.415333621185952779e+02
1.405963154864709281e+02
1.410446171560161304e+02
1.396824122049510777e+02
1.395440990213010934e+02
1.393653137593552174e+02
1.388018710420264767e+02
1.393571387449625831e+02
1.386657743235463442e+02
1.395002590673575185e+02
1.383838802533103092e+02
1.393778929188255518e+02
1.380993955094991463e+02
1.393675302245250407e+02
1.392136442141623434e+02
1.392338802533103035e+02
1.395049222797927371e+02
1.398689119170984441e+02
1.399496257915947126e+02
1.393394933793897508e+02
1.385433218192285665e+02
1.392809729418537756e+02
1.420468624064479002e+02
1.375116292458261285e+02
1.376160621761657978e+02
1.428922855497985154e+02
1.386010362694300397e+02
1.347034254461715648e+02
1.421465457685664830e+02
1.404586643638457133e+02
1.329468911917098524e+02
1.433340817501439233e+02
1.426904145077720329e+02
1.340367587795049076e+02
1.433821819228554943e+02
1.426916234887737573e+02
1.350445883707541839e+02
1.420659470351180289e+02
1.425410765687967682e+02
1.354193149107656780e+02
1.419740356937248009e+02
1.417105641911341252e+02
1.356439838802533018e+02
1.402278641335636280e+02
1.399680195739781254e+02
1.378245250431778857e+02
1.386564191134139321e+02
1.393171560161197533e+02
1.351119746689694807e+02
1.368061312607944728e+02
1.368355497985031661e+02
1.358255325273460130e+02
1.366179907887161846e+02
1.378697754749568105e+02
1.367373344847437977e+02
1.381187679907887116e+02
1.403558434081750192e+02
1.371819516407599338e+02
1.409449625791594656e+02
1.408778641335636053e+02
1.382510938399539384e+02
1.408658606793321724e+02
1.428636729994242955e+02
1.393675014392630942e+02
1.416662348877374882e+02
1.425631836499712222e+02
1.403089522164651726e+02
1.414989925158319011e+02
1.421807426597582094e+02
1.402663212435233220e+02
1.407729706390328204e+02
1.411310017271157164e+02
1.401834772596430696e+02
1.410920264824409855e+02
1.418693436960276415e+02
1.406660909614277557e+02
1.420695451928612556e+02
1.412655440414507666e+02
1.409190558434081879e+02
1.403734312032239586e+02
1.420856649395509521e+02
1.403128382268278642e+02
1.412252446747265537e+02
1.419157167530224513e+02
1.409111974668969367e+02
1.412710708117443801e+02
1.419987910189982756e+02
1.411819804260218802e+02
1.410382268278641220e+02
1.419209844559585463e+02
1.405923719055843435e+02
1.414309729418537813e+02
1.411278353483016588e+02
1.402633563615428898e+02
1.390254749568221087e+02
1.398354346574553801e+02
1.386502302820955776e+02
1.398074841681059297e+02
1.396801093839953865e+02
1.403823834196891198e+02
1.403963154864709395e+02
1.405844847438111742e+02
1.404150259067357638e+02
1.406997985031663916e+02
1.409417674150834898e+02
1.404852043753598139e+02
1.401119170984455877e+02
1.415174726540011534e+02
1.403179044329303338e+02
