1.496459187688993779e+02
1.492117442835839540e+02
1.492570484341990777e+02
1.491856993807215872e+02
1.494810591939024960e+02
1.495728946605360079e+02
1.496403266227579536e+02
1.496729992543805281e+02
1.496071530280435695e+02
1.495613517977714366e+02
1.496039543722298220e+02
1.496351810716209059e+02
1.495561363448075838e+02
1.495382595998508748e+02
1.495154806656724986e+02
1.495526153639037261e+02
1.495777230644960980e+02
1.495936076073899130e+02
1.495838459467296389e+02
1.495891442463029648e+02
1.496158454496499814e+02
1.495877695103765461e+02
1.495236061057951247e+02
1.495539771550474200e+02
1.495168204506855432e+02
1.495519059898098533e+02
1.495441779545172096e+02
1.495507797937119392e+02
1.495631368833105626e+02
1.495714085994780760e+02
1.495599304606271573e+02
1.495808725301354514e+02
1.495702927592063247e+02
1.495717425748726157e+02
1.495731432003645125e+02
1.495564004183753752e+02
1.495845941551716862e+02
1.495695898575038427e+02
1.495601893562818532e+02
1.495115363903732373e+02
1.495122600037281018e+02
1.494563838490534806e+02
1.494606996396172462e+02
1.494523101259268572e+02
1.494468539000041289e+02
1.494215921564972405e+02
1.493833636241249394e+02
1.493319132906673303e+02
1.493211043970837864e+02
1.492883191458514602e+02
1.492914220102729814e+02
1.492534368398160893e+02
1.492661330827223480e+02
1.492389503334576091e+02
1.493049415413611598e+02
1.492941145250818238e+02
1.493565705128205252e+02
1.494064907729588754e+02
1.494065438465680700e+02
1.494309460565013978e+02
1.494584977320740791e+02
1.494789233047512482e+02
1.494402391160266745e+02
1.494955612340002347e+02
1.495028517356364830e+02
1.495214223209477780e+02
1.495066691520649442e+02
1.494542453709456993e+02
1.494506790833022762e+02
1.494622957313284530e+02
1.494477496789693873e+02
1.494578064806760267e+02
1.494609002837496234e+02
1.494684406196926432e+02
1.494571644194523969e+02
1.494568925790149478e+02
1.494892402965908502e+02
1.494728884470403045e+02
1.494715175945486862e+02
1.494792456298413583e+02
1.494666633010231465e+02
1.494801465867196839e+02
1.495211621308147869e+02
1.495280681724038061e+02
1.495394738204713860e+02
1.495466775920633040e+02
1.495177421192162797e+02
1.495155829294561158e+02
1.494597805600430718e+02
1.494613792407108122e+02
1.494649791847893709e+02
1.494854125243361977e+02
1.494888946708918525e+02
1.494711460792842104e+02
1.494594828300401730e+02
1.494533612422848989e+02
1.494366132823826661e+02
1.494432889068390011e+02
1.494274600265109143e+02
1.494445277225466953e+02
1.494314133631581001e+02
1.494564887017936314e+02
1.494610258481421567e+02
1.494144518143407367e+02
1.494435620417546886e+02
1.493342122840810191e+02
1.493511414709415419e+02
1.493321903090178466e+02
1.493584488007953155e+02
1.492986503769520823e+02
1.493070062342073641e+02
1.493061687067644243e+02
1.493121168344310377e+02
1.492721045109978775e+02
1.492603428814050801e+02
1.492625279607306936e+02
1.492453722401723155e+02
1.492501980551758436e+02
1.492105753697030082e+02
1.492297491818897299e+02
1.492172587610289440e+02
1.491882533863551714e+02
1.491901433246344482e+02
1.491994532123772785e+02
1.491962338449111485e+02
1.491817033262913696e+02
1.492017301996603180e+02
1.492138970009527270e+02
1.492771193198293247e+02
1.492770520069591100e+02
1.492970542852408755e+02
1.492887735077254376e+02
1.492975643096806380e+02
1.493178319560084617e+02
1.493264505923532681e+02
1.493367378111925632e+02
1.493365009216685166e+02
1.493313670208359270e+02
1.493426911167723006e+02
1.492926957768940781e+02
1.492935022368584441e+02
1.492762986206039386e+02
1.492858518702622064e+02
1.492401580816867579e+02
1.492247667350151232e+02
1.491678524087651851e+02
1.491892242450602737e+02
1.491745836957872484e+02
1.491949057102025620e+02
1.492146076695248667e+02
1.491894870241497983e+02
1.491820606022948539e+02
1.491770095480717373e+02
1.491806742160639487e+02
1.491630460109357443e+02
1.491433738246137182e+02
1.491329830475125391e+02
1.491324419555942313e+02
1.491504313201607204e+02
1.491088720951907476e+02
1.491057601694213304e+02
1.491205858290874460e+02
1.490971492999461532e+02
1.491164978666998024e+02
1.491120526283086747e+02
1.491112293401267550e+02
1.491009770722008341e+02
1.491031233171782446e+02
1.490956231100617231e+02
1.491504520318131028e+02
1.491393583530094133e+02
1.491497115902406563e+02
1.490978612629965596e+02
1.491126713889234168e+02
1.490045941033925772e+02
1.489844403711528003e+02
1.492198127666625282e+02
1.492741471977134324e+02
1.492794506751998540e+02
1.493050010873617452e+02
1.492495870614307591e+02
1.492391289714593370e+02
1.493068923201192888e+02
1.492395224928544906e+02
1.492783335404498644e+02
1.492584166977341340e+02
1.492560956981897959e+02
1.492477527857172390e+02
1.492758701482954393e+02
1.493444956194855138e+02
1.493713625160515335e+02
1.493777222878091209e+02
1.493739760676856747e+02
1.493479169255623162e+02
1.493554831510707857e+02
1.493621794871794748e+02
1.493747087423884636e+02
1.493636797874984552e+02
1.493606817758170848e+02
1.493611659106913692e+02
1.492898505136489860e+02
1.492972238618947074e+02
1.493032626030404799e+02
1.492955863468787641e+02
1.492871916552752509e+02
1.492877469864545787e+02
1.492790247918478883e+02
1.492923359119340603e+02
1.493065583447247491e+02
1.492815800919597393e+02
1.492999150822252545e+02
1.493198215691147936e+02
1.493639464500227803e+02
1.493844639306573754e+02
1.493799371401350413e+02
1.493948081065407507e+02
1.494018371235657128e+02
1.493937233337475732e+02
1.493855525868853817e+02
1.494097101404250054e+02
1.493859409303674113e+02
1.493589135184955126e+02
1.493876056294271280e+02
1.493661302348701270e+02
1.493943563336233069e+02
1.493431480676028400e+02
1.493710893811358176e+02
1.493428024419038138e+02
1.493669574064868755e+02
1.492806299449069911e+02
1.492737756824489566e+02
1.492875541091918308e+02
1.492851399072117999e+02
1.493182151215773956e+02
1.493249179300774756e+02
1.493412684851497545e+02
1.493479958887370174e+02
1.493376064061140767e+02
1.493609393769934854e+02
1.493420076322439058e+02
1.493388426328652372e+02
1.493057894246302908e+02
1.493162086802535100e+02
1.493111964603785964e+02
1.492873573484942540e+02
1.493028846153846132e+02
1.493040224617870138e+02
1.492521721345428887e+02
1.492888459985087479e+02
1.493114242885547469e+02
1.492734326457064640e+02
1.492708889958990994e+02
1.492833496437595784e+02
1.493197982685058491e+02
1.492725847624373614e+02
1.492723996520442427e+02
1.492460518412659098e+02
1.493066088293774101e+02
1.492367665486102339e+02
1.492635674267843058e+02
1.492320119299117778e+02
1.492468854852740208e+02
1.492615350958949421e+02
1.492462097676152553e+02
1.492460311296135274e+02
1.492415638850917503e+02
1.492407289466053726e+02
1.492415431734393678e+02
1.492457321051323333e+02
1.492323109543929434e+02
1.492543507414771682e+02
1.492578095874238784e+02
1.492247680294933900e+02
1.492562122012344048e+02
1.492408467441282482e+02
1.492582199370365856e+02
1.492608503168882805e+02
1.492598095563564016e+02
1.492453605898678575e+02
1.492777005405741306e+02
1.492761497556024892e+02
1.492398085725529313e+02
1.492398629406403927e+02
1.492063113582701703e+02
1.492281427343523603e+02
1.491813719398533635e+02
1.491515329211714516e+02
1.491377816784723223e+02
1.491571198893997803e+02
1.491908281036411097e+02
1.492163785158030009e+02
1.492334306780994950e+02
1.492254372747607931e+02
1.492267654094693796e+02
1.492294501574085643e+02
1.492467650987945831e+02
1.492260728635930604e+02
1.492636658071330942e+02
1.492282268754401287e+02
1.492386875543680844e+02
1.492243965142289142e+02
1.492547623855681138e+02
1.492365762603040480e+02
1.491818159459011781e+02
1.491668660163207960e+02
1.491508805041216306e+02
1.491366088811565476e+02
1.491483821610538030e+02
1.491664957955345585e+02
1.491319047471107240e+02
1.490988670726150644e+02
1.491159994925645265e+02
1.490585376020048898e+02
1.490863417008409044e+02
1.490792388985543369e+02
1.491020722008201744e+02
1.491064151754276850e+02
1.490685659251895174e+02
1.490731354334948833e+02
1.490857423574002780e+02
1.490632223188765977e+02
1.490795948800795259e+02
1.490699730230727766e+02
1.490718539000041289e+02
1.490560237251978037e+02
1.490613634480758947e+02
1.490816945238391042e+02
1.491001680232799060e+02
1.491406838987614378e+02
1.491103827513358908e+02
1.491342619920467314e+02
1.491458242719854184e+02
1.491406489478480637e+02
1.491413000704196179e+02
1.491464482105132277e+02
1.491267035334078912e+02
1.491290556004308030e+02
1.491402010583654487e+02
1.491336535872581806e+02
1.490945694047471193e+02
1.490888659334741817e+02
1.490549156517957101e+02
1.490401909614349165e+02
1.490483228739488766e+02
1.490406349674827027e+02
1.490597919514518992e+02
1.490201369040221948e+02
1.490272500621349536e+02
1.490135415372188277e+02
1.490344486558137476e+02
1.490483759475580996e+02
1.490374065386686482e+02
1.490851520753075761e+02
1.490725179673584364e+02
1.490837954620769779e+02
1.491631534526324572e+02
1.491588454289383208e+02
1.491637087838117850e+02
1.491672543598028255e+02
1.491626020048879582e+02
1.491919970175220556e+02
1.491919154653908208e+02
1.491373570895985949e+02
1.491150014498156793e+02
1.490947739323143253e+02
1.490874018785468706e+02
1.491083284143159062e+02
1.491004230354997731e+02
1.490849928544799354e+02
1.490964994718528658e+02
1.490875831055051606e+02
1.490931907853858718e+02
1.490645672818027379e+02
1.491036074520525290e+02
1.491225883869765028e+02
1.491079025309639121e+02
1.490982340727393307e+02
1.490890704610413877e+02
1.490511564868895107e+02
1.490590074976181540e+02
1.490408498508760999e+02
1.490105668261464018e+02
1.490792583157284241e+02
1.491404923159769567e+02
1.491050469118926287e+02
1.491084928130566141e+02
1.491151736154260448e+02
1.491018650842964348e+02
1.490856970506607126e+02
1.491086106105795182e+02
1.491116849964790276e+02
1.490340758460710049e+02
1.490276824178783102e+02
1.490066510293691238e+02
1.490239879768857918e+02
1.490691639741518486e+02
1.490790045979868239e+02
1.490867028602791891e+02
1.491066002858208037e+02
1.490816647508388257e+02
1.490944878526158845e+02
1.490887429580381820e+02
1.490954548278861580e+02
1.491057731142040552e+02
1.491170622592270547e+02
1.491192162710740945e+02
1.491377959177333139e+02
1.491397376351435184e+02
1.491423214137773812e+02
1.491381635495629894e+02
1.490989654529638244e+02
1.490894199701752143e+02
1.490953888094942101e+02
1.491761500144981483e+02
1.491837602522679163e+02
1.492194024170498210e+02
1.492308456049873655e+02
1.492427315044944294e+02
1.492355769230769340e+02
1.492874829128867873e+02
1.492882971397208109e+02
1.492738158112754263e+02
1.492103617807878777e+02
1.492245181951866186e+02
1.492155526386645192e+02
1.492362966529969697e+02
1.491988461020670229e+02
1.492038803280725858e+02
1.491931361584027229e+02
1.492110737438382841e+02
1.491900138768070860e+02
1.492102854065697386e+02
1.492121844061969398e+02
1.491897277971086453e+02
1.491912423366886173e+02
1.491895724597158335e+02
1.491946105691561968e+02
1.491812968601134912e+02
1.491711196719274142e+02
1.492582626548195890e+02
1.492613124456319156e+02
1.492665227206826444e+02
1.492948497887411463e+02
1.493232286359305760e+02
1.492329698438341552e+02
1.492312119423387458e+02
1.492164639513690361e+02
1.492173972702042306e+02
1.492033482975021741e+02
1.491475342777846720e+02
1.491574719874901689e+02
1.491353208752744308e+02
1.491637929248995533e+02
1.491184719460668475e+02
1.491437194503127444e+02
1.491009900169835589e+02
1.491073899175676161e+02
1.490874225901992531e+02
1.491056190712895102e+02
1.490859248788368348e+02
1.490723535686177001e+02
1.490813747877055562e+02
1.490639912389710560e+02
1.490629440060478146e+02
1.490730033967109875e+02
1.490605854666335404e+02
1.491050999855018517e+02
1.490578359947806746e+02
1.490673089867859744e+02
1.490771586719688457e+02
1.490651472080692486e+02
1.490574748353423615e+02
1.490464678865830024e+02
1.490432834700302465e+02
1.490061280601466365e+02
1.489903380141667810e+02
1.489859950395592421e+02
1.489889788119796208e+02
1.489662658961931925e+02
1.489707253738453119e+02
1.489468500165693285e+02
1.489264917567623456e+02
1.489435361521892105e+02
1.489529418313242957e+02
1.489313162772876069e+02
1.489391672880162503e+02
1.490054614038357954e+02
1.489819821569114708e+02
1.489832714572718544e+02
1.489856092850337461e+02
1.490105422310591905e+02
1.490531823453875120e+02
1.491203101052151965e+02
1.490804427633486569e+02
1.490977434654736840e+02
1.490835818731618474e+02
1.491081950830537153e+02
1.490626009693053220e+02
1.490893953750880314e+02
1.490775949111470027e+02
1.490575343813429470e+02
1.490547926763597104e+02
1.490447022182179637e+02
1.490333988339339726e+02
1.490022899320657928e+02
1.489989786566422367e+02
1.489562919410960546e+02
1.489128479557599007e+02
1.488952857690236442e+02
1.489384799200530267e+02
1.489310120748933457e+02
1.489477600347955786e+02
1.489008313139472364e+02
1.488913738556811950e+02
1.489109619009154528e+02
1.488916832359885802e+02
1.488891292303549960e+02
1.488623141129199325e+02
1.488758569446170554e+02
1.488627801250983680e+02
1.488673444554906666e+02
1.488759333188351661e+02
1.488655904374300860e+02
1.488743786504287243e+02
1.488697211176007613e+02
1.488580734020960108e+02
1.488334718425086010e+02
1.488609989229940709e+02
1.488887124083509264e+02
1.489192465618657195e+02
1.488639179715007685e+02
1.488388866451265358e+02
1.488423467855515412e+02
1.488459570854562912e+02
1.488581821382709904e+02
1.488597445735470899e+02
1.488717392092291050e+02
1.488659321796942834e+02
1.489279208607762826e+02
1.489208685431423760e+02
1.489423801830910179e+02
1.489460681516921454e+02
1.489253720330557940e+02
1.489560887080071154e+02
1.488779268153763269e+02
1.488743566442980750e+02
1.488602416532040991e+02
1.488283029907626087e+02
1.488358226150532175e+02
1.488596021809370029e+02
1.488616629903483783e+02
1.489328075162586345e+02
1.489018617186529241e+02
1.489028261049666639e+02
1.488739424112505674e+02
1.488425396628142892e+02
1.488362769769272234e+02
1.488114462946853962e+02
1.488391080009113239e+02
1.488073169089929877e+02
1.488106631353299463e+02
1.487768190008698923e+02
1.488013881985004900e+02
1.487585111946481220e+02
1.487675906652582682e+02
1.488361074002733915e+02
1.488425551965535760e+02
1.488429241228615183e+02
1.488486353610041135e+02
1.488320259102771104e+02
1.488176144836585024e+02
1.488246344393355685e+02
1.488008367507559626e+02
1.488018632720268499e+02
1.487210567602833464e+02
1.487100951182635242e+02
1.487460427799179854e+02
1.487602445010562917e+02
1.487754908661613058e+02
1.487902776914792184e+02
1.487765044426494399e+02
1.488092482705770294e+02
1.487482149144608741e+02
1.487564128453668104e+02
1.487659842177208986e+02
1.487951591690485031e+02
1.487698042231059219e+02
1.487774325835715103e+02
1.488019474131146183e+02
1.487995345056128542e+02
1.487748708110682969e+02
1.487838531958079500e+02
1.487913055072283726e+02
1.488030024129074889e+02
1.488049247131436061e+02
1.487950180709167114e+02
1.487990348369992830e+02
1.487821121225301226e+02
1.487701951555445135e+02
1.487311627521643800e+02
1.487420273083136522e+02
1.487282721821796940e+02
1.487075074561948611e+02
1.487199227973157747e+02
1.487014790708752798e+02
1.486671054948013762e+02
1.486926157781367692e+02
1.486810949215028472e+02
1.486717850337599884e+02
1.486855776997638827e+02
1.486785745723043703e+02
1.486642446978169971e+02
1.486632829004597909e+02
1.486883491777473978e+02
1.486946170415475876e+02
1.486612764591359053e+02
1.486734963340375373e+02
1.486698368439584215e+02
1.486845770680585019e+02
1.487157325711445139e+02
1.487325750279607348e+02
1.487455418168261474e+02
1.487784073257114414e+02
1.487057171927426396e+02
1.486631741642848397e+02
1.486830780622178168e+02
1.486929316308355169e+02
1.487026894080609623e+02
1.486932889068390011e+02
1.486893213309307953e+02
1.486692931630835517e+02
1.487013056107866191e+02
1.486798483389254670e+02
1.486702860279193033e+02
1.486633463298952051e+02
1.486682472246385771e+02
1.487346526655896639e+02
1.487366759351311032e+02
1.487314203533407806e+02
1.487633305372602592e+02
1.487341840644546664e+02
1.487595597220496302e+02
1.487345995919804409e+02
1.487459120376123565e+02
1.487370927571351729e+02
1.487719595294312569e+02
1.487640670953978770e+02
1.487956109419659469e+02
1.487910064827472070e+02
1.487960808375792112e+02
1.488026270142081842e+02
1.487982024874694389e+02
1.487633111200861720e+02
1.487484259144194425e+02
1.487348791992875192e+02
1.487362306346050218e+02
1.487388959653701193e+02
1.487111138726647539e+02
1.486899336191541465e+02
1.486633864587216749e+02
1.487140484549107384e+02
1.487117106271488467e+02
1.487057624994822049e+02
1.487356287022078618e+02
1.487557940847520683e+02
1.487815490244811656e+02
1.487751452404622796e+02
1.487746675779793577e+02
1.487828810426245809e+02
1.488068250072490741e+02
1.488042645292241275e+02
1.488137893003603835e+02
1.488396219087858867e+02
1.488346705293898253e+02
1.488415597427612909e+02
1.488389500745619500e+02
1.488209037529514092e+02
1.488177322811814065e+02
1.488741961289921676e+02
1.488258370096516217e+02
1.488157361956836837e+02
1.488160119195559332e+02
1.487762157739944371e+02
1.487982879230355024e+02
1.487879256244563067e+02
1.488042321672673154e+02
1.488081492585228318e+02
1.487984018371235777e+02
1.487841483368543152e+02
1.487808538896483128e+02
1.488139860610579603e+02
1.488356025537467247e+02
1.488361436456650608e+02
1.487955578683567239e+02
1.488005817385360956e+02
1.487729821672673154e+02
1.487988070088231609e+02
1.487860615757425080e+02
1.487888226978998318e+02
1.487631156538668620e+02
1.488000432355743214e+02
1.487977817820305688e+02
1.488058903939356412e+02
1.488019784805931920e+02
1.487948277826104970e+02
1.487932213350730990e+02
1.487797484052027812e+02
1.487720553208234833e+02
1.487788357980199692e+02
1.487980989292075833e+02
1.487757251667287903e+02
1.487729510997887417e+02
1.487681783583944366e+02
1.488158190422931852e+02
1.487963371442773735e+02
1.487736281119257740e+02
1.487450615653866919e+02
1.487657123772834495e+02
1.487413321734807994e+02
1.487385852905844956e+02
1.487218438030735967e+02
1.487089520939480565e+02
1.486996991632492495e+02
1.487141727248249765e+02
1.487024732301892982e+02
1.487099346029576168e+02
1.487011839298289146e+02
1.487281375564392647e+02
1.487215292448531443e+02
1.487094789466053726e+02
1.487049172051696360e+02
1.487018169297046484e+02
1.487068666894494982e+02
1.487353374445963254e+02
1.487301336419369591e+02
1.486987075928917648e+02
1.487246994221449086e+02
1.487473100741477197e+02
1.487387483948469367e+02
1.487538808458638755e+02
1.487619312062466292e+02
1.487497035644753680e+02
1.487845781036411097e+02
1.487648101259268572e+02
1.487442576943788595e+02
1.487504673066567307e+02
1.487851580299076204e+02
1.487792189635889031e+02
1.487804940246882950e+02
1.487747064123275891e+02
1.487672566898637285e+02
1.487920563046269820e+02
1.487842376558551791e+02
1.487946672673045896e+02
1.488388426328652372e+02
1.488443027422227658e+02
1.488427001781201966e+02
1.488546792800629532e+02
1.488223302680087841e+02
1.488231030715380427e+02
1.487980756285986388e+02
1.487989519903897815e+02
1.487819762023114265e+02
1.487619079056377132e+02
1.487673628370821461e+02
1.487682560270908425e+02
1.487418849157035652e+02
1.488202267408143769e+02
1.488145905824116539e+02
1.488443584047885224e+02
1.488538223354459262e+02
1.488647490265523459e+02
1.488505576612402024e+02
1.488298524812559549e+02
1.488402290190961423e+02
1.488060004245888877e+02
1.488458017480634510e+02
1.488401863013131106e+02
1.488401565283128321e+02
1.488262382979164045e+02
1.488228169918396020e+02
1.488177801768775055e+02
1.488307586160473761e+02
1.488217619920467314e+02
1.488521951762561741e+02
1.488233995070626747e+02
1.488268764757052338e+02
1.488073855163414976e+02
1.488191769189346019e+02
1.487450693322563211e+02
1.487500737852615771e+02
1.487277116730872706e+02
1.487199163249244123e+02
1.487139190070833763e+02
1.487901974338262789e+02
1.487696229961476320e+02
1.487711983762064563e+02
1.487943397643013839e+02
1.487764759641274281e+02
1.488028147135578365e+02
1.487904110227413810e+02
1.487813224907833103e+02
1.487833121038896422e+02
1.487733109647487595e+02
1.487554756430968155e+02
1.487551468456153430e+02
1.486884682697485687e+02
1.486607263058696731e+02
1.486368871939853307e+02
1.486668284764508599e+02
1.486412469968103949e+02
1.486310426245806013e+02
1.486218841907957540e+02
1.486210958535272084e+02
1.486754484072739331e+02
1.486971309183546737e+02
1.486698847396545204e+02
1.487002752060809314e+02
1.487129546207696364e+02
1.486992551572014349e+02
1.486793577316598203e+02
1.486870857669524923e+02
1.486593865208566285e+02
1.486540325587175460e+02
1.486434191313533120e+02
1.486449116648026063e+02
1.487269906486889397e+02
1.487652385982353564e+02
1.487454033076508892e+02
1.487414823329605156e+02
1.487423871732736700e+02
1.487550847106582239e+02
1.487319187274760850e+02
1.487417425230934782e+02
1.487417955967027012e+02
1.487305193964624550e+02
1.487204315272772419e+02
1.487318954268671689e+02
1.487123539828507433e+02
1.486633256182428227e+02
1.486409013711113971e+02
1.486022896731701337e+02
1.486174726088397335e+02
1.486205702953481591e+02
1.486896112940640364e+02
1.487035217575908348e+02
1.487077987138063975e+02
1.486998972184250931e+02
1.487125261484611372e+02
1.487174788223354369e+02
1.487022272793173556e+02
1.487002803839940270e+02
1.487120588418044065e+02
1.487094491736050657e+02
1.487024525185369157e+02
1.487098789403918602e+02
1.486948396918106141e+02
1.487054686529141350e+02
1.486983956236278459e+02
1.487038039538544467e+02
1.486203036328238341e+02
1.485909241539289951e+02
1.486015078082929506e+02
1.485795819352968010e+02
1.485744700405948322e+02
1.485888050929953295e+02
1.485762810156994362e+02
1.486274439749803378e+02
1.486221301416676965e+02
1.486362088873700316e+02
1.486366373596785593e+02
1.486308601031440162e+02
1.485845126030404799e+02
1.486370101694213304e+02
1.486244084234290312e+02
1.486167127500931997e+02
1.486064993165154817e+02
1.485981149807381598e+02
1.486172175966198665e+02
1.485657594962926282e+02
1.485803275547823148e+02
1.485880555900749869e+02
1.485979984776935510e+02
1.485912400066277428e+02
1.485689555631498422e+02
1.485931571289507360e+02
1.486160926950002192e+02
1.485285756078870065e+02
1.485093072987862968e+02
1.485124955987738815e+02
1.484910603330433787e+02
1.485126535251232269e+02
1.485142392610082425e+02
