1.804233988137887081e+02
1.804079218414138950e+02
1.803902169910835198e+02
1.803196774739272428e+02
1.802832639220603426e+02
1.803085940609824149e+02
1.805345961706870526e+02
1.807409180698192870e+02
1.809312567172199806e+02
1.810986597902237065e+02
1.811469765046572604e+02
1.811881530630523116e+02
1.814329285586338756e+02
1.815811440171960953e+02
1.817400796612530769e+02
1.818929001472812672e+02
1.816448083353236314e+02
1.818495840299339363e+02
1.817966859226972360e+02
1.820983537835363393e+02
1.821183238297110165e+02
1.820376873358012801e+02
1.821972511643181178e+02
1.822247283257702293e+02
1.819264476852957557e+02
1.819924642743412164e+02
1.820643758458721493e+02
1.820501763892206100e+02
1.822087338786720920e+02
1.822617576228007295e+02
1.822719503821351736e+02
1.822818918676856867e+02
1.823216540780988737e+02
1.823205569321710016e+02
1.823158387071092932e+02
1.823369643639041442e+02
1.821901533018867951e+02
1.821811285924687525e+02
1.821975982206830622e+02
1.822629182091394000e+02
1.823024092428946688e+02
1.822847255393678836e+02
1.824337296493113740e+02
1.822211507841732328e+02
1.822981500278640112e+02
1.820532153092906640e+02
1.819876117048801802e+02
1.818132550652814245e+02
1.822048341593026066e+02
1.820944043069819145e+02
1.821278672577820146e+02
1.820323546095056031e+02
1.821621300553299818e+02
1.822146587154685164e+02
1.824108040263513999e+02
1.820448038571769871e+02
1.821935853037178674e+02
1.821923749601942575e+02
1.822229470185494904e+02
1.823953469568505739e+02
1.825630771833452854e+02
1.825888638444391461e+02
1.824814766439774019e+02
1.824825601066794150e+02
1.823147054872223407e+02
1.823004848837672114e+02
1.822719615775017985e+02
1.822691179543826081e+02
1.822055742974285408e+02
1.822171030371785605e+02
1.824942070197436408e+02
1.825592520997531949e+02
1.822794923274420853e+02
1.823055352380383738e+02
1.823336057539208639e+02
1.824441649749223870e+02
1.824966811957646655e+02
1.825868374830825474e+02
1.827823073401799263e+02
1.826987886613326850e+02
1.825084885757503343e+02
1.826160611217259770e+02
1.826022982843722673e+02
1.825917858351245968e+02
1.825802570953745771e+02
1.825727960054931884e+02
1.825765178429265063e+02
1.825662890096329818e+02
1.825726989789825723e+02
1.825619203287954804e+02
1.825772841035745557e+02
1.826056021614521114e+02
1.826277913780749884e+02
1.826272390733221869e+02
1.826172353912905066e+02
1.826245260628134588e+02
1.826364105664357851e+02
1.826182404864262310e+02
1.826383871706074444e+02
1.826088102559509707e+02
1.826034986764588837e+02
1.826259690211766440e+02
1.827869770519862982e+02
1.828389534073720313e+02
1.828555573799856688e+02
1.828260364421622342e+02
1.828730743969429113e+02
1.828832149112331820e+02
1.828796299060584261e+02
1.828790477469946723e+02
1.829153045637289949e+02
1.829128925841891657e+02
1.829096235371387706e+02
1.829042000039805771e+02
1.828992404565719312e+02
1.829012195486028247e+02
1.829368904744845281e+02
1.829290338149828870e+02
1.829284976813151786e+02
1.829412554235331640e+02
1.829558616451715523e+02
1.829493384782262524e+02
1.828363548383886723e+02
1.829867795159620982e+02
1.830185096727967391e+02
1.830242230415572067e+02
1.830400458263673329e+02
1.830383018370352772e+02
1.831681469429185540e+02
1.831785163402595344e+02
1.828862102937664247e+02
1.828141606460472985e+02
1.829533414437544820e+02
1.829943960970464047e+02
1.829418114600748311e+02
1.829561688957885508e+02
1.828252564982883541e+02
1.827713047826606214e+02
1.827706803299896592e+02
1.828371173672478278e+02
1.829498932708383165e+02
1.828092234893718739e+02
1.826822406655521149e+02
1.826545756707268424e+02
1.826388051309609182e+02
1.826784006548045625e+02
1.826840754617466871e+02
1.826744959597165803e+02
1.826902590359047736e+02
1.827154722454422426e+02
1.827280931554016377e+02
1.827438960373378052e+02
1.825717822028501018e+02
1.825742800135339508e+02
1.825603728803439196e+02
1.825917796154764687e+02
1.825933307957168950e+02
1.825814649510389245e+02
1.825920047667383130e+02
1.825813952909800264e+02
1.825491887090995817e+02
1.825777406257463440e+02
1.825477482385956591e+02
1.825502448053499052e+02
1.825185619178409411e+02
1.825385431593822148e+02
1.825181340060504738e+02
1.825308084049836737e+02
1.825092660317649802e+02
1.825301317072685379e+02
1.826127000238834626e+02
1.826577626184221117e+02
1.826604258717458720e+02
1.825756508239789753e+02
1.825528682529257196e+02
1.825805108570177424e+02
1.825633433842846785e+02
1.825656222633548396e+02
1.825542937962741803e+02
1.825818742038850360e+02
1.825604064664437658e+02
1.825949926856938248e+02
1.825749517355306182e+02
1.825587968215110379e+02
1.825522139459438051e+02
1.825559581741103443e+02
1.825531307220762756e+02
1.825445451198152966e+02
1.825287982147121966e+02
1.824907899450680588e+02
1.824816209398137232e+02
1.824135742576227983e+02
1.825461224225778096e+02
1.825089712204442378e+02
1.825801812156675510e+02
1.826517818047926198e+02
1.827841172577820146e+02
1.827769099295438195e+02
1.824724407391927343e+02
1.822646821013454428e+02
1.821340707348141166e+02
1.821148582417801265e+02
1.820522748984953409e+02
1.820292199068545358e+02
1.820431743093702721e+02
1.821938303578536704e+02
1.822739643041955162e+02
1.823014551488734867e+02
1.824585522649470590e+02
1.825526393698750098e+02
1.826214050433882790e+02
1.828169843662925018e+02
1.828695478564604855e+02
1.827609776789268494e+02
1.828097857455616690e+02
1.828266907491441771e+02
1.827385794821272214e+02
1.827191020320834411e+02
1.828188067231908178e+02
1.827504067649868773e+02
1.827135740088368721e+02
1.827052658028819394e+02
1.826780411591433904e+02
1.826662176080725999e+02
1.825065691923413738e+02
1.824804018887827510e+02
1.824691580089164802e+02
1.824632617825014052e+02
1.824263593662925018e+02
1.824284541437783673e+02
1.824119521733938427e+02
1.824032048602818179e+02
1.824024721857336147e+02
1.823962127318684736e+02
1.825464993332537347e+02
1.826098663522012657e+02
1.826422520599474524e+02
1.825516429822466478e+02
1.825068179782660707e+02
1.825139034014011656e+02
1.825882331721200558e+02
1.824092802125626918e+02
1.824062761225220868e+02
1.823971518987341653e+02
1.823724872621606607e+02
1.823703489471379555e+02
1.822465443635061035e+02
1.822024271554812458e+02
1.822134682748188936e+02
1.821987675145290950e+02
1.821866503960671935e+02
1.821717966324337112e+02
1.821809407590956198e+02
1.819913783237799407e+02
1.819352721220444096e+02
1.819199133229838310e+02
1.819391917442878821e+02
1.818880450899609968e+02
1.819015292870790574e+02
1.818913614063370687e+02
1.818433133807021704e+02
1.818400443336517753e+02
1.818011964115118246e+02
1.818031954064166769e+02
1.817679362212403475e+02
1.817804800075630851e+02
1.818261595911949655e+02
1.819281282342170130e+02
1.820571846887190475e+02
1.822267248328158473e+02
1.823282444172438375e+02
1.824009023465488326e+02
1.825043288750895556e+02
1.825971683186052132e+02
1.826253657153093002e+02
1.826494792910596345e+02
1.826755396166706475e+02
1.826602231112172490e+02
1.826565510309688705e+02
1.824887511444152608e+02
1.824615016220842278e+02
1.824344722752965424e+02
1.824569451078735653e+02
1.824640031645569707e+02
1.824851114063370687e+02
1.824886566057638788e+02
1.825035041497492330e+02
1.825086005294164408e+02
1.825170293965448707e+02
1.825318358908526477e+02
1.825158115894435298e+02
1.824850716005891229e+02
1.825222825113446277e+02
1.824935017116471556e+02
1.825126470324814818e+02
1.824617267733460722e+02
1.824748129129846461e+02
1.828173961069978475e+02
1.828876233978186576e+02
1.829117208024838703e+02
1.828819510787357672e+02
1.828998711288910215e+02
1.828962226833054672e+02
1.828952586378472915e+02
1.829364824655680195e+02
1.829470322327044016e+02
1.829651413601624199e+02
1.829494193336517753e+02
1.829657483978186576e+02
1.829672821630443309e+02
1.829416136752647049e+02
1.829668306165910394e+02
1.829990371984714557e+02
1.829987299478544571e+02
1.829868603713876212e+02
1.829909964373855473e+02
1.829764598758060572e+02
1.829972757941246755e+02
1.829894290860600279e+02
1.829683146246318017e+02
1.828607097364859442e+02
1.828492892186131655e+02
1.828295356161929703e+02
1.828426441465647656e+02
1.828514051429026210e+02
1.828056422159859835e+02
1.828434539447496263e+02
1.828247663900167197e+02
1.828431678409362178e+02
1.828580713617546394e+02
1.828484470782580900e+02
1.828510891847782887e+02
1.828606624671602674e+02
1.828528219787437195e+02
1.828898587393519506e+02
1.828587903530769836e+02
1.828863023445585441e+02
1.828872240964095113e+02
1.829055981808773197e+02
1.829141526848976866e+02
1.829288609087652162e+02
1.829195824377040083e+02
1.829442209517554261e+02
1.829293609684738442e+02
1.829544883468672936e+02
1.829558989630602639e+02
1.830119218215110379e+02
1.830245601464851575e+02
1.830040377955576787e+02
1.830038972315102228e+02
1.830118011603375408e+02
1.830235674906456609e+02
1.830180058812992456e+02
1.830217003522808739e+02
1.828074409382214753e+02
1.827719242596130869e+02
1.827841483560225981e+02
1.827717812077063968e+02
1.827845016320356706e+02
1.827498420209378196e+02
1.827882558116392033e+02
1.827719877000238853e+02
1.827646758816973147e+02
1.827925535884881754e+02
1.827961771554812458e+02
1.827705148873497194e+02
1.827956298264469410e+02
1.827950140812833411e+02
1.827946819520738870e+02
1.828130983301488754e+02
1.829908645808454821e+02
1.830376176757423821e+02
1.830392969807340080e+02
1.830597670866173132e+02
1.830342851882811885e+02
1.828685216145211427e+02
1.828262416905501198e+02
1.828649602440092394e+02
1.828395405421542819e+02
1.828442898654565738e+02
1.828234080188679229e+02
1.828394945167582080e+02
1.828408802543587228e+02
1.828518989829631494e+02
1.828546281645569707e+02
1.828592817052782493e+02
1.828459878293925556e+02
1.828456768469866915e+02
1.828469033615954231e+02
1.828273736665074409e+02
1.828253784033914542e+02
1.828602171403550756e+02
1.828420682071491115e+02
1.828392444869039082e+02
1.828444976017036936e+02
1.828538407571053312e+02
1.828491934360321522e+02
1.828583910516678657e+02
1.828613603116789932e+02
1.828561109286681017e+02
1.828520445227290736e+02
1.828545423334129509e+02
1.828582206333094575e+02
1.828335522649470590e+02
1.828486884006050559e+02
1.828947946520977723e+02
1.828654652794363642e+02
1.828773609784252869e+02
1.828698339602738656e+02
1.828747114083273573e+02
1.828557800433882790e+02
1.828469655580765902e+02
1.828499472573839739e+02
1.828346058733381199e+02
1.828337002925722459e+02
1.828325272669373476e+02
1.828043286263036293e+02
1.828001017534431867e+02
1.827672918656953982e+02
1.827822327044025030e+02
1.827555989272350985e+02
1.827469859585224015e+02
1.827553650684658919e+02
1.827437156675424035e+02
1.827573740148077377e+02
1.827836793945545821e+02
1.827932452133588015e+02
1.828190020201417099e+02
1.827791813450362213e+02
1.828107236684977295e+02
1.828404660257941146e+02
1.828483649789029641e+02
1.828428705417562412e+02
1.828620556683385132e+02
1.828663621526948475e+02
1.828698886931773018e+02
1.828464617665790968e+02
1.828634339423612687e+02
1.828630644952631030e+02
1.828902443575352379e+02
1.828814783854788573e+02
1.828956367924528195e+02
1.829069204780670361e+02
1.828940644654088032e+02
1.828959179205477312e+02
1.828958656755035292e+02
1.829035544045060249e+02
1.829240891947297314e+02
1.829278334228962706e+02
1.829229087055170737e+02
1.829525789148952981e+02
1.829606980435474952e+02
1.829260894335642149e+02
1.829434323003741838e+02
1.829195401440967998e+02
1.829437022331024707e+02
1.829364140494387527e+02
1.830306790363028426e+02
1.830335960512697966e+02
1.830220038711089785e+02
1.830358699546214609e+02
1.828464157411830229e+02
1.827686539686330605e+02
1.827963226952471985e+02
1.827829728425284657e+02
1.827627664497253477e+02
1.827484189654486215e+02
1.827336323740148032e+02
1.827235192261762506e+02
1.827431733142265671e+02
1.827116944311758573e+02
1.827139757981052526e+02
1.826853654167661887e+02
1.826846464254438445e+02
1.826897129508001001e+02
1.826660434579253263e+02
1.826412519405302248e+02
1.828077879945864197e+02
1.828515705855425608e+02
1.828518989829631494e+02
1.828322187723907462e+02
1.828399087453228162e+02
1.828385391788074230e+02
1.828541169094817178e+02
1.828393041955258411e+02
1.828178775077621196e+02
1.827274848738157687e+02
1.826906334587214360e+02
1.826768183763235527e+02
1.826755669831223656e+02
1.826912778142663853e+02
1.826961067490645689e+02
1.826776418577342440e+02
1.826709308574158115e+02
1.826640892444869166e+02
1.826966354191545179e+02
1.826811062017355312e+02
1.826870783078576608e+02
1.826781145509911539e+02
1.826903286959637001e+02
1.826731562475121393e+02
1.826554849832815819e+02
1.826528068028023313e+02
1.826466443754478064e+02
1.826228206352997461e+02
1.826012210413183539e+02
1.825964941087493116e+02
1.826068995800493724e+02
1.826243444490884542e+02
1.826144054513971753e+02
1.826415044582437588e+02
1.826267278182469624e+02
1.826354179105962885e+02
1.826417184141390067e+02
1.826459925563251261e+02
1.826295851245919835e+02
1.826403339204681231e+02
1.826519659063768870e+02
1.826582800931454642e+02
1.826496546851365395e+02
1.826500378154605642e+02
1.826329487102937605e+02
1.826117347344956556e+02
1.825966471120929953e+02
1.826065935733620051e+02
1.826118678349653806e+02
1.826065749144176493e+02
1.826217981251492688e+02
1.826102246039328065e+02
1.826067515524241571e+02
1.825708106938141952e+02
1.825453723330148819e+02
1.825478713876283621e+02
1.825362854271156721e+02
1.825410447018549576e+02
1.825291962721917116e+02
1.825451446938938034e+02
1.825393380304115851e+02
1.825314577362471198e+02
1.825324628313828441e+02
1.825067906118143526e+02
1.825431991879627560e+02
1.825503828815380984e+02
1.825299189953029213e+02
1.825261747671363821e+02
1.825537887608470555e+02
1.825420423334129509e+02
1.825295159621049379e+02
1.825346247810683735e+02
1.825187820933842886e+02
1.825277271913064112e+02
1.825326419572486145e+02
1.825196901620093968e+02
1.825784397141947295e+02
1.826126204123875425e+02
1.825820856719210212e+02
1.825600718493750492e+02
1.825370404923970966e+02
1.825085308693575428e+02
1.825009802165432689e+02
1.825099427294801444e+02
1.824802998865536097e+02
1.824498037079054313e+02
1.824584602141549112e+02
1.824316560186290985e+02
1.823948493850011801e+02
1.823804247770878249e+02
1.822964072824615869e+02
1.822388917084626883e+02
1.822108485590319162e+02
1.821897589761961740e+02
1.821777289328078950e+02
1.821968804732903493e+02
1.821854425404028461e+02
1.821963455835522723e+02
1.821579977211209211e+02
1.821921274181991919e+02
1.822001134463816641e+02
1.821821461269007330e+02
1.822115053538730933e+02
1.822126634523525297e+02
1.822170719389379769e+02
1.822243974404904066e+02
1.822180185693814281e+02
1.822056389817689706e+02
1.822070160118621232e+02
1.821987115376960560e+02
1.821917617028898917e+02
1.822045517872780920e+02
1.822239309668816247e+02
1.822234669811320771e+02
1.822505187186529838e+02
1.822817264250457754e+02
1.823051483759254836e+02
1.823368872402674867e+02
1.823365302324655772e+02
1.823700267693654951e+02
1.823986471021415525e+02
1.824058444789427540e+02
1.824432581502268818e+02
1.824745778102858083e+02
1.825324752706790719e+02
1.825291141728365574e+02
1.825759518549478457e+02
1.826153794482923445e+02
1.826546975758299425e+02
1.827028463597643508e+02
1.826896631936151607e+02
1.827227156476395180e+02
1.827361065500358279e+02
1.827778752189316265e+02
1.827917450342329460e+02
1.828413604111933637e+02
1.828390454581641507e+02
1.828683238297110165e+02
1.828625134344399328e+02
1.828637785108669789e+02
1.828649838786720920e+02
1.828514399729320985e+02
1.828326665870551722e+02
1.828467652854072014e+02
1.828574332258578181e+02
1.828342414019584510e+02
1.828343147938062145e+02
1.829580944988456395e+02
1.827850240824775199e+02
1.827609217020937820e+02
1.827673043049916544e+02
1.827625213955895163e+02
1.827724616372104265e+02
1.827839841573123181e+02
1.827664099195923768e+02
1.827544806345036363e+02
1.827551088189634640e+02
1.827594476454900132e+02
1.827609353853196410e+02
1.827767432429742769e+02
1.827495820396465263e+02
1.827526396186609361e+02
1.827704900087572639e+02
1.827441174568107556e+02
1.827480122004617442e+02
1.827691391011861981e+02
1.827681302742616083e+02
1.827546771753841313e+02
1.827361127696839560e+02
1.827541820913940001e+02
1.827481154466204885e+02
1.827559932529257196e+02
1.827699488993710588e+02
1.827549421323939214e+02
1.827410685853037080e+02
1.827379525415969965e+02
1.827359025455775736e+02
1.827133264668418065e+02
1.827161240645649229e+02
1.827295062594538706e+02
1.827211818824138163e+02
1.827178742735451067e+02
1.826999666626860801e+02
1.827165942699625703e+02
1.827049772112092967e+02
1.827131610242018951e+02
1.827419020181514213e+02
1.827328661133667822e+02
1.827216645271077198e+02
1.827274624830825474e+02
1.827247631557997067e+02
1.827281279854310867e+02
1.827263417024918510e+02
1.827272199168059785e+02
1.827277286840219688e+02
1.827322677832179068e+02
1.827209542432927378e+02
1.827131684877796260e+02
1.827084353355624557e+02
1.827177784909640934e+02
1.826868544005254478e+02
1.826710552503781457e+02
1.826675212463179605e+02
1.826517046811559624e+02
1.826621163721041228e+02
1.826590276948491294e+02
1.826048956094259950e+02
1.826186634224982015e+02
1.825873387867208066e+02
1.825706999840776916e+02
1.825796712045219294e+02
1.825538061758618085e+02
1.825408805031446491e+02
1.823202248029615475e+02
1.822877768987341653e+02
1.822431994367486539e+02
1.821762312415412737e+02
1.821539350469707870e+02
1.821166084507602818e+02
1.820952253005334001e+02
1.820334355843483820e+02
1.821861441167104658e+02
1.821501485251970394e+02
1.820807820336756606e+02
1.820418408168139592e+02
1.819675583154207459e+02
1.818919647122044410e+02
1.817859221996656345e+02
1.817272062335801195e+02
1.816562823421702149e+02
1.816630580268290771e+02
1.816969998905341868e+02
1.817353950222912147e+02
1.817499689017594164e+02
1.818029540840697393e+02
1.818282232704402475e+02
1.818745098917283656e+02
1.819023241581084278e+02
1.819375111953666249e+02
1.819720787556723280e+02
1.819856425642862803e+02
1.819850840398853506e+02
1.820454992138364787e+02
1.819940129667224085e+02
1.819959721558793149e+02
1.819916383050712625e+02
1.820195533297508064e+02
1.820252890892444952e+02
1.820668002647082346e+02
1.820682282959159295e+02
1.820604039785845032e+02
1.820214727131597670e+02
1.820105087174588050e+02
1.819975146286123788e+02
1.819740454084069654e+02
1.819318538034392247e+02
1.818699173035586227e+02
1.817200523943157293e+02
1.815425660277844031e+02
1.813185255950959345e+02
1.811183648793885936e+02
1.807998106739113098e+02
1.805494499343205064e+02
1.803206303240187935e+02
1.801299694988456395e+02
1.799790111754637394e+02
1.799136389419632280e+02
1.811095130761881933e+02
1.810899497950003934e+02
1.811269405302125506e+02
1.811795587532839704e+02
1.811924471081124182e+02
1.812709253841254622e+02
1.812994822764907212e+02
1.813196078138683163e+02
1.813180466821908965e+02
1.812855875825969179e+02
1.812841570635299604e+02
1.812610722175782314e+02
1.812332579511981407e+02
1.814025269186370508e+02
1.814045371089085279e+02
1.813957786004299066e+02
1.812855602161451998e+02
1.812325887170607359e+02
1.811933676160337541e+02
1.811706273385876784e+02
1.811712418398216755e+02
1.811589878891011836e+02
1.811511125706552150e+02
1.811686096847384704e+02
1.811717717538412558e+02
1.812494763056285194e+02
1.813401687266141096e+02
1.814243354927951657e+02
1.814957407849693425e+02
1.815473738157789967e+02
1.815773114700262738e+02
1.816311151580288197e+02
1.816729858291537312e+02
1.816865409302603211e+02
1.817167957865615904e+02
1.817148925742377230e+02
1.816879017892683805e+02
1.817396380662367505e+02
1.817246424946262380e+02
1.817990668039965101e+02
1.818784033914497229e+02
1.819527878950720492e+02
1.821172652456014589e+02
1.822560703765623771e+02
1.824097877358490507e+02
1.825051113068226982e+02
1.826298873994904852e+02
1.827583815978027246e+02
1.828397855962901133e+02
1.829352472434519541e+02
1.830058688599633854e+02
1.830682643698750098e+02
1.831300615496377588e+02
1.831938465289387921e+02
1.832849631299259556e+02
1.834197441485550542e+02
1.835161648654565738e+02
1.834433788114003789e+02
1.834687860739590803e+02
1.835266213378711768e+02
1.835382670070057998e+02
1.835624639260409197e+02
1.836234886255075196e+02
1.836594257523286444e+02
1.836859848937186541e+02
1.836844523724225837e+02
1.836833179086059999e+02
1.836895089463418458e+02
1.836938241382055708e+02
1.836446329412467264e+02
1.836798908824934244e+02
1.836432919851126542e+02
1.836824558653769657e+02
1.836664800772231558e+02
1.836530991262638395e+02
1.836892477211209211e+02
1.836873084348380019e+02
1.837121820515882575e+02
1.837392449844757607e+02
1.837410636095852112e+02
1.837362097961945722e+02
1.837562146723986984e+02
1.835993203168537491e+02
1.836060760986386526e+02
1.835668201675821933e+02
1.835762230316057639e+02
1.835807496915054458e+02
1.835883214911233097e+02
1.835893178787517002e+02
1.835841344240108413e+02
1.836007072983838952e+02
1.835925856818724640e+02
1.835927436609346444e+02
1.836328678548682376e+02
1.836204932429742769e+02
1.836077392325451854e+02
1.835912385060902920e+02
1.836222446958840919e+02
1.836286036641191117e+02
1.836202494327681052e+02
1.836465112749781099e+02
1.836394183882652555e+02
1.836466045696998606e+02
1.836423776968394179e+02
1.836445806962025245e+02
1.836793547488257445e+02
1.836898000258737227e+02
1.836581096747870276e+02
1.836866466642783280e+02
1.836837669672000573e+02
1.836719794900883755e+02
1.836945319341612901e+02
1.837012168119576359e+02
1.837217192600111559e+02
1.837223636155560769e+02
1.835857863625507491e+02
1.835897345951755426e+02
1.835589548005731899e+02
1.835526630045378624e+02
1.835734428488973720e+02
1.835857851186211178e+02
1.835817100051747559e+02
1.835964779376641900e+02
1.835729689117108592e+02
1.835788452352519755e+02
1.835885802284850001e+02
1.833980052344558658e+02
1.833466222335005114e+02
1.836662623895390425e+02
1.837366588547886295e+02
1.837508110421144920e+02
1.837522154386593343e+02
1.837472807698431723e+02
1.837535203208343262e+02
1.837649744248069510e+02
1.837801590737202559e+02
1.838358162168617014e+02
1.838036444650107342e+02
1.838240847165830871e+02
1.838214749522331033e+02
1.838703700939415739e+02
1.838748022151898738e+02
1.838462851285725606e+02
1.838696822008598133e+02
1.838656556006687310e+02
1.838612433822943899e+02
1.838846727967518575e+02
1.838840732226733508e+02
1.838870909959398148e+02
