2.499958903269337043e+02
2.502845795252407584e+02
2.499631662884131629e+02
2.500890633625712951e+02
2.501057780776544064e+02
2.499896951481322560e+02
2.497514567870944120e+02
2.499816598172115505e+02
2.503151873888241425e+02
2.503181009630129381e+02
2.503694412071398006e+02
2.502012819726430735e+02
2.502603508556707368e+02
2.502759614794823051e+02
2.502988100349628837e+02
2.502314297981966433e+02
2.503700852603815292e+02
2.502226277372262757e+02
2.503092068944366133e+02
2.502918174569097687e+02
2.502561185057964792e+02
2.502071397902226693e+02
2.501848126111758575e+02
2.501625774397350312e+02
2.499977304790529331e+02
2.500781757958658034e+02
2.500261608292952076e+02
2.499746979083604117e+02
2.498662209409311288e+02
2.499413298165981701e+02
2.497639698215052420e+02
2.496982763908483207e+02
2.496634361773906505e+02
2.495408820462491519e+02
2.492912347420720209e+02
2.492726798748696524e+02
2.489972397718211425e+02
2.488413175489173739e+02
2.489585352389130719e+02
2.487512114334784883e+02
2.483732748573882247e+02
2.484979144942648475e+02
2.481581917438508356e+02
2.482690915782371235e+02
2.481580690670428737e+02
2.479784395510028787e+02
2.473899589032693314e+02
2.480999815984788199e+02
2.478626326442985999e+02
2.475441023124578237e+02
2.478334969024105874e+02
2.475228485554805786e+02
2.472794270993068722e+02
2.471166963135619312e+02
2.475034962890265717e+02
2.466566276145494783e+02
2.470869471876341663e+02
2.471295773783966183e+02
2.467565785438262935e+02
2.465741581304054364e+02
2.468618965834508856e+02
2.465980187695516292e+02
2.463864319450407834e+02
2.465715819174385217e+02
2.459407164325584176e+02
2.453649021652456668e+02
2.453921670858124173e+02
2.452536649696374980e+02
2.446195485493467459e+02
2.455271422437588171e+02
2.452506593878427168e+02
2.449235723486474967e+02
2.455054284487517577e+02
2.453647794884377049e+02
2.448376065754769115e+02
2.453976875421701607e+02
2.452760228178862860e+02
2.448020609703735602e+02
2.452858369625222394e+02
2.453354904005397827e+02
2.446681285652947224e+02
2.452967858676317121e+02
2.451743544132981754e+02
2.448702079371894627e+02
2.453649021652456668e+02
2.455086793841624342e+02
2.452947310310985642e+02
2.455682389744218881e+02
2.456109305035882926e+02
2.450824694841440134e+02
2.457762068330982004e+02
2.457383303686438012e+02
2.458366864994172829e+02
2.461512605042016730e+02
2.461791081396061998e+02
2.458835490400539641e+02
2.463003741642642410e+02
2.464014905232165802e+02
2.459305342574986071e+02
2.466129546709194642e+02
2.463981169109979703e+02
2.464844507145924126e+02
2.467220450223885280e+02
2.468495062258480175e+02
2.465216217874011022e+02
2.468643194504078906e+02
2.467139176838618653e+02
2.466648162914800935e+02
2.468743176102557868e+02
2.467984420045390550e+02
2.469159663865546293e+02
2.471426731276452244e+02
2.470743114764153745e+02
2.469995092927682094e+02
2.472937496166349831e+02
2.471042752867570300e+02
2.472955590995522357e+02
2.471339937434827903e+02
2.473563761270931707e+02
2.471097037355088162e+02
2.471065448077040969e+02
2.470673495675642641e+02
2.471118505796479212e+02
2.471640495614304029e+02
2.470356682819113132e+02
2.471757651965895946e+02
2.467599214868428987e+02
2.470018708213212335e+02
2.465276942893945886e+02
2.467576826350978365e+02
2.465946451573330194e+02
2.465739434459915458e+02
2.465617677728025399e+02
2.464169478010182104e+02
2.463989143102496371e+02
2.462585107035514795e+02
2.465096914678280200e+02
2.462388210758755918e+02
2.465778997730479034e+02
2.464566950867938431e+02
2.462372262773722582e+02
2.463111083849598231e+02
2.462517021407103073e+02
2.458851745077593023e+02
2.458674783782126099e+02
2.458220572900693242e+02
2.453614978838250522e+02
2.454976078022449997e+02
2.453654235416794336e+02
2.451151321842605739e+02
2.451910997975832629e+02
2.452820339814757915e+02
2.449361160522603313e+02
2.451105011347604830e+02
2.452737226277372145e+02
2.450581488069680347e+02
2.449143715880512673e+02
2.451938600257621204e+02
2.451787401091823710e+02
2.452386063914617012e+02
2.456259890817640894e+02
2.456547874624302210e+02
2.457993007421946743e+02
2.459739618475127259e+02
2.460498987916334386e+02
2.461962215543151444e+02
2.463424829785928978e+02
2.463722627737226389e+02
2.464408391093663795e+02
2.465354535974973942e+02
2.462231797828620472e+02
2.464453168128565324e+02
2.463089002024167371e+02
2.463018462859596411e+02
2.461749984665399040e+02
2.457862970005520538e+02
2.458600871005336330e+02
2.456721155615530847e+02
2.456256210513402323e+02
2.452898852971845542e+02
2.453328835183708634e+02
2.449071643255842616e+02
2.450168067226890685e+02
2.448063546586517703e+02
2.446447893025823532e+02
2.448003434950622648e+02
2.447138256762559081e+02
2.447878611298534111e+02
2.446334723670490234e+02
2.448745016254677012e+02
2.446533153407348209e+02
2.449450101208366561e+02
2.447469484144022545e+02
2.446062994540882016e+02
2.446696620253941035e+02
2.447741519965650525e+02
2.448190210390725667e+02
2.448173342329632476e+02
2.448582162792124279e+02
2.449474943261976421e+02
2.451726062687848753e+02
2.450499294608354433e+02
2.452136416610439937e+02
2.451738637060663564e+02
2.451958535238913157e+02
2.451203766178004173e+02
2.449617555051217437e+02
2.449288781205912926e+02
2.449935901367846327e+02
2.448451511991657981e+02
2.447188860945838087e+02
2.449926393915230278e+02
2.448838557320738403e+02
2.446835551738943764e+02
2.449865362203275367e+02
2.446883395694044054e+02
2.445069619088511388e+02
2.443848984849414308e+02
2.438329448567748159e+02
2.438342329632583017e+02
2.440840029442433945e+02
2.440367110347788753e+02
2.440431208979942426e+02
2.443781512605042110e+02
2.441797828620499331e+02
2.443042384837146415e+02
2.445667361835245117e+02
2.445740967920014839e+02
2.445145678709440062e+02
2.446500950745261491e+02
2.442829847267373964e+02
2.440990921916211676e+02
2.441719928847451513e+02
2.439583512237011576e+02
2.438249708642581197e+02
2.435887873397534236e+02
2.434621235355456008e+02
2.430827148377599087e+02
2.430451143961234095e+02
2.425800772863890131e+02
2.426628227933509265e+02
2.426394835306385289e+02
2.426807949457155189e+02
2.428792246825737493e+02
2.430337361221860988e+02
2.430975894007237912e+02
2.432340673495675674e+02
2.435725019934981219e+02
2.435097834754339772e+02
2.437459363307366687e+02
2.439467582653499278e+02
2.439884683800527512e+02
2.439888670796785846e+02
2.440815800772863895e+02
2.439848494142182460e+02
2.438964914432926321e+02
2.440135557872784204e+02
2.438242961418143864e+02
2.436169416671778265e+02
2.435395939397656946e+02
2.431132920321413167e+02
2.427824940195056058e+02
2.427311537753787718e+02
2.424341225541311360e+02
2.423002821566582838e+02
2.424375575047537268e+02
2.422417039808624111e+02
2.421018217505980488e+02
2.422077531742623933e+02
2.420517696129546721e+02
2.419647304177145202e+02
2.421957308470833539e+02
2.423295712445562060e+02
2.418756977243452013e+02
2.421059314236643445e+02
2.418981475801999750e+02
2.417259400110409047e+02
2.417023553947126402e+02
2.416472121695393582e+02
2.415022695209470669e+02
2.417116174937128221e+02
2.417344660491934007e+02
2.414807704103539265e+02
2.415820401153162038e+02
2.416304974544562469e+02
2.417843955100288156e+02
2.419762313684597927e+02
2.424745138931484973e+02
2.424539041894129809e+02
2.426450039869962723e+02
2.428124884990492660e+02
2.429723057106054114e+02
2.431398822302643623e+02
2.434601607066184101e+02
2.433782739373121444e+02
2.435006747224437333e+02
2.436777893639207377e+02
2.436070048457339112e+02
2.435023615285530241e+02
2.433859105686070166e+02
2.433727534809544295e+02
2.431553395080659925e+02
2.430172974299208875e+02
2.426179537508434123e+02
2.423781512605042110e+02
2.424645464025026058e+02
2.425084646997485152e+02
2.426042446175550538e+02
2.424576151628534717e+02
2.424106606146108049e+02
2.426138134085751119e+02
2.426282892719131326e+02
2.426116052260320259e+02
2.429918419922713611e+02
2.430525056738023579e+02
2.430436729436300141e+02
2.431857940256394670e+02
2.430640986321535877e+02
2.431478868919830632e+02
2.432200208550573564e+02
2.431617493712813598e+02
2.430108875667055202e+02
2.430213764337852069e+02
2.424231429798196586e+02
2.422294976384714573e+02
2.420679629516039881e+02
2.418525118076427702e+02
2.417749800650186955e+02
2.417592160951971891e+02
2.416870207937189434e+02
2.415882352941176521e+02
2.414750966079862735e+02
2.413922284242163983e+02
2.416615040176654645e+02
2.415463104950009097e+02
2.416432865116849769e+02
2.415498681224314623e+02
2.416868367785070291e+02
2.417628043918297180e+02
2.416658283751456793e+02
2.414847574066122888e+02
2.416281972643071754e+02
2.417543703612832076e+02
2.411403729374961529e+02
2.410212537569772451e+02
2.410204256885235736e+02
2.411156535606943407e+02
2.411715635159173132e+02
2.412865730233699253e+02
2.414137888732135195e+02
2.415015027908973764e+02
2.416574863522051260e+02
2.416219407471017746e+02
2.419500705391645567e+02
2.420129730724406443e+02
2.423186836778507143e+02
2.421149788382506358e+02
2.423259522787217008e+02
2.423494448874440366e+02
2.423879040667361835e+02
2.422467643991903401e+02
2.423205851683739240e+02
2.422333926271238340e+02
2.418362877997914495e+02
2.416014843893761963e+02
2.413654542108814383e+02
2.414480770410353898e+02
2.413393853891921594e+02
2.412415813040544776e+02
2.410189228976261973e+02
2.408416855793412310e+02
2.409926087223210516e+02
2.409736244862908734e+02
2.412765135251180766e+02
2.414596699993866196e+02
2.415572900693123870e+02
2.414672452922774823e+02
2.415629025332760875e+02
2.414838679997546365e+02
2.413344476476722207e+02
2.411046126479789109e+02
2.411818070293811047e+02
2.410646506777893592e+02
2.408903269336931885e+02
2.406427651352511816e+02
2.404917806538673801e+02
2.407608722321045320e+02
2.407385143838557440e+02
2.407834754339692154e+02
2.408228546893209909e+02
2.412024780715205736e+02
2.413624486290866571e+02
2.415969453474820625e+02
2.419305342574986071e+02
2.423243574802183673e+02
2.424845120529963935e+02
2.426258050665521750e+02
2.428449671839538837e+02
2.431219100778997699e+02
2.433478194197386983e+02
2.433764644543948918e+02
2.436899343679077390e+02
2.439350119609887884e+02
2.437653192663926802e+02
2.435542538183156580e+02
2.436646322762681791e+02
2.435698951113292026e+02
2.437217383303686518e+02
2.437086119119180410e+02
2.438591363552720281e+02
2.436432865116849769e+02
2.436956695086793729e+02
2.435449917193154761e+02
2.435782371342697559e+02
2.440269582285469028e+02
2.439858308286818271e+02
2.439107832914187668e+02
2.440412194074710044e+02
2.441153775378764692e+02
2.440215604489971213e+02
2.439408391093663795e+02
2.439137582040115433e+02
2.439318530331840691e+02
2.441011470281543154e+02
2.437072317978286264e+02
2.436870514629209481e+02
2.437854382628964061e+02
2.439205360976507393e+02
2.439123780899221003e+02
2.440171134147089447e+02
2.440276329509906077e+02
2.441831871434705192e+02
2.442595534564190700e+02
2.441081396062074589e+02
2.445679936208059928e+02
2.449033920137397899e+02
2.448452125375697790e+02
2.450435195976200760e+02
2.450769490277862985e+02
2.449548242654726096e+02
2.451340244126847949e+02
2.452543703612832076e+02
2.448489848494142223e+02
2.451650003066920078e+02
2.449879470036189559e+02
2.445578727841501632e+02
2.443522357848248703e+02
2.444392136416610413e+02
2.443292645525363298e+02
2.443702386063914673e+02
2.445254861068515027e+02
2.444288781205912926e+02
2.445550818867693010e+02
2.446141814389989690e+02
2.447713917683861951e+02
2.450249953996197121e+02
2.451903330675335724e+02
2.453372998834570353e+02
2.452835674415751726e+02
2.454691467828007205e+02
2.455280623198184458e+02
2.453484328037784508e+02
2.453302152977979631e+02
2.453825369563884067e+02
2.451691406489603082e+02
2.451012697049622773e+02
2.450137091332883585e+02
2.448407655032816024e+02
2.446481322455989584e+02
2.444999386615960191e+02
2.443857572225970785e+02
2.445543764951235914e+02
2.446528246335030303e+02
2.443723241121265914e+02
2.445820707845181801e+02
2.446612893332515455e+02
2.447102987180273601e+02
2.448411028645034548e+02
2.451760105502054898e+02
2.452871250690056968e+02
2.457299883457032479e+02
2.462037355088020547e+02
2.463358584309636399e+02
2.466299454088204754e+02
2.469617861743237484e+02
2.468666503097589384e+02
2.469778261669631263e+02
2.472109121020671125e+02
2.472077838434643979e+02
2.470769490277862985e+02
2.471835551738943764e+02
2.471773906642949044e+02
2.471930932957124583e+02
2.473891001656136837e+02
2.473344476476722207e+02
2.472216463227626946e+02
2.473247561798442007e+02
2.473764337851929156e+02
2.471243942832607559e+02
2.473238974421885530e+02
2.473667116481629193e+02
2.472090412807458790e+02
2.473681531006563148e+02
2.473220572900693242e+02
2.470947371649389765e+02
2.471155615530883836e+02
2.471188124884990600e+02
2.469424339078697130e+02
2.470312519168251129e+02
2.468975341961602226e+02
2.467432067717597874e+02
2.467762681715021813e+02
2.469500705391645567e+02
2.465024228669570050e+02
2.464896644789302513e+02
2.465341654910139368e+02
2.463293258909403107e+02
2.463152793964300997e+02
2.464938048211985517e+02
2.464395203336809175e+02
2.465780531190578415e+02
2.467072931362326074e+02
2.466585597742746643e+02
2.468389866895663260e+02
2.469809850947678456e+02
2.470575967613322632e+02
2.470131570876525871e+02
2.473581242716064423e+02
2.471728209531987943e+02
2.472888118751150159e+02
2.473330982027847540e+02
2.472151444519413701e+02
2.472904986812243067e+02
2.471128319941115024e+02
2.470633319021038972e+02
2.468160154572778140e+02
2.469299208734588831e+02
2.465640679629516114e+02
2.466970189535668396e+02
2.466786481015763854e+02
2.466273078574495514e+02
2.464645770717045821e+02
2.466518432190394492e+02
2.467151137827393654e+02
2.465899834386309237e+02
2.467735692817272763e+02
2.467100226952094602e+02
2.469680426915291775e+02
2.469181132306937343e+02
2.470855670735447518e+02
2.469558363491381954e+02
2.471456480402380009e+02
2.472111267864810031e+02
2.472028461019444308e+02
2.472958044531681310e+02
2.472597068024290081e+02
2.474415445010120891e+02
2.472763908483101147e+02
2.472459056615346924e+02
2.471263264429859419e+02
2.471644789302582410e+02
2.472149911059314320e+02
2.472419186652763301e+02
2.473168741949334617e+02
2.474509906152241854e+02
2.474203214132368203e+02
2.474677973379132538e+02
2.473959700668588653e+02
2.476147948230386930e+02
2.476312948537079137e+02
2.475217751334110403e+02
2.476919892044408869e+02
2.476527019566950969e+02
2.478937925535177556e+02
2.478334969024105874e+02
2.479986812243145380e+02
2.478595043856958853e+02
2.480088940685763248e+02
2.479454394896644658e+02
2.478610991841992188e+02
2.479491811323069328e+02
2.477222597068024186e+02
2.477480831748758021e+02
2.477139176838618653e+02
2.479426179230816274e+02
2.478572348647488184e+02
2.480306692019873651e+02
2.480619517880144826e+02
2.479741765319266449e+02
2.480978654235416911e+02
2.481153161994724883e+02
2.481411703367478481e+02
2.481216647242838746e+02
2.482122922161565270e+02
2.481405569527080957e+02
2.482459669999386733e+02
2.482154204747592416e+02
2.482029687787523642e+02
2.481297920628105373e+02
2.481853033184076480e+02
2.480317426240569318e+02
2.479589646077409100e+02
2.479120100594982432e+02
2.477778936392075195e+02
2.478682451082622720e+02
2.477598908176409225e+02
2.479494571551248328e+02
2.477182727105440847e+02
2.479876709808010844e+02
2.479553763111083811e+02
2.480421088143286568e+02
2.481303441084463088e+02
2.481355885419861238e+02
2.482333926271238340e+02
2.482202662086732516e+02
2.483245721646322863e+02
2.481386247929828812e+02
2.483524811384407656e+02
2.483055572594001035e+02
2.483871066674845167e+02
2.482877384530454492e+02
2.483233453965527815e+02
2.480818867693062657e+02
2.481953014782555442e+02
2.480061031711954911e+02
2.479891737716984608e+02
2.480391339017358803e+02
2.480019628289271907e+02
2.481158989143102360e+02
2.481064528000981397e+02
2.481300680856284089e+02
2.480500214684414004e+02
2.483235907501686768e+02
2.482362141937066724e+02
2.483764031159909109e+02
2.484535668281911285e+02
2.482903146660123923e+02
2.483750843403054773e+02
2.482940869778568356e+02
2.483332822179966968e+02
2.482320738514383720e+02
2.483587989940501757e+02
2.480782984726737368e+02
2.482843648408268393e+02
2.480206710421394973e+02
2.480774704042200938e+02
2.479486904250751422e+02
2.479180518922897534e+02
2.479208121204686393e+02
2.479037907133656518e+02
2.478531865300864752e+02
2.478558240814573992e+02
2.479191866527633010e+02
2.478765564620008490e+02
2.479569097712077621e+02
2.478764644543948918e+02
2.479633809728270819e+02
2.478361344537815114e+02
2.479107526222167621e+02
2.476936453413482297e+02
2.476899343679077390e+02
2.475215604489971213e+02
2.475225725326627071e+02
2.475555725940010916e+02
2.473831503404281307e+02
2.473052812365822319e+02
2.470100288290498725e+02
2.471885542538183245e+02
2.468855118689811832e+02
2.472015579954609450e+02
2.470082806845366008e+02
2.470746181684352507e+02
2.471120652640618403e+02
2.470081273385266627e+02
2.470838495982334564e+02
2.471678525424768509e+02
2.474033000061338328e+02
2.471725142611789181e+02
2.475308838864012841e+02
2.474065202723425045e+02
2.475197509660798687e+02
2.476228914923633795e+02
2.476935533337422441e+02
2.475952278721707671e+02
2.476354351959762141e+02
2.476466907931055630e+02
2.474479236950254517e+02
2.475755689136968556e+02
2.474825798932711791e+02
2.475093234374041629e+02
2.474918419922713611e+02
2.477333312887198815e+02
2.475537017726798865e+02
2.478267803471753723e+02
2.478164141569036474e+02
2.477425627185180588e+02
2.479470036189658231e+02
2.480980494387536055e+02
2.480894313929951522e+02
2.481121879408697737e+02
2.482600134944488843e+02
2.480553272403851963e+02
2.482080291970802932e+02
2.481122799484757309e+02
2.481814083297552713e+02
2.481538060479666399e+02
2.482103600564313410e+02
2.481845979267619384e+02
2.480004907072317906e+02
2.481273998650555086e+02
2.479091884929154048e+02
2.480629332024780638e+02
2.478823529411764639e+02
2.480390112249279184e+02
2.479165491013923770e+02
2.480285530270502363e+02
2.480663068146966737e+02
2.478549653438017515e+02
2.481066061461080778e+02
2.480293504263019031e+02
2.480095687910200581e+02
2.480419861375206949e+02
2.480300558179476127e+02
2.479796663190823836e+02
2.480428755443783473e+02
2.480124823652088537e+02
2.478815555419247971e+02
2.480352082438814989e+02
2.478816168803287781e+02
2.479068269643623807e+02
2.478097896092743611e+02
2.477958044531681310e+02
2.475979881003496246e+02
2.477693062626510425e+02
2.475729927007299409e+02
2.476011470281543154e+02
2.476262344353799847e+02
2.475076673004968484e+02
2.477610562473164464e+02
2.475115622891492251e+02
2.477336686499417340e+02
2.475245046923878931e+02
2.478085935103968609e+02
2.477518248175182407e+02
2.479307796111145308e+02
2.477744893577869050e+02
2.479818131632214886e+02
2.479250751395448731e+02
2.477453842851008972e+02
2.481653990063178696e+02
2.477538796540513886e+02
2.480310372324112222e+02
2.478528184996626464e+02
2.478963994356866749e+02
2.477244985585475092e+02
2.479274673372998734e+02
2.475701711341471025e+02
2.478606084769674283e+02
2.479781328589830025e+02
2.477611789241244082e+02
2.480058884867815721e+02
2.479210268048825299e+02
2.479965650493774092e+02
2.478861559222229118e+02
2.482229650984481282e+02
2.478261056247316390e+02
2.483076427651352560e+02
2.480562779856468012e+02
2.481722995767649991e+02
2.481182911120652648e+02
2.481039685947371538e+02
2.482003618965834448e+02
2.480790958719254036e+02
2.483581242716064423e+02
2.479604060602343054e+02
2.483750536711034727e+02
2.480429368827822998e+02
2.481485309452247918e+02
2.481853033184076480e+02
2.480340734834079512e+02
2.480290130650800506e+02
2.480963626326442864e+02
2.481326749677973282e+02
2.480346255290437227e+02
2.481959148622952966e+02
2.479270379684720638e+02
2.481926639268846202e+02
2.480948598417469100e+02
2.480564006624547631e+02
2.483126111758571994e+02
2.481334723670490234e+02
2.480835122370116039e+02
2.482293442924615192e+02
2.480464331718088715e+02
2.479803410415260885e+02
2.480643439857694830e+02
2.479078390480279666e+02
2.477871864074096777e+02
2.478708213212292151e+02
2.476924799116727058e+02
2.477501993498129309e+02
2.477063117217689978e+02
2.475416794455008187e+02
2.475333987609642463e+02
2.475826841685579325e+02
2.475062565172054292e+02
2.476543580936024114e+02
2.476469361467214583e+02
2.477108507636631316e+02
2.478616818990369950e+02
2.478148500276022901e+02
2.480016868061093191e+02
2.479901858553640466e+02
2.479650371097343964e+02
2.480065325400233007e+02
2.480069312396491341e+02
2.478343556400662351e+02
2.479205054284487630e+02
2.477404158743789537e+02
2.475618904496105017e+02
2.477370422621603439e+02
2.476237195608170225e+02
2.474066429491504664e+02
2.473634607127522429e+02
2.470452984113353239e+02
2.466368459792676333e+02
2.465526283506103198e+02
2.461517205422314873e+02
2.460102128442617868e+02
2.458388333435563879e+02
2.456059007544623682e+02
2.454033000061338328e+02
2.451440839109366436e+02
2.449314850027602404e+02
2.446478255535790822e+02
2.445426301907624236e+02
2.441342697663006902e+02
2.439049868122431519e+02
2.432566705514322507e+02
2.431205913022143079e+02
2.427730172360915049e+02
2.425910568607004905e+02
2.423231307121388625e+02
2.423585229712322757e+02
2.425017788137152763e+02
2.423867999754646405e+02
2.427710544071643142e+02
2.427110347788750460e+02
2.428812795191069256e+02
2.432952524075323595e+02
2.436868061093050244e+02
2.438834263632460306e+02
2.442933509170091497e+02
2.447564558670183317e+02
2.446888609458382007e+02
2.450034042814205861e+02
2.450778384346439225e+02
2.452735692817272763e+02
2.451630068085628409e+02
2.451278599030853229e+02
2.451608906336257121e+02
2.450088327301723723e+02
2.450962092866343482e+02
2.449243697478991635e+02
2.451595105195362692e+02
2.449355026682205789e+02
2.452076304974544598e+02
2.451141201005949881e+02
2.451123719560817165e+02
2.452072317978286264e+02
2.450619211188124780e+02
2.451724835919769419e+02
2.452340980187695436e+02
2.454601607066184101e+02
2.456706434398576846e+02
2.459789609274366740e+02
2.462161258664049512e+02
2.463827823100043020e+02
2.465140464945102110e+02
2.468110777157578468e+02
2.466137520701711310e+02
2.469021345764583089e+02
2.467475617984420069e+02
2.467827087039195249e+02
2.468944059375575080e+02
2.469038827209716089e+02
2.467592774336011701e+02
2.468899895724713360e+02
2.466704287554437940e+02
2.466654603447218221e+02
2.465837269214254945e+02
2.463588296632521519e+02
2.462998221186284695e+02
