7.969250930825005241e+00
7.942143102096805407e+00
7.980227317264354525e+00
7.972521066039584881e+00
8.063408779149519034e+00
8.068241720556535768e+00
8.229723936899862480e+00
8.346096658828139780e+00
8.245691260043111370e+00
8.236304624730550472e+00
8.234575249853028467e+00
8.030044826572604322e+00
7.949300656476582461e+00
7.926322751322751436e+00
7.957496815598667617e+00
8.048460464432686479e+00
8.030053399960808136e+00
7.978061924358220480e+00
7.928309327846364774e+00
7.957057123260827147e+00
7.967547276112091126e+00
7.952028218694885631e+00
7.905913188320595530e+00
7.760519547325102963e+00
7.734527483833039341e+00
7.697973006074858127e+00
7.698037918871252216e+00
7.717517881638252142e+00
7.683938369586517325e+00
7.606586811679404647e+00
7.636914560062708190e+00
7.629361405055849588e+00
7.584565451695080895e+00
7.760986184597295612e+00
7.795138888888889284e+00
7.782151430531060399e+00
7.752438516558886938e+00
7.670521017048795187e+00
7.692893885949441568e+00
7.654325886733293949e+00
7.647888496962570670e+00
7.888243435234175926e+00
8.063527581814618372e+00
8.112152165392906511e+00
7.984235988634137193e+00
7.824985302763080242e+00
7.843745100921027280e+00
7.812894375857339035e+00
7.699846903782089136e+00
7.602045365471291838e+00
7.554818244170095731e+00
7.554260973936900214e+00
7.754643102096805407e+00
8.026052077209484992e+00
8.000601361943955325e+00
7.976092494611012995e+00
7.944978444052518185e+00
7.968451156182637440e+00
7.972328777189888527e+00
7.919101508916323695e+00
7.816201254164217183e+00
7.805502890456594400e+00
7.819230109739368828e+00
7.851067999216147619e+00
8.038412453458748885e+00
7.936531207133058707e+00
7.912368949637468063e+00
7.875286596119929428e+00
7.858536645110719476e+00
8.056379825592788535e+00
8.128952331961590616e+00
8.035367675876935678e+00
7.997644767783656405e+00
7.956498628257887340e+00
7.930315500685870767e+00
8.074568881050362634e+00
7.935976386439349106e+00
7.808940819126004129e+00
7.799483147168332131e+00
8.091394767783656405e+00
8.309015530080344547e+00
8.531904027042916283e+00
8.575031844013325966e+00
8.648396776406036324e+00
8.567817950225357748e+00
8.526006760728982670e+00
8.557292279051537776e+00
8.528779639427787274e+00
8.520380168528316034e+00
8.563859494415050122e+00
8.552439741328630163e+00
8.523688271604937583e+00
8.565007103664511234e+00
8.551426856750930838e+00
8.578952331961591682e+00
8.553382814030962678e+00
8.461521408975112735e+00
8.492764060356652323e+00
8.513495737801292762e+00
8.528952331961590971e+00
8.585991083676269398e+00
8.773368606701939854e+00
8.802481383499902279e+00
8.796002351557907772e+00
8.787033362727807884e+00
8.856291642171271405e+00
8.834298451891044124e+00
8.826174554183813470e+00
8.839885851459925448e+00
8.693803889868704005e+00
8.655451450127376489e+00
8.612388545953360008e+00
8.567079414070155607e+00
8.538665980795610011e+00
8.443249069174994403e+00
8.409053497942386102e+00
8.402028218694885808e+00
8.401655888692925345e+00
8.342134528708601948e+00
8.394114981383500762e+00
8.497078924162257962e+00
8.516168185381149058e+00
8.576734273956496679e+00
8.665259406231628603e+00
8.552170291985106587e+00
8.433918773270624669e+00
8.545053155006858248e+00
8.535048010973936172e+00
8.488869292572996272e+00
8.414266117969821934e+00
8.478671859690377843e+00
8.492892661179698877e+00
8.415517832647461560e+00
8.418899421908681902e+00
8.628539584558103215e+00
8.695802714089751362e+00
8.603544483637076468e+00
8.555053399960806715e+00
8.578664511071918852e+00
8.282070595728002971e+00
8.234200470311581199e+00
8.186222565157750708e+00
8.144835145992553649e+00
8.110649372917890787e+00
8.089836860670194696e+00
8.062765775034293370e+00
8.080106065059768028e+00
8.052186213991769037e+00
7.989317558299039668e+00
7.920017636684303142e+00
7.912446110131295285e+00
7.849581128747795233e+00
7.757463746815598249e+00
7.781243876151283878e+00
7.838870517342739319e+00
7.858120223398000981e+00
7.806808495002939274e+00
7.890199392514207766e+00
7.937111747991377975e+00
7.876914315108759723e+00
7.791528267685674969e+00
7.845225847540662656e+00
7.887726582402508235e+00
7.766534391534391624e+00
7.661538555751518764e+00
7.658999608073681742e+00
7.607233490103860518e+00
7.589032186948853287e+00
7.616820987654320696e+00
7.936373211836174946e+00
7.845871301195375125e+00
7.778021506956692477e+00
7.715560699588477789e+00
7.700585439937292165e+00
7.635889427787575734e+00
7.559668332353517428e+00
7.813071967470115453e+00
7.873864638447972020e+00
7.879425093082500275e+00
8.167114932392710358e+00
8.186341367822850046e+00
8.237789045659415166e+00
8.284065745639820122e+00
8.213362237899275442e+00
8.158123897707231009e+00
8.164528218694885098e+00
8.154074808935920515e+00
8.022857877718989172e+00
7.889820938663531180e+00
7.891990005878894543e+00
7.974828532235939349e+00
7.866993680188124394e+00
8.047223446991965901e+00
7.971259553203998038e+00
7.987583284342543166e+00
7.961085390946502471e+00
8.115977121301195751e+00
8.082048549872624221e+00
8.046977268273565187e+00
8.007820154810895374e+00
8.262643298059964891e+00
8.198317166372721232e+00
8.187562463256908174e+00
8.313760288065843440e+00
8.257489466980207027e+00
8.275281697040956175e+00
8.646361209092690459e+00
8.611298500881833462e+00
8.582058348030569661e+00
8.610055359592395874e+00
8.576839604154418595e+00
8.569248481285518082e+00
8.535894326866548809e+00
8.510998432294728744e+00
8.492732216343327423e+00
8.566727905153831202e+00
8.590445571232608657e+00
8.855015432098765515e+00
8.758965314520869683e+00
8.730839702135998692e+00
8.720730452674896327e+00
8.750553595923966199e+00
8.703636341367822382e+00
8.556496178718401069e+00
8.550398050166569064e+00
8.638697824808936332e+00
8.732430678032530480e+00
9.000317215363510925e+00
9.009238438173623464e+00
9.126360719184793524e+00
9.186207867920831660e+00
9.090272878698804959e+00
8.974733000195962873e+00
9.040835048010974262e+00
8.973356359004506899e+00
8.889299186752889881e+00
8.974636243386242995e+00
8.964165686850872561e+00
8.912105624142661497e+00
8.954957867920830594e+00
9.082259210268469829e+00
9.112196257103663655e+00
9.089019939251420155e+00
9.030932784636489075e+00
9.073384528708603014e+00
9.040922006662746924e+00
9.013713746815598782e+00
8.966378845776993955e+00
8.946127278071722699e+00
8.942432147756221639e+00
8.936798206937096367e+00
8.900072261414853969e+00
8.937849059376837602e+00
8.906760728982950681e+00
8.947567607289830249e+00
8.901132912012542420e+00
8.877674897119341324e+00
8.920679012345679837e+00
8.971159122085047954e+00
8.996121154223006400e+00
8.960590583970214240e+00
8.952770429159318866e+00
8.939553938859495119e+00
8.952314814814814170e+00
8.922732951205173180e+00
8.936811679404272013e+00
8.890673378404859051e+00
8.877907603370566392e+00
8.887972761120909837e+00
8.930551881246325152e+00
8.881143445032334327e+00
8.848916078777190108e+00
8.789089751126788030e+00
8.739874828532235185e+00
8.695633695865177870e+00
8.681584362139917133e+00
8.704044189692337952e+00
8.751630168528317100e+00
9.079701891044484441e+00
9.124512541642170405e+00
9.245174407211443679e+00
9.241729129923573538e+00
9.232315549676661348e+00
9.293742651381540654e+00
9.363325494806975513e+00
9.347610474230844346e+00
9.241991230648638478e+00
9.198912404467959547e+00
9.227422594552225021e+00
9.168071477562218519e+00
9.158471732314325209e+00
9.185503625318439447e+00
9.175967568097197713e+00
9.097352047815011389e+00
9.148602537722908323e+00
9.171649029982363643e+00
9.133459484616892610e+00
8.960289290613363988e+00
8.947446355085244107e+00
8.959947579854986799e+00
8.996144424848129262e+00
8.879279345483048758e+00
8.894128453850676408e+00
9.017501959631589514e+00
9.123905055849499846e+00
9.232036302175190556e+00
9.182664609053498239e+00
9.129318538114834070e+00
9.102143347050754230e+00
9.139169361160101701e+00
9.121980942582794682e+00
9.130151381540271061e+00
9.120480599647265763e+00
9.093065353713502219e+00
9.111559376837155000e+00
9.069931902802272461e+00
8.928834754066235391e+00
8.973131001371742244e+00
9.019809425827943983e+00
9.003366892024299517e+00
9.006373701744072591e+00
8.918045757397608853e+00
8.940359837350577266e+00
8.901755095042132027e+00
8.955851949833430581e+00
8.975266999804036416e+00
8.975796100333138128e+00
8.977825543797765206e+00
9.029843964334705930e+00
9.058257397609249750e+00
8.985266019988241482e+00
8.916021213011953606e+00
8.953244415049971039e+00
8.971732314324906810e+00
8.960480354693316940e+00
8.965376984126983473e+00
8.925618508720360111e+00
8.997027483833038630e+00
9.025968792866940760e+00
9.025898980991573950e+00
8.926565255731922832e+00
8.870674113266705518e+00
8.814850333137369987e+00
8.801530962179111128e+00
8.807667058592985043e+00
8.789224475798549818e+00
9.038501861650010127e+00
8.995365471291396631e+00
9.033607681755830399e+00
9.071649029982363999e+00
9.331847687634724053e+00
9.402873309817755043e+00
9.433528071722516728e+00
9.432747893396040695e+00
9.517997991377621148e+00
9.514228150107779669e+00
9.403452625906329132e+00
9.418300509504213380e+00
9.434893689986282084e+00
9.419228884969625071e+00
9.326045953360768692e+00
9.295647168332353161e+00
9.318069028022732070e+00
9.380257936507936378e+00
9.371933176562805556e+00
9.426105967078189707e+00
9.417935528120713329e+00
9.370132765040171563e+00
9.287284440525180429e+00
9.285368900646679080e+00
9.369326866549089416e+00
9.356806045463452293e+00
9.206071183617480003e+00
9.172222222222222499e+00
9.278856799921614495e+00
9.304971340388007661e+00
9.191495198902606134e+00
9.238444297472074851e+00
9.390069566921418698e+00
9.438590045071526546e+00
9.353746570644718261e+00
9.373924652165392502e+00
9.404087056633352759e+00
9.428891093474426555e+00
9.325271898883009669e+00
9.320730452674897748e+00
9.290591318832060352e+00
9.288190770135214436e+00
9.370799039780521866e+00
9.410605281207132577e+00
9.332847099745247732e+00
9.348364932392710713e+00
9.350173917303546745e+00
9.289142416225748988e+00
9.306873407799333364e+00
9.336874142661180542e+00
9.257472320203801175e+00
9.085863707622966245e+00
9.043306633352930390e+00
9.088681902802273171e+00
9.109082892416225263e+00
9.140707671957672531e+00
9.618084950029395230e+00
9.621224034881441511e+00
9.657357191847932398e+00
9.602846364883401264e+00
9.535302763080540700e+00
9.546478786988046750e+00
9.516737703311777707e+00
9.466429061336468109e+00
9.489295512443661096e+00
9.425157995296883584e+00
9.478188075641780230e+00
9.500774054477759023e+00
9.527302567117381216e+00
9.533690966098372854e+00
9.561155202821868926e+00
9.506430041152263755e+00
9.465800754458161492e+00
9.416519694297472043e+00
9.420916617675876736e+00
9.397758671369782491e+00
9.396519204389575108e+00
9.249185528120714039e+00
9.259973300019597175e+00
9.304390799529688394e+00
9.445274838330393052e+00
9.492596266901822233e+00
9.557326572604351256e+00
9.519601214971585179e+00
9.580979325886733733e+00
9.555216294336664973e+00
9.532168577307466251e+00
9.574755046051341978e+00
9.639504948069763657e+00
9.728184401332550024e+00
9.715154076033705621e+00
9.736554477758181392e+00
9.790253282382911593e+00
9.831864834411129905e+00
9.798341661767587141e+00
9.741280864197531031e+00
9.690828924162257607e+00
9.683000195963158419e+00
9.741651969429748092e+00
9.707441700960218967e+00
9.601457475994513047e+00
9.552106603958455011e+00
9.605708651773467111e+00
9.677816970409562458e+00
9.838701499118165827e+00
9.847135263570448771e+00
9.872916666666666785e+00
9.982630315500685469e+00
9.945298108955515914e+00
9.919989466980208448e+00
9.869094160297864349e+00
9.519209288653733836e+00
9.439800117577895833e+00
9.439181608857534655e+00
9.441467029198511440e+00
9.388460219478737656e+00
9.392733441113071180e+00
9.400742210464432702e+00
9.342548500881834528e+00
9.325221683323535515e+00
9.302658975112679585e+00
9.227824319028023581e+00
9.224441504997059837e+00
9.297479423868312054e+00
9.227983539094649856e+00
9.270484273956496324e+00
9.368099647266314278e+00
9.416219625710366969e+00
9.395936213991769037e+00
9.501328875171468624e+00
9.681686018028610619e+00
9.717503184401332206e+00
9.686206643151088258e+00
9.739362874779541102e+00
9.564427787575935369e+00
9.447958308837938191e+00
9.401322751322751969e+00
9.440423525377228842e+00
9.361249510092102710e+00
9.334107387811091172e+00
9.345138888888888218e+00
9.273108955516363494e+00
9.166343327454438139e+00
9.165291250244953503e+00
9.147514942190868581e+00
9.084026553008033744e+00
9.057616843033509113e+00
8.967512982559279422e+00
8.943894522829708649e+00
8.941975308641975317e+00
8.908562365275328077e+00
9.105741720556535412e+00
9.189971585341956128e+00
9.137928669410150917e+00
9.214721732314325564e+00
9.282329022143837705e+00
9.240465167548501668e+00
9.254267097785616514e+00
9.298242455418380459e+00
9.233989809915735592e+00
9.212682490691749493e+00
9.324524789339603714e+00
9.363805604546344696e+00
9.249398638056044675e+00
9.180295904369978999e+00
9.219955173427395678e+00
9.126478297080149460e+00
9.016863854595335681e+00
8.964758475406624072e+00
8.976996374681560198e+00
9.017163923182442531e+00
8.995751273760532740e+00
9.212408142269254085e+00
9.056873407799333364e+00
9.074145110719184615e+00
9.314515970997453209e+00
9.709950029394473603e+00
9.660234175974917292e+00
9.643893298059964536e+00
9.729298941798941058e+00
9.862422839506173489e+00
1.000998799725651622e+01
1.008684352341759727e+01
1.004023858514599254e+01
9.926516264942190304e+00
9.937782921810699222e+00
9.434318048206936425e+00
9.297965657456398247e+00
9.349412110523221742e+00
9.298836468743875372e+00
9.178202772878698568e+00
9.143921467764061006e+00
9.215631736233588001e+00
9.211494464040759667e+00
9.106867283950617065e+00
9.031215706447188296e+00
8.929607583774251012e+00
8.897349598275523519e+00
8.976969429747207130e+00
9.007098765432099086e+00
9.184385410542818207e+00
9.265874240642759219e+00
9.331674995100920356e+00
9.213387958063883332e+00
9.207774838330394118e+00
9.196329365079364493e+00
9.180619243582206934e+00
9.128533460709386205e+00
9.206161816578482870e+00
9.198994464040760377e+00
9.175050215559474864e+00
9.096895208700765068e+00
9.143351949833430581e+00
9.201494219086811199e+00
9.179236478542033950e+00
9.535466882226142360e+00
9.477798598863413915e+00
9.516327405447775334e+00
9.482829952968842235e+00
9.497643543013913003e+00
9.431721536351165724e+00
9.370986429551244612e+00
9.398967519106408375e+00
9.553608171663727333e+00
9.564954438565550277e+00
9.564515970997453209e+00
9.609941456006270144e+00
9.718927591612777306e+00
9.702180090143052382e+00
9.707758916323731668e+00
9.780283656672546400e+00
9.770712081128747784e+00
9.576849402312365811e+00
9.470991328630217865e+00
9.562218302959044181e+00
9.586104987262395127e+00
9.535693464628650418e+00
9.676955957280030773e+00
9.809641387419164360e+00
9.824726876347247284e+00
9.800143298059964536e+00
9.823905055849500911e+00
9.866267391730355385e+00
9.949884871644130158e+00
9.931488830099940657e+00
9.843331128747795589e+00
9.802020870076425751e+00
9.430202821869489327e+00
9.273393102096806118e+00
9.121885410542818207e+00
9.267286400156770299e+00
9.358828140309622512e+00
9.366800166568685526e+00
9.526657113462668747e+00
9.492373358808544381e+00
9.422774593376445296e+00
9.378413433274545241e+00
9.283688516558886050e+00
9.222757446600038378e+00
9.299426807760141855e+00
9.305712326082696606e+00
9.290035273368607349e+00
9.191648295120517176e+00
9.142335390946502827e+00
9.013875416421711861e+00
9.013020527140897187e+00
9.004452038016852455e+00
8.968529541446208952e+00
9.243944738389183513e+00
9.217748138349989517e+00
9.262013766411914872e+00
9.281246325690769794e+00
9.751674260239074243e+00
9.829369978444052691e+00
9.892602390750539598e+00
9.957122036057221237e+00
1.002972148736037639e+01
9.991043258867332355e+00
9.968080050950421267e+00
1.000374167156574501e+01
9.926568930041153038e+00
9.908072457378013453e+00
9.818971683323535871e+00
9.847977905153831202e+00
9.840890162649422734e+00
9.856799921614737059e+00
9.909636488340192173e+00
9.921569419949049617e+00
9.850112678816381973e+00
9.940623162845385608e+00
9.986419753086419604e+00
9.957615618263766066e+00
9.881761953752693728e+00
9.837840485988634143e+00
9.826684058397020749e+00
9.831115275328238923e+00
9.784719772682736405e+00
9.838541054281794374e+00
9.889659269057416324e+00
9.936144179894180084e+00
9.924049578679207784e+00
9.902350333137370342e+00
1.000737188908485287e+01
9.960394620811287680e+00
9.843648344111306514e+00
9.795076425631981110e+00
9.840637860082305011e+00
9.764595581030766525e+00
9.806126298255927409e+00
9.941980207720948925e+00
9.966435185185185119e+00
9.927290319419949327e+00
1.004784807956104231e+01
1.009804894179894141e+01
1.003187218302958961e+01
9.876300705467372154e+00
9.791126543209877298e+00
9.794557123260826614e+00
9.780255486968449929e+00
9.691680139133842076e+00
9.760199882422105233e+00
9.870405888692925345e+00
9.952895355673133437e+00
9.893289486576524183e+00
9.940097736625514102e+00
9.978226043503822140e+00
9.883213305898491896e+00
9.763592494611012640e+00
9.739929943170684723e+00
9.671957671957672531e+00
9.673328189300411495e+00
9.648314716833235494e+00
9.676168430335097881e+00
9.655526161081716907e+00
9.710764501273761340e+00
9.766266166960610562e+00
9.770928865373310401e+00
9.691224524789339156e+00
9.657150205761316997e+00
9.818670389966685619e+00
9.911244611013129813e+00
1.000519302371154140e+01
1.006816211052322174e+01
1.018052493631197386e+01
1.018152802273172597e+01
1.024894669802077196e+01
1.022722663139329846e+01
1.015916250244954000e+01
9.732071820497745662e+00
9.695065402704290847e+00
9.738361013129532395e+00
9.671686997844405553e+00
9.733087154614931791e+00
9.681006270821086446e+00
9.710115373309816889e+00
9.762933568489124525e+00
9.819103958455810854e+00
9.639684989222025990e+00
9.577788800705468120e+00
9.618885949441505545e+00
9.583428865373310401e+00
9.480451450127375779e+00
9.416375171467764815e+00
9.427900254752106690e+00
9.472849304330786424e+00
9.451868998628258467e+00
9.458305163629237455e+00
9.547683960415442428e+00
9.523437193807565038e+00
9.495949686458946104e+00
9.505537184009405394e+00
9.546890309621790749e+00
9.525235155790712227e+00
9.516095923966293668e+00
9.598729913776210765e+00
9.667444395453655304e+00
9.692601165980795130e+00
9.703855575151871804e+00
9.861141730354693991e+00
9.860231726435429778e+00
9.799041005291005746e+00
9.775654027042916638e+00
9.491415588869292819e+00
9.471733539094650212e+00
9.466309033901627146e+00
9.369292572996275936e+00
9.253068048206937846e+00
9.225040417401528359e+00
9.383439888300999954e+00
9.420325053889868627e+00
9.506528022731727035e+00
9.564895649617872309e+00
9.597706006270820822e+00
9.702681020968057624e+00
9.733781599059376788e+00
9.628469772682736405e+00
9.653461199294532946e+00
9.722207524985302385e+00
9.737623701744071880e+00
9.800742210464433057e+00
9.836406280619243603e+00
9.782397609249461112e+00
9.798337987458358711e+00
9.789585782872819664e+00
9.768828385263571334e+00
9.795817411326670054e+00
9.686111111111111782e+00
9.661346266901823299e+00
9.710578336272780220e+00
9.658115324319027195e+00
9.428582451499117667e+00
9.469636733294141351e+00
9.594302371154222797e+00
9.547347148736037070e+00
9.496842543601802689e+00
9.616249020184206131e+00
9.699140211640211007e+00
9.725679747207525594e+00
9.781885655496767029e+00
9.774963256907701847e+00
9.784635263570448771e+00
9.755665784832451948e+00
9.782386586321772270e+00
9.753172153635116359e+00
9.648923427395649455e+00
9.654284244562022721e+00
9.596589016264942984e+00
9.510219478737997889e+00
9.401098618459728939e+00
9.413365912208504938e+00
9.421431020968057624e+00
9.466609102488732219e+00
9.548596413874191668e+00
9.521048892808151365e+00
9.497497795414462374e+00
9.493192729766803950e+00
9.459683029590436831e+00
9.497206300215559338e+00
9.585212130119536766e+00
9.480942582794433804e+00
9.455622917891435719e+00
9.504841514795218771e+00
9.487906623554771102e+00
9.408128796786204617e+00
9.421956447187929129e+00
9.434412355477169498e+00
9.386732069370959053e+00
9.440770135214579639e+00
9.514272241818538589e+00
9.587976435430139333e+00
9.541710758377424995e+00
9.530376739173036071e+00
9.532582549480697054e+00
9.513171173819321425e+00
9.436314422888496978e+00
9.387128894767784004e+00
9.442281501077797401e+00
9.370822310405642952e+00
9.369622036057220882e+00
9.396369782480894273e+00
9.364895649617871243e+00
9.365171222810111828e+00
9.456502302567116658e+00
9.467816725455614701e+00
9.474854252400549015e+00
9.444059866745051934e+00
9.374534587497549865e+00
9.425794875563394015e+00
9.443002890456593690e+00
9.464094650205760573e+00
9.406989760924945543e+00
9.395091122868899802e+00
9.442888986870467960e+00
9.563614540466392810e+00
9.530044826572604322e+00
9.472777042915931034e+00
9.520623897707231720e+00
9.606144669802077374e+00
9.513400205761316286e+00
9.469054967666078682e+00
9.410419116206153234e+00
9.417128404859886004e+00
9.421598814422887713e+00
9.396531452087007352e+00
9.398481285518322181e+00
9.451027581814619438e+00
9.486756564765823185e+00
9.518968009014304954e+00
9.457959778561630060e+00
9.409768763472467157e+00
9.368545463452869981e+00
9.339986282578875532e+00
9.267775083284343296e+00
9.216716882226140939e+00
9.266820987654320163e+00
9.247692533803645532e+00
9.265304722712130570e+00
9.213908485204781229e+00
9.184420928865373313e+00
9.163702723887908519e+00
9.169862090926905296e+00
9.171480011757790152e+00
9.107337595532040808e+00
9.089948314716833622e+00
9.066485400744660694e+00
9.039538016852832314e+00
9.292576670585930287e+00
9.302950470311580844e+00
9.312683715461492540e+00
9.370923966294336438e+00
9.450655251812658975e+00
9.461743092298647184e+00
9.445443856554968320e+00
9.458170438957475668e+00
9.526813883989809995e+00
9.511300950421320621e+00
9.454812120321379965e+00
9.440651332549480301e+00
9.488064618851655752e+00
9.544717568097198068e+00
9.494051293356848831e+00
9.504202184989221536e+00
9.634332745443856538e+00
9.650110229276895879e+00
9.628384038800705369e+00
9.572796639231825111e+00
9.481145894571820776e+00
9.468849206349206682e+00
9.444750636880266725e+00
9.430422055653536972e+00
9.436537330981774829e+00
9.614867479913776549e+00
9.727474034881442577e+00
9.731136096413873560e+00
9.790547227121301432e+00
9.835060258671369127e+00
9.609518910444835527e+00
9.577638154027042106e+00
9.582847099745247732e+00
9.531444738389183158e+00
9.544292572996276647e+00
9.578860474230845412e+00
9.590482314324907165e+00
9.524102243778170163e+00
9.596238732118361980e+00
9.661147854203409935e+00
9.619771457965901718e+00
