2.344725817334232829e+02
2.359877323192050653e+02
2.326706434398576846e+02
2.333301846285959584e+02
2.331815616757652094e+02
2.332359995092927818e+02
2.312753787646445574e+02
2.325438262896399522e+02
2.321630374777648171e+02
2.319074403484021332e+02
2.322650739127767849e+02
2.314393363184690031e+02
2.316055020548365349e+02
2.315866098264123139e+02
2.318079187879531275e+02
2.312708397227504236e+02
2.322453842851008972e+02
2.312287615776237431e+02
2.318045145065325414e+02
2.319671839538735298e+02
2.314099552229650953e+02
2.312493406121572832e+02
2.308107403545359659e+02
2.310623811568422923e+02
2.299466355885419944e+02
2.304011838311967040e+02
2.298593203704839709e+02
2.298415015641292882e+02
2.293178556093970428e+02
2.295356069435073323e+02
2.286547874624302210e+02
2.283315340734833967e+02
2.283047905293504130e+02
2.276120652640618403e+02
2.264164877629883961e+02
2.261761945654174042e+02
2.249353799914126171e+02
2.241128013249095261e+02
2.248164141569036474e+02
2.237920014721216830e+02
2.219481690486413470e+02
2.224789609274366740e+02
2.212149911059314320e+02
2.214126847819419766e+02
2.211458627246518915e+02
2.204782862049929406e+02
2.181920505428448678e+02
2.208431577010366311e+02
2.196490216524566108e+02
2.182787217076611626e+02
2.194675826534993632e+02
2.183562841194872135e+02
2.175035269582285480e+02
2.168980249033920131e+02
2.182510887566705549e+02
2.153089308716187134e+02
2.168331902103907396e+02
2.171021897810219059e+02
2.159001104091271657e+02
2.153632766975403285e+02
2.165019628289271907e+02
2.152850702324725489e+02
2.145379991412623326e+02
2.151151015150585692e+02
2.128394773967981450e+02
2.110367110347788753e+02
2.110871005336441044e+02
2.103761577623750156e+02
2.084624302275654770e+02
2.108693798687358196e+02
2.098447218303379884e+02
2.087793350917009150e+02
2.105168987302950256e+02
2.097132736306201366e+02
2.079209041280745964e+02
2.093607924921793426e+02
2.087905293504263113e+02
2.071162976139360978e+02
2.084925167147150944e+02
2.084980065018708331e+02
2.065652333926271353e+02
2.083838557320738403e+02
2.079911366006256515e+02
2.069086671164816380e+02
2.082983806661350741e+02
2.086043366251610109e+02
2.081741703980862326e+02
2.090533030730540531e+02
2.092720971600319047e+02
2.078965527816966130e+02
2.102386370606636774e+02
2.100763969821505270e+02
2.104753726308041450e+02
2.114051401582530900e+02
2.117463350303625020e+02
2.107107587560571744e+02
2.122804698521744342e+02
2.126335643746549806e+02
2.111116358952340022e+02
2.136244249524627321e+02
2.127762068330982004e+02
2.132001472121695258e+02
2.142678034717536661e+02
2.146801202232717856e+02
2.134350732993927409e+02
2.147287309084217668e+02
2.141535300251487399e+02
2.139919646690793229e+02
2.146480095687910250e+02
2.142945470158866499e+02
2.146311721768999519e+02
2.150099368214439153e+02
2.147209409311169850e+02
2.143297552597681488e+02
2.151422437588173864e+02
2.142093786419677315e+02
2.149616634975157865e+02
2.142374102925842010e+02
2.150074526160829294e+02
2.138843157701036546e+02
2.137843648408268393e+02
2.133197264307182763e+02
2.134546095810586905e+02
2.134071336563822570e+02
2.127513954486904311e+02
2.133737655646200153e+02
2.116340244126847949e+02
2.125005827148377477e+02
2.107170152732626036e+02
2.114691467828007205e+02
2.107043795620437834e+02
2.106128626633135070e+02
2.105153959393976493e+02
2.102758694718763479e+02
2.100579954609580966e+02
2.095519842973685911e+02
2.104672759614794870e+02
2.092976139360853836e+02
2.107831687419493392e+02
2.099683493835490538e+02
2.091988591056860685e+02
2.096059927620683254e+02
2.093656382260933526e+02
2.081043366251610109e+02
2.080687910200576596e+02
2.080989695148132341e+02
2.064766300680856261e+02
2.071864380788811957e+02
2.066419984052014911e+02
2.056612586640495692e+02
2.059440900447770275e+02
2.063394773967981450e+02
2.048552413666196514e+02
2.056856406796295289e+02
2.063276390848310200e+02
2.054025946144881232e+02
2.050439489664478856e+02
2.061828804514506430e+02
2.056898116910998056e+02
2.058374532294669734e+02
2.073695638839477340e+02
2.071719008771391657e+02
2.078198491075262098e+02
2.083063546586517703e+02
2.085170827455069684e+02
2.091123412868797118e+02
2.096792921548181425e+02
2.098552106974176468e+02
2.100117769735631441e+02
2.104136355272035814e+02
2.092797337913267484e+02
2.103744709562657249e+02
2.094785315586088359e+02
2.099336931853033263e+02
2.096811629761393476e+02
2.081512298349996968e+02
2.085155492854075874e+02
2.078406428264736689e+02
2.079067349567564236e+02
2.065023001901490431e+02
2.074937434827945708e+02
2.052909587192541210e+02
2.059528921057473951e+02
2.051486842912347299e+02
2.044452248052505752e+02
2.052254186346071378e+02
2.045436422744280094e+02
2.048285284916886440e+02
2.042187327485738706e+02
2.053536772373182941e+02
2.041646322762681791e+02
2.056411089983438671e+02
2.046116972336379831e+02
2.043415015641292882e+02
2.044258725387965399e+02
2.048716493896828865e+02
2.050046310495000910e+02
2.049047414586272566e+02
2.050476906090903526e+02
2.050455437649512476e+02
2.059950315892780566e+02
2.052701956695086665e+02
2.063855732073851357e+02
2.058937618843157793e+02
2.057475924676439831e+02
2.058285591608906202e+02
2.050008894068576240e+02
2.050745261608292935e+02
2.057201128626633135e+02
2.049662945470158775e+02
2.039206894436606774e+02
2.052944856774826690e+02
2.043890694964117074e+02
2.037684475249953948e+02
2.054934061215727183e+02
2.040691590504815167e+02
2.034761086916518309e+02
2.035320186468748034e+02
2.016427651352511816e+02
2.015573820769183726e+02
2.029748819235723545e+02
2.020002146844139190e+02
2.021659203827516365e+02
2.033992210022695133e+02
2.021997791817456971e+02
2.029650677789364011e+02
2.039740231859167068e+02
2.036619640556952788e+02
2.033003741642642410e+02
2.041121572716677974e+02
2.023043304913206271e+02
2.022311844445807480e+02
2.025308532171992795e+02
2.013381892903146593e+02
2.015002146844139190e+02
2.006782800711525567e+02
2.003430656934306455e+02
1.989516960068698950e+02
1.995841869594553089e+02
1.974721216953934970e+02
1.980061645095994720e+02
1.979708029197080350e+02
1.978487088265963223e+02
1.982684475249953948e+02
1.991546034472183067e+02
1.990548978715573867e+02
1.991936760105502060e+02
2.007818806354658534e+02
1.998650248420536002e+02
2.009341532233331407e+02
2.016699073790099987e+02
2.015334600993682272e+02
2.014846347298043270e+02
2.021198552413666221e+02
2.013410415260995023e+02
2.011877261853646530e+02
2.019730417714530972e+02
2.007938416242409403e+02
2.004586579157210338e+02
2.006938600257621204e+02
1.990901674538428381e+02
1.978362571305894733e+02
1.979828252468870744e+02
1.972165859044347656e+02
1.963323314727350919e+02
1.978445378151260456e+02
1.965912715451144095e+02
1.960757222597067937e+02
1.969353186530086361e+02
1.960659694534748212e+02
1.956817456909771238e+02
1.966421210820094529e+02
1.969516653376679187e+02
1.949411151321842510e+02
1.965782371342697559e+02
1.953749003250935345e+02
1.950763049745445699e+02
1.951746917745200278e+02
1.954298595350549022e+02
1.942977979512972979e+02
1.953678770778384433e+02
1.953766484696068346e+02
1.943401214500398737e+02
1.949808317487579075e+02
1.949166104397963579e+02
1.950549285407593629e+02
1.955908421762865714e+02
1.972263693798687427e+02
1.964851561062381222e+02
1.976732809912286086e+02
1.979248297859289778e+02
1.982350794332331532e+02
1.988922284242163983e+02
2.000241059927620597e+02
1.993888854811997930e+02
1.999582285468931957e+02
2.004893577869103751e+02
1.999677666687112776e+02
1.997846715328467155e+02
1.993933018462859650e+02
1.996764399190332995e+02
1.987693369318530472e+02
1.984567564251978240e+02
1.969988345703244761e+02
1.965539164570937771e+02
1.966838005275102716e+02
1.964665399006317728e+02
1.973519597620069987e+02
1.965551432251732820e+02
1.964856468134699128e+02
1.971134453781512548e+02
1.971976323376065636e+02
1.969320370483960119e+02
1.984114273446604955e+02
1.983419002637551500e+02
1.980295037723118412e+02
1.989765380604796690e+02
1.983944979451634651e+02
1.988250015334600960e+02
1.992970618904496121e+02
1.989281727289455830e+02
1.981792308164141616e+02
1.986569649757713307e+02
1.964542108814328571e+02
1.963720174201067152e+02
1.957343433723854389e+02
1.955659387842728449e+02
1.950804759860148465e+02
1.952333312887198815e+02
1.948914003557627552e+02
1.947184260565539944e+02
1.947248359197693617e+02
1.939720603569895161e+02
1.953626939827025808e+02
1.943823529411764639e+02
1.952305097221370431e+02
1.945249953996197121e+02
1.951112065264061926e+02
1.952952830767343357e+02
1.950434275900141188e+02
1.945972827087039150e+02
1.949272833220879590e+02
1.954577685088634098e+02
1.933726308041464677e+02
1.935679629516039881e+02
1.930341041526099559e+02
1.938884254431699787e+02
1.938960314052628462e+02
1.942622216769919703e+02
1.946588357970925642e+02
1.948559467582653610e+02
1.950813040544684895e+02
1.951156228914923645e+02
1.961512298349996968e+02
1.956762252346194089e+02
1.974329264552536358e+02
1.959889284180825655e+02
1.972539103232533932e+02
1.971237195608170225e+02
1.972213702999447946e+02
1.973284671532846630e+02
1.972425013801140778e+02
1.972019260258848021e+02
1.956250383365024845e+02
1.953237440961786149e+02
1.939935594675826565e+02
1.950603876587131253e+02
1.941939213641661013e+02
1.943399681040299356e+02
1.938022756547874508e+02
1.930792798871373463e+02
1.938695945531497387e+02
1.935866711648162948e+02
1.947790283996810388e+02
1.949608660982641197e+02
1.956753051585597802e+02
1.948452432067717552e+02
1.951883395694044054e+02
1.949161197325645674e+02
1.948098202784763657e+02
1.941498803901122585e+02
1.946575476906090785e+02
1.938531558608844989e+02
1.934740538551186830e+02
1.931973256455867158e+02
1.926865300864871529e+02
1.933391400355762642e+02
1.930271115745568409e+02
1.934525854137275473e+02
1.929764460528737118e+02
1.946376740477212763e+02
1.946065141385021207e+02
1.956855486720235433e+02
1.965394405937557565e+02
1.975195056124639734e+02
1.980613690731767065e+02
1.982771575783598053e+02
1.986822670674109190e+02
1.996849966263877718e+02
2.002600441636508606e+02
2.002912347420720209e+02
2.014261178924124351e+02
2.020552352327792391e+02
2.014785315586088359e+02
2.010890940317732998e+02
2.014874256271851891e+02
2.007816966202539390e+02
2.015722259706802504e+02
2.015383058332822088e+02
2.021031098570815061e+02
2.011564742685395402e+02
2.021051953628166586e+02
2.011438078881187437e+02
2.012488805741274689e+02
2.030031589278046908e+02
2.024224682573759537e+02
2.026099797583266877e+02
2.030900141078329000e+02
2.030481199779181622e+02
2.025324786849046177e+02
2.034467275961479515e+02
2.027313377905906862e+02
2.026158682451082598e+02
2.035515242593387768e+02
2.018247561798442007e+02
2.022785070232472435e+02
2.023148500276022901e+02
2.023258909403177199e+02
2.025467398638287477e+02
2.029415751702140653e+02
2.024509599460222091e+02
2.031052260320186349e+02
2.036312335153039328e+02
2.028356130773477162e+02
2.049554989879163429e+02
2.061556768692878734e+02
2.051613506716555264e+02
2.067454762927068543e+02
2.067826473655155439e+02
2.063118137766055327e+02
2.071791694780101807e+02
2.079735631478868925e+02
2.059395203336809175e+02
2.073432190394405836e+02
2.064706495736980969e+02
2.050380604796663135e+02
2.047291909464515811e+02
2.048545666441759181e+02
2.042284242164018906e+02
2.045544071643255961e+02
2.051400969146782813e+02
2.043403974728577452e+02
2.052709623995583570e+02
2.052231491136600710e+02
2.055561246396368631e+02
2.066885235846163198e+02
2.070979267619456436e+02
2.077946696926945833e+02
2.076000429368827724e+02
2.083446911611359837e+02
2.083339876096424064e+02
2.078472367049009506e+02
2.075505121756731910e+02
2.082333006195178768e+02
2.072517941483162645e+02
2.073069680426915227e+02
2.071222167699196461e+02
2.063647794884377049e+02
2.057967551984297359e+02
2.058115377537876327e+02
2.052668833956940375e+02
2.056585904434766690e+02
2.064158130405446911e+02
2.051283199411151372e+02
2.061242716064527940e+02
2.063652701956694955e+02
2.064639330184628534e+02
2.068637980739741238e+02
2.086419677359995148e+02
2.083859105686070166e+02
2.099881310188308987e+02
2.116020671042139440e+02
2.119381708887934792e+02
2.130299638103416555e+02
2.146473041771453154e+02
2.141327976446052901e+02
2.144441207139790322e+02
2.155287983806661316e+02
2.151832791510764764e+02
2.148707293136232579e+02
2.155846163282831469e+02
2.154261485616144398e+02
2.152551064221308934e+02
2.160581181377660585e+02
2.158484634729804270e+02
2.155512482365208768e+02
2.160688523584616405e+02
2.163282831380727487e+02
2.150230019014905167e+02
2.160700484573391407e+02
2.162486352205115736e+02
2.154943875360362995e+02
2.162886278599030732e+02
2.161837698583082954e+02
2.147314297981966433e+02
2.152001778813715305e+02
2.154737164938968306e+02
2.144779795129730644e+02
2.149742992087345783e+02
2.146375820401153192e+02
2.135453597497393048e+02
2.139783168741949453e+02
2.147755321106544670e+02
2.129174385082500294e+02
2.132455683003128399e+02
2.135612770655707493e+02
2.124222842421640109e+02
2.125356989511132895e+02
2.136258664049561560e+02
2.126707967858676227e+02
2.133607004845733854e+02
2.143505796479175558e+02
2.137609949089124655e+02
2.144222535729620347e+02
2.151032938722934489e+02
2.153906949641170456e+02
2.147768508863399290e+02
2.167830153959394011e+02
2.151614426792614836e+02
2.159472489725817468e+02
2.162337606575476912e+02
2.157410599276206824e+02
2.160253940992455455e+02
2.157177206649083132e+02
2.155881739557136711e+02
2.142156964975771416e+02
2.151849966263877718e+02
2.134782248665889597e+02
2.138769244924247062e+02
2.136167576519658837e+02
2.142993007421946743e+02
2.129209961356805536e+02
2.141881862233944673e+02
2.140133104336625252e+02
2.135256394528614408e+02
2.144516653376679187e+02
2.139655278169662154e+02
2.152501380114089500e+02
2.145381831564742754e+02
2.158318407655032729e+02
2.147889652211249540e+02
2.160280009814144648e+02
2.157455069619088590e+02
2.159913512850395705e+02
2.165779917806538606e+02
2.161583757590627499e+02
2.169458688584923038e+02
2.160118996503711060e+02
2.158793780285836874e+02
2.156755811813776518e+02
2.157487578973195070e+02
2.158746243022756630e+02
2.164624302275654770e+02
2.164375881739557030e+02
2.170251794148316264e+02
2.168864319450407834e+02
2.174027479604980613e+02
2.166706434398576846e+02
2.178897748880574170e+02
2.176904864135435105e+02
2.171345151199165855e+02
2.183275470772250628e+02
2.177146537447095511e+02
2.189031159909219184e+02
2.185031282586027146e+02
2.194598233453965577e+02
2.184915046310495086e+02
2.192228730908421710e+02
2.188956020364350081e+02
2.181269704962276990e+02
2.189525240753235664e+02
2.178659142489112526e+02
2.179034840213457755e+02
2.179505305771943711e+02
2.190597742746733729e+02
2.183953873520210891e+02
2.193956020364350081e+02
2.196723302459670037e+02
2.190260381524872741e+02
2.197806231981843723e+02
2.197624670306078656e+02
2.197898546279825780e+02
2.198808501502790875e+02
2.203227626817150338e+02
2.197949150463105070e+02
2.203267190087713914e+02
2.202396184751272870e+02
2.203843771085076355e+02
2.197699196466907949e+02
2.200798012635711132e+02
2.194260258848064780e+02
2.188138686131386805e+02
2.186334416978470188e+02
2.179271299760780209e+02
2.184373428203398078e+02
2.178438937618843170e+02
2.190728393547200028e+02
2.178332515487946921e+02
2.193748389866895536e+02
2.189382628963994364e+02
2.190996749064589437e+02
2.196531926639268875e+02
2.197911120652640591e+02
2.201491136600625680e+02
2.201859167024474004e+02
2.206708581242716036e+02
2.198604244617555139e+02
2.209137582040115433e+02
2.204063362571305902e+02
2.210075752928908912e+02
2.206940747101760394e+02
2.209575538244494908e+02
2.197918481261117449e+02
2.203530945224805180e+02
2.191865300864871529e+02
2.191351898423602904e+02
2.196015457277801772e+02
2.193287738453045392e+02
2.196203766178004173e+02
2.198059559590259369e+02
2.201651536527019459e+02
2.195327547077225177e+02
2.208636447279641857e+02
2.202051462920934739e+02
2.209574618168435336e+02
2.215034962890265717e+02
2.207402625283690156e+02
2.213222719744832148e+02
2.210151505857817540e+02
2.212017113414708831e+02
2.205362816659510656e+02
2.212307857449549147e+02
2.199612647978899531e+02
2.207977366128933454e+02
2.193790406673618349e+02
2.197776482855915958e+02
2.191721462307550894e+02
2.191381954241550716e+02
2.189555603263202954e+02
2.188097589400723848e+02
2.189122554131141385e+02
2.189733177942709972e+02
2.191350978347543332e+02
2.188447831687419409e+02
2.194918419922713611e+02
2.188431270318346265e+02
2.196340244126847949e+02
2.187911120652640591e+02
2.194361467214623076e+02
2.181609826412316693e+02
2.190317119548549272e+02
2.180508495368950435e+02
2.178295712445562060e+02
2.180125437036128346e+02
2.169371281359259171e+02
2.167411826044286443e+02
2.156105011347604830e+02
2.165022695209470669e+02
2.149746365699564592e+02
2.166078635833895589e+02
2.155192602588480781e+02
2.157878917990553873e+02
2.160287370422621507e+02
2.154577071704594289e+02
2.162277188247561810e+02
2.163987916334417037e+02
2.174097712077531810e+02
2.161357418879960619e+02
2.179462368889161610e+02
2.168963074280807177e+02
2.176476415383671679e+02
2.180691590504815167e+02
2.183043611605226033e+02
2.177450775930810210e+02
2.181832178126725239e+02
2.183804821198552304e+02
2.172091639575538125e+02
2.180329080537324558e+02
2.173575415567686946e+02
2.176146414770287549e+02
2.173950499907992366e+02
2.185535177574679437e+02
2.174294301662270641e+02
2.187693369318530472e+02
2.189366680978961028e+02
2.187961111451880072e+02
2.193931178310740222e+02
2.200861804575845042e+02
2.203846838005275117e+02
2.201235355456051082e+02
2.212406612279948490e+02
2.202680794945715377e+02
2.210913328835183620e+02
2.206059927620683254e+02
2.210072072624670341e+02
2.205866711648162948e+02
2.208748389866895536e+02
2.206992884745139065e+02
2.199127154511439528e+02
2.204778875053671072e+02
2.191097957431147734e+02
2.200299638103416555e+02
2.191384714469729431e+02
2.201753358277617565e+02
2.194527080905354808e+02
2.199318837023860738e+02
2.199547015886646761e+02
2.191775440103048425e+02
2.202769428939458862e+02
2.198155860884499759e+02
2.200111329203214154e+02
2.201299454088204754e+02
2.199638103416549200e+02
2.196417837207875721e+02
2.201011163589523392e+02
2.200064098632153673e+02
2.192912040728700163e+02
2.200387658713120231e+02
2.190186468748083257e+02
2.191873581549407959e+02
2.188472980433049031e+02
2.186598785499601263e+02
2.177662700116542851e+02
2.184640250260688106e+02
2.176838311967122479e+02
2.177052382996994311e+02
2.176533460099368256e+02
2.171918051892289725e+02
2.182043182236398309e+02
2.171525486106851588e+02
2.182318284978224767e+02
2.173803594430472970e+02
2.187488805741274689e+02
2.182742133349690334e+02
2.188962767588787415e+02
2.182451696006869781e+02
2.192819419738698343e+02
2.190133717720664777e+02
2.183582776176163804e+02
2.201259584125621132e+02
2.182004845733914067e+02
2.195928356744157384e+02
2.186563822609335830e+02
2.190606636815309969e+02
2.184215175121143488e+02
2.191506164509599444e+02
2.174497331779427043e+02
2.186194565417407887e+02
2.191633748389866980e+02
2.180800772863890131e+02
2.193298165981721297e+02
2.189267619456541638e+02
2.193120591302214279e+02
2.188322394651291063e+02
2.204482303870453279e+02
2.186162669447340932e+02
2.208495368950499937e+02
2.196307734772741185e+02
2.202412746120346014e+02
2.201639268846224695e+02
2.200041403422683004e+02
2.202646138747469706e+02
2.197694289394590044e+02
2.211162976139360978e+02
2.190916702447402429e+02
2.210956265717966005e+02
2.195408207078451710e+02
2.202489419125314498e+02
2.200897380850150284e+02
2.195010734220695667e+02
2.192939336318468975e+02
2.195059498251855530e+02
2.195876832484818806e+02
2.190063485248113864e+02
2.199069803103723189e+02
2.185810587008525943e+02
2.198390173587683307e+02
2.192354781328589866e+02
2.192249892657792998e+02
2.204307796111145308e+02
2.196044286327669681e+02
2.193840704164877593e+02
2.202381463534318868e+02
2.192054223149113739e+02
2.188093909096485277e+02
2.193929031466601316e+02
2.184850027602281841e+02
2.179194013371772201e+02
2.186484389376188346e+02
2.176908544439673676e+02
2.178882720971600406e+02
2.176808256149174952e+02
2.171847206035699003e+02
2.169903698705759609e+02
2.173820769183585924e+02
2.169993559467582713e+02
2.177556891369686696e+02
2.176723302459670037e+02
2.176882168925964436e+02
2.184742072011286211e+02
2.181254370361283179e+02
2.190408207078451710e+02
2.190104581978776821e+02
2.189946328896522232e+02
2.190990308532171866e+02
2.191875115009507340e+02
2.182224437220143614e+02
2.188435870698644408e+02
2.179531374593633188e+02
2.173871373366864930e+02
2.178368398454272210e+02
2.174213948353063870e+02
2.163356437465497208e+02
2.161123412868797118e+02
2.146765932650432376e+02
2.130524136661964008e+02
2.130708458565908074e+02
2.114451021284426133e+02
2.109188186223394439e+02
2.105341961602159131e+02
2.096494203520824442e+02
2.087288535852297002e+02
2.078892841808256264e+02
2.074197386983990725e+02
2.065642213089615495e+02
2.063582469484144042e+02
2.049883763724467940e+02
2.046952708090535396e+02
2.027274428019382810e+02
2.022677421333496852e+02
2.015175734527387590e+02
2.008656688952953573e+02
1.997057903453352026e+02
2.002346500644053151e+02
2.006549714776421638e+02
1.999286634361774020e+02
2.017368275777464248e+02
2.007217076611666471e+02
2.016058700852603920e+02
2.024233269950316014e+02
2.036109611727902973e+02
2.039958596577316996e+02
2.054282340673495639e+02
2.068078881187511513e+02
2.064750352695822926e+02
2.078698705759676102e+02
2.075896767466110475e+02
2.085111022511194392e+02
2.082796724529227674e+02
2.080255474452554836e+02
2.080176041219407352e+02
2.077965098448138406e+02
2.080141998405201491e+02
2.072101453720174220e+02
2.085960252714224339e+02
2.073320247807152157e+02
2.083932711770839603e+02
2.080919155983561382e+02
2.080084033613445342e+02
2.083289271913144773e+02
2.079158743789486721e+02
2.082674047721278328e+02
2.086085076366312876e+02
2.091712568238974370e+02
2.099433846531313179e+02
2.109936514751886136e+02
2.117276574863522001e+02
2.126018830890020297e+02
2.130492547383917099e+02
2.140451450653254142e+02
2.131188738269030125e+02
2.146174017052076408e+02
2.138025516776053507e+02
2.141723302459670037e+02
2.145043243574802148e+02
2.144965957185794139e+02
2.139932527755627802e+02
2.144734098018769544e+02
2.136031711954854870e+02
2.134784088818009025e+02
2.133515917315831416e+02
2.122673434337238518e+02
2.122474697908360497e+02
