6.660325273459989148e+01
8.664876223373632058e+01
8.021577432354634141e+01
8.035284974093264054e+01
8.033529073114564767e+01
8.614743811168681020e+01
8.458146229130684901e+01
8.331073690270581267e+01
8.334006908462866647e+01
8.319271732872769576e+01
8.361819228554979588e+01
8.164421416234887374e+01
8.313747841105353586e+01
8.036588946459413307e+01
8.239881980426021357e+01
8.144389752446747366e+01
8.222723085780080510e+01
8.166410477835347592e+01
8.240411629245825509e+01
8.194666090961428040e+01
8.206804835924006625e+01
8.176070811744386901e+01
8.157564766839378478e+01
8.270017271157168182e+01
8.136868163500287210e+01
8.270296488198042084e+01
8.206327000575704744e+01
8.218546344271733517e+01
8.289191134139321093e+01
8.301493955094991861e+01
8.272181922855497760e+01
8.185043177892919175e+01
8.255670696603338854e+01
8.122340241796200644e+01
8.135368451352907471e+01
8.086747265400114770e+01
8.093609671848014386e+01
7.991617731721358098e+01
8.076799078871617610e+01
8.004930915371329547e+01
8.082867012089809577e+01
8.160854922279793300e+01
8.145279217040875608e+01
8.148005181347150483e+01
8.211102475532527478e+01
8.133175014392631397e+01
8.149021301093840464e+01
8.203955094991364660e+01
8.171203223949338224e+01
8.095109383995394126e+01
8.194225676453655183e+01
8.126983304548070919e+01
8.154824409902130355e+01
8.123008059873345132e+01
8.094513529073114455e+01
8.031482440990212979e+01
8.034962579159470408e+01
8.051750143926309988e+01
8.051111111111110574e+01
8.085725388601036911e+01
8.077227979274611869e+01
8.057582037996546376e+01
8.139139320667817401e+01
8.097230857800805381e+01
8.178690270581462585e+01
8.183416810592976276e+01
8.204884858952216575e+01
8.280172711571675848e+01
8.294847438111686699e+01
8.303042602187679222e+01
8.289752446747264969e+01
8.392967760506620323e+01
8.280961427748992776e+01
8.382970639032815541e+01
8.302979274611398353e+01
8.376062176165802953e+01
8.242363270005756704e+01
8.343085780080598113e+01
8.260120898100173292e+01
8.348215313759355638e+01
8.320071963154865102e+01
8.378552101324122248e+01
8.394222797927460533e+01
8.318736327000576125e+01
8.463370754173863020e+01
8.362098445595854912e+01
8.488989637305699887e+01
8.363074265975819799e+01
8.507567645365573128e+01
8.352302820955671336e+01
8.528759355210132753e+01
8.363318940702360749e+01
8.497734599884859108e+01
8.332697179044329516e+01
8.454162348877375166e+01
8.319499136442141207e+01
8.368865860679332513e+01
8.282538860103626632e+01
8.305782959124927345e+01
8.322265400115141176e+01
8.361459412780656919e+01
8.314861830742660231e+01
8.332259643062751309e+01
8.318517559009787021e+01
8.401827864133564105e+01
8.288468624064479684e+01
8.380218767990788820e+01
8.353105929763961512e+01
8.408376511226252603e+01
8.373730569948186542e+01
8.395814622913069059e+01
8.397533103051237902e+01
8.418244099021300997e+01
8.397518710420264654e+01
8.416721358664364061e+01
8.356945883707541611e+01
8.371145653425446653e+01
8.327849740932641964e+01
8.302374784110534733e+01
8.345961427748991923e+01
8.405975820379966024e+01
8.295903857225100353e+01
8.478166378814047732e+01
8.346810592976396492e+01
8.435489349453079910e+01
8.338877374784109975e+01
8.417538860103627485e+01
8.322058146229130671e+01
8.357806563039723358e+01
8.382783534830167582e+01
8.317420840529648274e+01
8.411200345423142721e+01
8.352602187679907786e+01
8.406105354058722412e+01
8.227392055267702631e+01
8.394697754749567764e+01
8.202472654001151398e+01
8.260129533678755820e+01
8.273770869314910215e+01
8.289712147380541296e+01
8.258917674150835353e+01
8.316465169833045934e+01
8.191024755325273077e+01
8.364671848013817623e+01
8.202656879677604707e+01
8.366237766263672881e+01
8.331491076568796927e+01
8.400152561888313585e+01
8.338839953943580952e+01
8.446485319516408197e+01
8.422953367875648212e+01
8.393529073114565620e+01
8.420805987334485110e+01
8.500774323546343680e+01
8.307107081174439145e+01
8.459029936672423844e+01
8.276540011514104833e+01
8.286899827288428355e+01
8.328094415659182914e+01
8.295912492803684302e+01
8.374225676453656320e+01
8.289804260218768661e+01
8.468491652274035175e+01
8.273750719631549089e+01
8.420788716177317212e+01
8.317069660333909553e+01
8.331171560161197931e+01
8.382135866436384219e+01
8.292392055267703199e+01
8.403235463442717901e+01
8.351977547495681620e+01
8.384078871617731465e+01
8.335947035118019244e+01
8.388750719631548236e+01
8.306983304548072056e+01
8.286246401842257114e+01
8.272322970639032746e+01
8.244127806563039940e+01
8.295325273459988580e+01
8.223805411629246009e+01
8.410754173862981986e+01
8.215089234312031863e+01
8.372573402417961574e+01
8.350748416810593255e+01
8.523721934369602593e+01
8.366871042026482996e+01
8.521776050662060698e+01
8.433989637305700171e+01
8.453644214162348192e+01
8.553724812895796958e+01
8.424392630972941731e+01
8.523393782383419648e+01
8.458013816925733863e+01
8.491678180771444318e+01
8.391180195739781311e+01
8.435365572826712821e+01
8.307230857800806234e+01
8.387671272308577386e+01
8.403557858376511547e+01
8.378805411629245725e+01
8.432193436960275790e+01
8.424009786989061865e+01
8.371047783534829989e+01
8.354208405296488138e+01
8.464510650546920090e+01
8.362409326424869960e+01
8.479378238341969620e+01
8.425497985031664427e+01
8.494467472654001483e+01
8.429355210132412424e+01
8.501203223949337939e+01
8.513364997121473721e+01
8.433917674150835353e+01
8.544881980426022494e+01
8.311445020149683671e+01
8.455503742084053442e+01
8.323016695451929081e+01
8.446937248128958231e+01
8.320794473229706512e+01
8.517662636729994574e+01
8.333911917098446054e+01
8.435175590097870213e+01
8.381352907311456590e+01
8.421868163500288063e+01
8.356882556131260742e+01
8.443108808290155309e+01
8.381652274035693040e+01
8.323543465745538583e+01
8.464516407599309389e+01
8.298601036269430153e+01
8.391473805411629883e+01
8.376750143926309988e+01
8.415794473229706796e+01
8.290158318940702031e+01
8.333506044905008991e+01
8.345040299366723957e+01
8.210284974093264054e+01
8.386879677605065808e+01
8.235374208405296770e+01
8.349487622337363746e+01
8.308802533103050791e+01
8.346249280368451195e+01
8.280351180195739857e+01
8.351683937823834469e+01
8.263359240069084422e+01
8.306764536557282952e+01
8.258989637305700171e+01
8.365238917674150798e+01
8.269024179620033976e+01
8.343016695451927944e+01
8.298897524467471953e+01
8.321606217616580636e+01
8.275785837651122279e+01
8.290843408175014417e+01
8.156635002878526564e+01
8.190575705238917692e+01
8.206908462867012588e+01
8.172075417386298568e+01
8.229481865284974162e+01
8.272625215889465267e+01
8.291050662061024923e+01
8.279896373056995174e+01
8.316001727115717301e+01
8.291076568796775348e+01
8.347366148531951069e+01
8.361796200345423813e+01
8.348877374784110827e+01
8.440964306275186857e+01
8.342682786413355700e+01
8.452098445595855480e+01
8.344720782959124961e+01
8.471917098445595684e+01
8.346966033390903306e+01
8.400843408175013849e+01
8.366753022452503785e+01
8.307797927461139409e+01
8.340472078295913150e+01
8.301488198042602562e+01
8.414571099597006310e+01
8.217469775474957316e+01
8.479968336211859992e+01
8.288681635002878068e+01
8.417363270005756704e+01
8.267069660333909553e+01
8.459277489925158022e+01
8.352708693149106978e+01
8.447924582613701716e+01
8.330020149683362263e+01
8.364427173287276673e+01
8.559018422567645246e+01
8.390653425446171809e+01
8.231090961427749164e+01
8.409634427173287463e+01
8.401701208981002367e+01
8.335955670696603192e+01
8.214700633275762698e+01
8.313146229130684617e+01
8.064329303396661430e+01
8.249962579159470977e+01
8.192170408750719446e+01
8.332962003454231592e+01
8.029657455382843523e+01
8.317933218192285949e+01
8.135359815774323522e+01
8.190141047783534134e+01
8.164928036845135750e+01
8.174502014968335573e+01
8.119424294761081740e+01
8.177452504317788851e+01
8.194553828439838128e+01
8.150261945883707426e+01
8.152806563039723642e+01
8.138506044905008707e+01
8.174666090961427756e+01
8.062694300518134582e+01
8.092354634427172755e+01
8.031830742659758471e+01
8.049579735175589690e+01
7.933831318364997287e+01
8.037150259067357183e+01
8.098025331030513030e+01
7.961919976971790902e+01
8.048943580886586346e+01
8.064804260218768661e+01
8.102797927461139693e+01
7.986436384571099723e+01
8.195423143350603823e+01
7.919810017271157676e+01
8.168388025331030633e+01
8.054905008635579122e+01
8.135359815774323522e+01
8.046059297639608587e+01
8.213647092688543694e+01
8.112746113989636854e+01
8.089542314335059814e+01
8.159553828439838696e+01
7.974648819804259858e+01
8.057901554404145372e+01
7.981649395509499811e+01
8.083022452504317812e+01
7.891686816350028266e+01
8.060624640184225598e+01
8.016364421416234620e+01
8.015074841681058615e+01
8.123592400690846205e+01
7.937841105354058868e+01
8.126217616580311187e+01
8.026991940126654868e+01
8.079162348877375166e+01
8.042651122625215976e+01
8.078578008059872673e+01
8.061681059297639251e+01
8.148713298791018644e+01
8.112256764536557796e+01
8.095400115141048047e+01
8.071188831318364976e+01
8.175293609671848571e+01
8.012927461139896934e+01
8.057452504317789987e+01
7.954884858952216575e+01
8.010592976396085874e+01
7.978704663212435833e+01
8.045069084628670453e+01
7.957881404720782825e+01
8.030094991364421730e+01
8.115486470926884977e+01
8.003045480713873872e+01
8.084349453080022840e+01
8.056850892343121018e+01
8.150734024179620008e+01
8.006088082901554515e+01
8.206635002878526564e+01
8.039530800230282637e+01
8.182498560736902959e+01
8.176421991940127043e+01
8.095975820379965171e+01
8.194732297063903559e+01
8.125362694300518740e+01
8.147210708117444256e+01
8.039231433506044766e+01
8.124810017271157392e+01
7.890290731145653069e+01
8.154881980426021926e+01
7.926059297639608303e+01
8.034962579159470408e+01
7.976853770869314531e+01
8.029012665515256231e+01
7.938514680483592656e+01
8.049424294761082876e+01
7.996551525618883716e+01
7.963442717328727838e+01
8.098336211859528078e+01
8.018900402993666887e+01
8.042199194012665942e+01
8.011658031088083476e+01
8.032970639032815541e+01
7.951421991940127043e+01
8.063989637305699887e+01
7.965883707541738090e+01
7.963434081750143889e+01
7.903886010362694492e+01
7.907530224525042684e+01
7.767786413356361663e+01
7.877993667242371600e+01
7.875895221646517541e+01
7.828900402993667740e+01
7.940736902705815226e+01
7.850995970063327434e+01
7.968891767415082938e+01
7.798891767415084075e+01
7.993868739205527163e+01
7.839671848013817623e+01
8.043402417962003881e+01
7.927872769142199161e+01
8.112089810017270963e+01
8.055466321243522998e+01
8.031516983304548774e+01
8.152944732297063979e+01
8.015555555555555145e+01
8.134346574553828191e+01
8.025489349453080479e+01
8.077109959700632658e+01
7.967550374208404662e+01
8.054522164651697835e+01
7.989404145077720898e+01
8.115817501439262571e+01
8.057121473805410972e+01
8.141148531951640166e+01
8.145906735751295003e+01
8.110256188831318980e+01
8.176131260794473121e+01
8.153235463442717901e+01
8.211977547495682472e+01
8.176246401842256262e+01
8.200964306275187710e+01
8.136482440990212694e+01
8.262279792746113571e+01
8.092786413356361663e+01
8.187530224525043820e+01
8.145762809441565366e+01
8.070221646516982617e+01
8.064404145077720898e+01
8.056327000575704744e+01
7.908448474381117421e+01
7.990356937248128588e+01
7.937645365572826961e+01
7.969004029936672850e+01
7.910492227979274560e+01
8.013727691421992461e+01
7.929890616004605874e+01
8.014539435808865164e+01
7.948157743235464068e+01
7.956675302245250236e+01
8.004240069084629283e+01
7.897446747265399836e+01
8.113016695451928229e+01
7.866663788140472491e+01
8.160178468624064863e+01
7.850397236614853114e+01
8.126833621185953405e+01
7.899228554979850969e+01
8.042150259067356899e+01
7.826784686240644362e+01
7.906387449625790964e+01
7.799689119170984952e+01
7.845379965457685500e+01
7.929101899827288946e+01
7.878364997121474289e+01
8.020886586067933877e+01
7.903957973517559310e+01
8.116473805411629883e+01
7.873998272884283267e+01
8.115164075993091330e+01
7.916039147956246325e+01
8.117803684513529561e+01
7.995814622913069059e+01
8.142043753598157707e+01
8.107037996545768976e+01
8.064922279792746451e+01
8.165777202072538898e+01
8.085008635578583380e+01
8.160811744386873556e+01
8.007953367875647643e+01
8.069228554979849832e+01
7.980169833045481198e+01
7.966830742659757902e+01
7.996738629821531674e+01
7.932685664939550918e+01
8.035716753022452963e+01
7.961168681635002997e+01
8.041934369602763866e+01
7.922740356937248407e+01
7.999346574553828759e+01
7.921554404145078365e+01
7.963411053540586693e+01
7.962556131260794245e+01
7.937023603914795444e+01
7.982288428324697804e+01
7.961373056994818853e+01
8.010296488198042653e+01
7.991727115716753360e+01
8.020567069660333459e+01
7.962394933793898133e+01
8.044663212435233390e+01
7.895949913644214746e+01
7.897210708117444256e+01
7.905745538284398322e+01
7.980284974093264339e+01
7.951283822682786706e+01
8.006689694876223484e+01
8.028897524467473090e+01
8.016813471502590005e+01
8.083028209556707111e+01
8.029346574553828475e+01
8.090204375359816424e+01
8.034951065054691810e+01
8.157587795048934254e+01
8.049289004029937189e+01
8.194735175590098208e+01
8.109545192861254748e+01
8.179683362118595369e+01
8.174173862982152627e+01
8.134412780656303710e+01
8.115521013241220771e+01
8.097210708117444256e+01
8.111177317213586946e+01
8.063293033966608903e+01
7.999933793897524481e+01
8.130624640184225882e+01
8.040103626943005111e+01
8.181375935521013787e+01
8.057334484743810776e+01
8.136980426021877122e+01
8.017835348301669285e+01
8.183520437535982239e+01
8.026922855497984699e+01
8.118313183649971165e+01
8.129412780656303994e+01
8.098284398388025807e+01
8.120233160621761215e+01
8.101649395509498675e+01
8.160800230282094958e+01
8.008949337938975077e+01
8.196931491076568932e+01
7.906801957397811975e+01
8.088439838802533188e+01
7.856312607944732918e+01
8.046240644789867247e+01
7.859346574553828191e+01
8.023474381116868415e+01
7.943503166378813773e+01
7.998742084052965140e+01
8.090587219343696290e+01
7.983304548071387785e+01
8.089772596430627516e+01
8.048241220495106063e+01
8.110808865860678907e+01
8.067406447898676447e+01
8.174660333909038457e+01
8.122449625791594485e+01
8.193661485319516657e+01
8.260261945883706858e+01
8.215426021876798757e+01
8.229628670120898448e+01
8.255106505469200329e+01
8.169602763385147171e+01
8.116396085204375765e+01
8.165126655152562307e+01
8.129263097294185059e+01
8.156721358664363208e+01
8.231977547495682757e+01
8.177181922855497476e+01
8.271882556131261310e+01
8.227498560736903244e+01
8.268474381116868699e+01
8.208494530800230393e+01
8.327222222222222570e+01
8.207573402417962427e+01
8.322138744962579437e+01
8.309332181922854943e+01
8.266919976971790618e+01
8.299726540011513976e+01
8.317843983880253234e+01
8.281004605641911098e+01
8.215316637881404915e+01
8.312400690846286011e+01
8.088494530800230109e+01
8.258560736902705912e+01
8.131997697179043882e+01
8.188655728267127643e+01
8.159257340241796896e+01
8.176027633851468579e+01
8.207369027058146571e+01
8.180135290731145403e+01
8.221027633851467442e+01
8.244910765687967569e+01
8.202118595279216606e+01
8.201574553828439207e+01
8.173321819228554830e+01
8.207253886010362010e+01
8.145166954519285696e+01
8.267023603914795160e+01
8.113816925734023755e+01
8.269291882556130702e+01
8.086804835924006341e+01
8.333013816925733863e+01
7.981217616580310903e+01
8.297115716753022241e+01
7.891986183074266137e+01
8.153056994818652470e+01
7.903054116292457820e+01
8.119631548647092245e+01
8.014879101899826708e+01
8.062354634427173039e+01
8.214959700633275475e+01
7.987979274611399205e+01
8.233995394358088049e+01
8.043975244674726355e+01
8.276655152561887974e+01
8.024009786989061865e+01
8.313580886586068175e+01
8.157602187679907502e+01
8.296033390903856741e+01
8.183638457109960029e+01
8.282737478411053189e+01
8.145008635578584233e+01
8.301450777202072118e+01
8.107225100748416935e+01
8.191157167530224115e+01
8.201191709844559341e+01
8.128949337938975361e+01
8.265483592400690327e+01
8.200071963154864818e+01
8.290990213010938703e+01
8.187334484743810492e+01
8.321105354058721559e+01
8.186252158894646414e+01
8.342078295912493502e+01
8.245598733448474604e+01
8.361528497409327088e+01
8.318911917098445485e+01
8.425112262521588491e+01
8.418186528497409427e+01
8.396519861830742570e+01
8.459910765687968137e+01
8.362104202648244211e+01
8.476727115716752792e+01
8.367959124928036374e+01
8.429317789291881979e+01
8.323819804260219257e+01
8.329202648244098839e+01
8.312340241796199791e+01
8.239251583189407313e+01
8.287884283246977191e+01
8.279004029936672282e+01
8.287311456534254717e+01
8.351744386873920689e+01
8.296778929188255347e+01
8.366810592976396777e+01
8.330233160621762067e+01
8.373051237766263455e+01
8.238839953943580952e+01
8.405460564191133699e+01
8.276896948762234274e+01
8.390949913644213609e+01
8.332898675877950723e+01
8.453733448474380907e+01
8.193793897524467695e+01
8.468537708693149568e+01
8.267052389176741656e+01
8.333989637305700171e+01
8.272656879677604991e+01
8.281787564766838727e+01
8.201922855497984699e+01
8.146896948762233137e+01
8.286390328151986751e+01
8.132317213586644300e+01
8.348344847438112026e+01
8.156588946459412170e+01
8.320863557858376680e+01
8.220328151986183229e+01
8.243998272884283551e+01
8.215854922279793016e+01
8.276940126655152596e+01
8.264375359815774402e+01
8.265466321243523851e+01
8.390149683362118083e+01
8.308399539435808379e+01
8.391341393206678845e+01
8.330261945883707142e+01
8.379971214738054641e+01
8.336600460564190485e+01
8.407392055267702347e+01
8.328716177317213010e+01
8.376813471502590858e+01
8.325446171560160735e+01
8.331424870466321408e+01
8.272786413356361379e+01
8.333221070811744369e+01
8.311721358664364345e+01
8.356862406447898195e+01
8.307392055267702347e+01
8.372527345998848602e+01
8.325739781232009307e+01
8.340469199769718500e+01
8.352426597582038426e+01
8.268894645941277588e+01
8.357892918825561424e+01
8.342941853770869898e+01
8.324170984455957978e+01
8.329268854346574358e+01
8.396436384571099154e+01
8.282285549798503155e+01
8.379553828439838981e+01
8.315302245250431668e+01
8.293281519861831441e+01
8.320883707541739227e+01
8.285400115141047195e+01
8.317449625791594769e+01
8.172887161773172693e+01
8.344602763385147171e+01
8.189427173287276673e+01
8.336249280368451764e+01
8.248232584916522114e+01
8.284879101899826992e+01
8.339628670120897880e+01
8.332487046632124361e+01
8.341278065630396554e+01
8.369971214738053789e+01
8.385023028209556628e+01
8.336427748992515774e+01
8.392890040299366206e+01
8.438316062176166099e+01
8.385981577432355039e+01
8.402400690846286579e+01
8.476177317213586093e+01
8.409075993091536816e+01
8.420414507772021295e+01
8.396606217616580636e+01
8.411922855497985552e+01
8.328857225100747996e+01
8.290034542314334942e+01
8.225521013241220203e+01
8.338051237766264023e+01
8.223595279217040854e+01
8.372521588946459303e+01
8.254073114565342451e+01
8.363638457109959745e+01
8.289643062751871128e+01
8.351876799078871727e+01
8.357141623488773519e+01
8.395641911341392927e+01
8.280259067357512492e+01
8.413221070811744084e+01
8.307872769142198877e+01
8.384196891191709256e+01
8.308877374784110259e+01
8.373667242371905672e+01
8.310673575129533219e+01
8.396511226252158622e+01
8.328367875647668939e+01
8.339329303396661430e+01
8.481364421416235189e+01
8.410112262521589344e+01
8.401255037420840210e+01
8.332786413356362232e+01
8.526594703511801754e+01
8.468647092688543410e+01
8.532170408750720014e+01
8.583284398388025238e+01
8.556111111111111711e+01
8.518716177317213578e+01
8.572305699481864849e+01
8.526649395509498675e+01
8.551292458261370655e+01
8.627533103051237617e+01
8.566082325849164647e+01
8.648534830166954634e+01
8.568025331030511893e+01
8.653736327000575557e+01
8.518776626367299798e+01
8.627829591249280838e+01
8.538693149107656666e+01
8.577772020725389268e+01
8.450348301669545492e+01
8.453773747841106001e+01
8.448546344271733233e+01
8.404645941278064925e+01
8.455915371329879804e+01
8.403940702360391413e+01
8.491873920552677646e+01
8.402202072538860023e+01
8.479147956246401918e+01
8.364044329303396808e+01
8.486945883707541327e+01
8.463056994818653322e+01
8.478238341968912550e+01
8.505621761658031232e+01
8.554199769717904189e+01
8.551076568796776201e+01
8.486108232584916777e+01
8.404784110535405262e+01
8.489971214738054073e+01
8.759242947610823649e+01
8.312156016119746482e+01
8.341131260794473690e+01
8.871548647092689066e+01
8.396128382268278756e+01
8.023353483016695975e+01
8.751042026482440406e+01
8.528563615428900846e+01
7.831968911917098808e+01
8.825687967760507036e+01
8.729110535405872895e+01
7.895817501439263708e+01
8.822530224525043252e+01
8.698629821531375228e+01
7.972677029360967538e+01
8.677636729994243581e+01
8.701991940126654868e+01
8.037697179044329232e+01
8.687947610823258060e+01
8.647279792746114424e+01
8.080734024179619723e+01
8.537124352331606758e+01
8.518506044905008423e+01
8.330308002302821535e+01
8.432291306850892454e+01
8.498010938399539782e+01
8.110166954519286264e+01
8.299196891191709824e+01
8.291865284974093697e+01
8.181761658031088302e+01
8.256548647092688498e+01
8.363624064478986497e+01
8.233094415659182630e+01
8.373189407023603792e+01
8.549579735175589690e+01
8.210002878526194081e+01
8.566453655728267336e+01
8.530213010938399520e+01
8.253341968911917093e+01
8.512337363270005142e+01
8.689309153713298883e+01
8.324012665515256515e+01
8.549709268854346078e+01
8.625725388601036059e+01
8.409473229706389930e+01
8.538419689119170641e+01
8.591206102475533157e+01
8.399162348877375450e+01
8.473655728267127074e+01
8.507239493379390183e+01
8.428105929763961512e+01
8.528805411629245725e+01
8.605005757052389015e+01
8.476134139320667771e+01
8.622507196315486055e+01
8.554579735175589406e+01
8.508848589522165184e+01
8.463431203223949240e+01
8.617838226827863934e+01
8.434853195164076567e+01
8.541557282671271878e+01
8.614622913068508581e+01
8.535581462291307275e+01
8.568857225100748565e+01
8.629991364421415767e+01
8.557820955670696605e+01
8.555523891767414568e+01
8.665967184801381507e+01
8.527501439263097893e+01
8.617659758203799925e+01
8.590523891767415421e+01
8.525561312607945297e+01
8.426142774899251719e+01
8.512061024755325889e+01
8.390630397236614613e+01
8.507052389176740803e+01
8.485924006908463468e+01
8.556445020149683955e+01
8.566922855497985267e+01
8.570728267127230993e+01
8.540474956822106378e+01
8.573108808290155025e+01
8.591099597006332544e+01
8.545440414507771720e+01
8.526738629821531390e+01
8.660489349453079910e+01
8.537484168105929427e+01
