1.000000000000000000e+00
5.165499812011822200e+01
5.217883029024876862e+01
5.192698339977242483e+01
5.193675505015922766e+01
4.041883890533612345e+01
4.025352259966485491e+01
4.010454134619454436e+01
3.985437638968081586e+01
3.981151135025309884e+01
3.951447384474417390e+01
3.973006018111603055e+01
3.956393714472101664e+01
3.952902861155168779e+01
3.932975616314883638e+01
3.904693230682658367e+01
3.881297292721247061e+01
3.855497222505795207e+01
3.841832847385968108e+01
3.832858839552712737e+01
3.808393360904932479e+01
3.765853379180869354e+01
3.758768590287858302e+01
3.757520025098288841e+01
3.734174383311629697e+01
3.724266410371967595e+01
3.741208876029888586e+01
3.752174811576087876e+01
3.704862046556330313e+01
3.696799221156264537e+01
3.707535462538064763e+01
3.684055988108191571e+01
3.673980693240642381e+01
3.667709233331922292e+01
3.699032047626991471e+01
3.713887720014640337e+01
3.707913679812559593e+01
3.726847201715050062e+01
3.759976818941240850e+01
3.743309114812223726e+01
3.719709751233127548e+01
3.718030680666598897e+01
3.696988329793511951e+01
3.698931704268451881e+01
3.672123718630250977e+01
3.644388241650710825e+01
3.669933843100833570e+01
3.668305317700020396e+01
3.683196720291020654e+01
3.725802435629611153e+01
3.690772270374308306e+01
3.667043306998389340e+01
3.649634979246603450e+01
3.619444202369896146e+01
3.604450091006197709e+01
3.605521623620278859e+01
3.588460638263437374e+01
3.595277388383575357e+01
3.599352374502329610e+01
3.560503808316796182e+01
3.533208422866334075e+01
3.500821421190624960e+01
3.501851621304663098e+01
3.494298355912663823e+01
3.505904696218573946e+01
3.517085012984878745e+01
3.531549520567898526e+01
3.535146568531028066e+01
3.561241568543477598e+01
3.559775509746751254e+01
3.569048057745984437e+01
3.577682192913218984e+01
3.579161946212971657e+01
3.582505396879147241e+01
3.535304179811314640e+01
3.508976124256450646e+01
3.494866304301817195e+01
3.483274280976343107e+01
3.479004459428167451e+01
3.441906424215865457e+01
3.432876891397611274e+01
3.400221477462582698e+01
3.416750244633622202e+01
3.402562615002701563e+01
3.380745777735725710e+01
3.344845513556312966e+01
3.369806110736241322e+01
3.383420314176798627e+01
3.382577230772294996e+01
3.382253169032495776e+01
3.379348315949614090e+01
3.381763528301557642e+01
3.410711964762798942e+01
3.397879094967643709e+01
3.404058926201567914e+01
3.381545910198919103e+01
3.365811922185343974e+01
3.358317792147322933e+01
3.367141782924697679e+01
3.362953132430823899e+01
3.365613849873388119e+01
3.368802801646328504e+01
3.376654482708822513e+01
3.369164959003637705e+01
3.376595596345808303e+01
3.392918323494040322e+01
3.421288851927563712e+01
3.430279791146379154e+01
3.442397558892587739e+01
3.415245841228421853e+01
3.402834139649072398e+01
3.399160153478030111e+01
3.357242524668779993e+01
3.346659163738947740e+01
3.347547687994402565e+01
3.318368561404906814e+01
3.327017760525470180e+01
3.316877603511768768e+01
3.277552966602841877e+01
3.259534486493485161e+01
3.242545584020756166e+01
3.222990082689899083e+01
3.217165935048217307e+01
3.218775910622203185e+01
3.220813777168026348e+01
3.238679376825415090e+01
3.231131962721072881e+01
3.207123506987931449e+01
3.187496171763926611e+01
3.181121007118651534e+01
3.169832752769401907e+01
3.156074010074174296e+01
3.152902985650650791e+01
3.146083247638943092e+01
3.139516733437743667e+01
3.128451699487825621e+01
3.106532526934597627e+01
3.140865890976816388e+01
3.126916670194038517e+01
3.109244536515769752e+01
3.114335530263606699e+01
3.110992453083877507e+01
3.086989973133874798e+01
3.089894950712238497e+01
3.081846691283573492e+01
3.102453432464935901e+01
3.094827835197860821e+01
3.077340079328521227e+01
3.071937722380054936e+01
3.067059989392985031e+01
3.077525079614860815e+01
3.087954813119831954e+01
3.079097084066819079e+01
3.051564285732070658e+01
3.025342424823403320e+01
3.029555102945314005e+01
3.043632927561058921e+01
3.043173912718707541e+01
3.048672878161251631e+01
3.059368409520418552e+01
3.044632003804581899e+01
3.081557986260678561e+01
3.090200213634247106e+01
3.085880967379693729e+01
3.082215197910467808e+01
3.056227388508071030e+01
3.061615428476100575e+01
3.040213534650827398e+01
3.032073273060920471e+01
3.020096060713956732e+01
2.980492553925218147e+01
2.963262628199222704e+01
2.929148500700909707e+01
2.926051924575657281e+01
2.910703499070018907e+01
2.923919441463469227e+01
2.924835354724977066e+01
2.912758048010437761e+01
2.935565495828156557e+01
2.939429088618373953e+01
2.964613653170526320e+01
2.965924466101125034e+01
2.968485711653524106e+01
2.957356562530345911e+01
2.930476120521586125e+01
2.902347113323257588e+01
2.884275971624989765e+01
2.860730639085107541e+01
2.831395519656591730e+01
2.821847214164597872e+01
2.813805801987446031e+01
2.798773719501719270e+01
2.796492215297506689e+01
2.778363058704599453e+01
2.777362115028845579e+01
2.787503143510922143e+01
2.787626767524606564e+01
2.765088105452653267e+01
2.764391926716979597e+01
2.731369002118913158e+01
2.746167531080297053e+01
2.744802811605966752e+01
2.717096840055674534e+01
2.703309836886019468e+01
2.702439239979981167e+01
2.682330978708782609e+01
2.688710625191411907e+01
2.683384832964411615e+01
2.647649027316798609e+01
2.630102385084445160e+01
2.624291060477415272e+01
2.636417293916403892e+01
2.608597284504545399e+01
2.584187330841763597e+01
2.589628032398704249e+01
2.612757550028509357e+01
2.597902998100198957e+01
2.606511860684575765e+01
2.616863411026813679e+01
2.610155967939923372e+01
2.612599565261776746e+01
2.586139544495930309e+01
2.566492538985760063e+01
2.577938404615296619e+01
2.565230154797682260e+01
2.548383177174500247e+01
2.553452010726530830e+01
2.573993640770776281e+01
2.546612851419622103e+01
2.569543425269096915e+01
2.573826318842889194e+01
2.545931363150831217e+01
2.528929637643449979e+01
2.497455187851232949e+01
2.477997539969274499e+01
2.498437830691124262e+01
2.516778878594495694e+01
2.528350982642839995e+01
2.537605478797174285e+01
2.524026009596111919e+01
2.507757064496129473e+01
2.485906488953515847e+01
2.483393547648155675e+01
2.488213639227032559e+01
2.484006065419885800e+01
2.478883449819606000e+01
2.502057163345542179e+01
2.536778455309856639e+01
2.500751330234225733e+01
2.488643771117546066e+01
2.503177871675037025e+01
2.493853160068821140e+01
2.481897983422181753e+01
2.441234273108229047e+01
2.418813757248749496e+01
2.411728345878328028e+01
2.405922872558954850e+01
2.401284419888402155e+01
2.394826839234004368e+01
2.372222070061077659e+01
2.394529170536401352e+01
2.365095201695130456e+01
2.367041439566158090e+01
2.372902935852457773e+01
2.366138847321230543e+01
2.355846058846524471e+01
2.364156381264923823e+01
2.356566265210235400e+01
2.346958575373299638e+01
2.350358671483811790e+01
2.346001827593676481e+01
2.342714150903463732e+01
2.343746218449732410e+01
2.341812928108839031e+01
2.347582546729379160e+01
2.362167441443549976e+01
2.371880080971861560e+01
2.344549214309012797e+01
2.331522007066363500e+01
2.328810495467119424e+01
2.364140819329666598e+01
2.369227953717559743e+01
2.349379265526454219e+01
2.353211236464228762e+01
2.326567335871381204e+01
2.324136063602252023e+01
2.312794898673127264e+01
2.321315369465241929e+01
2.317039945620373587e+01
2.342164005368245228e+01
2.337217052893150537e+01
2.322769601191172839e+01
2.298583614900615402e+01
2.273000042328463977e+01
2.273997002148792035e+01
2.263201376422049549e+01
2.254971851571506392e+01
2.246818268965019172e+01
2.265444411522305757e+01
2.255725796210855449e+01
2.230950821794677097e+01
2.250079303622071691e+01
2.231054775522196465e+01
2.259368658511382577e+01
2.254269448061729975e+01
2.235952427786395802e+01
2.236424016672435044e+01
2.265974637780394829e+01
2.254310407075327305e+01
2.260940040485930780e+01
2.236920504654885988e+01
2.245816080334444820e+01
2.240414221367906578e+01
2.204142711660993825e+01
2.189779294409405708e+01
2.166455937314034941e+01
2.169926871353838393e+01
2.152024421033760859e+01
2.133256104635962913e+01
2.116533497999357749e+01
2.099113592167740094e+01
2.115238122508534246e+01
2.139716299695484025e+01
2.132165399717644405e+01
2.125570127060089121e+01
2.099316768794460586e+01
2.122454005144153300e+01
2.132067048286817723e+01
2.152559627111132201e+01
2.140690227851631278e+01
2.154964755329029202e+01
2.154504620027339357e+01
2.173574215491719741e+01
2.171914068238463713e+01
2.150757430512846824e+01
2.146992936126347828e+01
2.131158604754233465e+01
2.120570886482529716e+01
2.117306614942943810e+01
2.107827279948010712e+01
2.077758135157275277e+01
2.059443978278028453e+01
2.058674969685350220e+01
2.054873126654233673e+01
2.065004817975155760e+01
2.075009523904377673e+01
2.079520742192265814e+01
2.060180742540853061e+01
2.047650770253547492e+01
2.057294937266726720e+01
2.066211677178235107e+01
2.063756252785586298e+01
2.066888434618707748e+01
2.067905687202611276e+01
2.046984719424532173e+01
2.052415710333871957e+01
2.054912218235600108e+01
2.032577355267777364e+01
2.030585552050316167e+01
2.023825447374514752e+01
2.020242093914411896e+01
2.023935625876136868e+01
2.008245709263210799e+01
2.042425570376051169e+01
2.034901561422336158e+01
2.041272244230257016e+01
2.011131265546373470e+01
2.013194529170536384e+01
1.993480794081982665e+01
1.991334367475804257e+01
2.000119017680848188e+01
1.973734192186165615e+01
1.957121266069254517e+01
1.957756815505165449e+01
1.938493505070701062e+01
1.939897191630915785e+01
1.926069851925073806e+01
1.914257720587319866e+01
1.916035391575639579e+01
1.911453210862977770e+01
1.915977252185518154e+01
1.908894081733773973e+01
1.921578179427868704e+01
1.895119030130396709e+01
1.897753230035282002e+01
1.901489961929281591e+01
1.885923420339075918e+01
1.873755231922633513e+01
1.882248064717731495e+01
1.886148259179674369e+01
1.892598370105148931e+01
1.868381259944076689e+01
1.846768470772195769e+01
1.855958727257787899e+01
1.842147945451059599e+01
1.844737700468850150e+01
1.856066291354286690e+01
1.863375794592414181e+01
1.866712522502558258e+01
1.849407526000881319e+01
1.826143926736898848e+01
1.823636961214677399e+01
1.830779391515881827e+01
1.834307468981950606e+01
1.823472876169323698e+01
1.842806526551151336e+01
1.837282911003159569e+01
1.812161590155893265e+01
1.802769899980329882e+01
1.779295654360703338e+01
1.759130872140649871e+01
1.750296921724710586e+01
1.740749114214645132e+01
1.751046011040259387e+01
1.746959446841674080e+01
1.746644722263028982e+01
1.737827952223613792e+01
1.743278239932672946e+01
1.759369903466203056e+01
1.744673211809143609e+01
1.740298814056037813e+01
1.752533234068935641e+01
1.744672215845286800e+01
1.764026283486172275e+01
1.783876839109508694e+01
1.779882899549575370e+01
1.765558573879354043e+01
1.764109819954633807e+01
1.760356281170556159e+01
1.754412742361579802e+01
1.767826632571503964e+01
1.771232953456119219e+01
1.745515050258826051e+01
1.725625652045087222e+01
1.735704930768062582e+01
1.728343761904880438e+01
1.722114754955542537e+01
1.739205494732595980e+01
1.722400970068796155e+01
1.731734396358756101e+01
1.745362045311375709e+01
1.726548163567144201e+01
1.731775479867835443e+01
1.735380122055370578e+01
1.736845433879204492e+01
1.736279601913246395e+01
1.738994101404060189e+01
1.749469400255464890e+01
1.739645337270710357e+01
1.763550835240189230e+01
1.770476643402610861e+01
1.798302130615680028e+01
1.830488072087863927e+01
1.855671640676159839e+01
1.825704208694266484e+01
1.822245599707186514e+01
1.812280856827705833e+01
1.794902283496131901e+01
1.777039049252902458e+01
1.778968480233852389e+01
1.779255442319998082e+01
1.792678545195594708e+01
1.770673470759746237e+01
1.755662552505969387e+01
1.773542344648312863e+01
1.773543340612169317e+01
1.781112416930389486e+01
1.774105935695593672e+01
1.764257845082801879e+01
1.764885551303343192e+01
1.742963390858545836e+01
1.772493719202930151e+01
1.792203719427022079e+01
1.772890112817805885e+01
1.762106438657341201e+01
1.754753984477903472e+01
1.737123556786124112e+01
1.745206301463320031e+01
1.741291790020940056e+01
1.722933810732008553e+01
1.693615622689052458e+01
1.702627601644336153e+01
1.689744435674429468e+01
1.703870191050766891e+01
1.720577609238560868e+01
1.715471676032876758e+01
1.677684931813824321e+01
1.690264577798471635e+01
1.670295253485251052e+01
1.654699704447725495e+01
1.659539715303731455e+01
1.674348328399162256e+01
1.660478535733938088e+01
1.666999111102258269e+01
1.690887553190694703e+01
1.685239940142572124e+01
1.663982461076487596e+01
1.651081492252646044e+01
1.654919065487113627e+01
1.639054108226412509e+01
1.662266539847269087e+01
1.645743499468404281e+01
1.627970897936113914e+01
1.625717156224400739e+01
1.618362212135321698e+01
1.602268805665042350e+01
1.602035003149735815e+01
1.600757928494774873e+01
1.590116054688375336e+01
1.605484274975661307e+01
1.599591903809810667e+01
1.599534137906135456e+01
1.607226091265147971e+01
1.612900221850949123e+01
1.619206540494645452e+01
1.607263439909765523e+01
1.594656653910029576e+01
1.607330791965559413e+01
1.593864115671242310e+01
1.586582623916578072e+01
1.592496906287270875e+01
1.574729035583298753e+01
1.558043155113900902e+01
1.534405073439884859e+01
1.564450066107101023e+01
1.557817942786856236e+01
1.558123703690793072e+01
1.552789196780048897e+01
1.572758396597787467e+01
1.572539907026773953e+01
1.574248109536104856e+01
1.579002343004972353e+01
1.590147427549854164e+01
1.576746484870064080e+01
1.572757898615859240e+01
1.605625328356833847e+01
1.595172687683163915e+01
1.605439954584048223e+01
1.630097778751608928e+01
1.621291217341722657e+01
1.576786696910769159e+01
1.549081970315297241e+01
1.572545633818948652e+01
1.592921684872056076e+01
1.582328862285587689e+01
1.566623134746440016e+01
1.594776916545698597e+01
1.583713003055119195e+01
1.585050458018878494e+01
1.568463551457717564e+01
1.554445111186915085e+01
1.533005495230578141e+01
1.521741766491294001e+01
1.519951396963804235e+01
1.495482307947044553e+01
1.499971117048162306e+01
1.491665525458081198e+01
1.478078586528094895e+01
1.465266756469407738e+01
1.456212698041188069e+01
1.431938444453850856e+01
1.430958914001010918e+01
1.444277814158124151e+01
1.439345178663466385e+01
1.450069343983506798e+01
1.438571688233433932e+01
1.426856787867168386e+01
1.438391667766376791e+01
1.421679269759300368e+01
1.428372893847682334e+01
1.424757918535136447e+01
1.429978885566242752e+01
1.431125737946969956e+01
1.434757893636039938e+01
1.427301734720047044e+01
1.395967840327074505e+01
1.381920890590880369e+01
1.362177401082114692e+01
1.355523740043473779e+01
1.345509696953097567e+01
1.339632514236058292e+01
1.340104103122097712e+01
1.315243600309744743e+01
1.335068011881848804e+01
1.316855692306926251e+01
1.320568770059334618e+01
1.320667868463053551e+01
1.319783079072060517e+01
1.306510117747826882e+01
1.294321263081362794e+01
1.296427726637800326e+01
1.303755032729862151e+01
1.305380943725552179e+01
1.305949390096633422e+01
1.305874194825469736e+01
1.316639070168143633e+01
1.327032077505907282e+01
1.331281357299543622e+01
1.343639401326125871e+01
1.338438478067631010e+01
1.332517223949942853e+01
1.319379091232779189e+01
1.339881629695658383e+01
1.350074323802789245e+01
1.342336058124450737e+01
1.344531784941524499e+01
1.344085966620271400e+01
1.346071171577183456e+01
1.402972454129639601e+01
1.447169719710871760e+01
1.463805677491963841e+01
1.471780484586214399e+01
1.450533338645140624e+01
1.448091608755518322e+01
1.421266691731756993e+01
1.407395280625266132e+01
1.386177017636030051e+01
1.372839567652089876e+01
1.357284106159787385e+01
1.369961107611404749e+01
1.352235440875850614e+01
1.347766177565416079e+01
1.357427773946083427e+01
1.347825561910358338e+01
1.342937371302795491e+01
1.337510986726291762e+01
1.318604853829854484e+01
1.302449573104992098e+01
1.283259341518496299e+01
1.257656970128554086e+01
1.272929951372064750e+01
1.263782272341336821e+01
1.233052056540868158e+01
1.258595790558760541e+01
1.247586779575769178e+01
1.233919665555336920e+01
1.230624145649754375e+01
1.221067872446908886e+01
1.227028591632409693e+01
1.229988347222879241e+01
1.214745742876990953e+01
1.205721189878019395e+01
1.211269953513387065e+01
1.206541739600269914e+01
1.210440315620946095e+01
1.220195159117675665e+01
1.206104511467278861e+01
1.194718279173648767e+01
1.205582999892933849e+01
1.178080204969361588e+01
1.187442265220195203e+01
1.176075827708212529e+01
1.154836898468954587e+01
1.140576314485547371e+01
1.156464303410429295e+01
1.172882767584364316e+01
1.179312585746263231e+01
1.197522539907026840e+01
1.193824028126019243e+01
1.216882707826533050e+01
1.220100542551310774e+01
1.201911005649605002e+01
1.224627696260902709e+01
1.245676022917128378e+01
1.248068701586819351e+01
1.260195308512254009e+01
1.252867379942781945e+01
1.247072613234865734e+01
1.249121933365038117e+01
1.228088670662141624e+01
1.232547725343047240e+01
1.243228441739849188e+01
1.237755993834983670e+01
1.243568936883280429e+01
1.250037348644617730e+01
1.238057770883494690e+01
1.220045266557276697e+01
1.223091297516813114e+01
1.216232218932774956e+01
1.205167682964785136e+01
1.198689685051329512e+01
1.221623620278820077e+01
1.228241302123145928e+01
1.226812591971037314e+01
1.217559091780559299e+01
1.220107389802824116e+01
1.220670233877212674e+01
1.208075523939236184e+01
1.222431471461900720e+01
1.223844495183269743e+01
1.201008537900159645e+01
1.212034355773229066e+01
1.212994091444421407e+01
1.206404172092594784e+01
1.193860007320334304e+01
1.173497401779289362e+01
1.149907997838758433e+01
1.147917564071599905e+01
1.131341986599306360e+01
1.127859598975153155e+01
1.142736311099270274e+01
1.152075588676886930e+01
1.148894604614798531e+01
1.144535270815022088e+01
1.144142114082679917e+01
1.159858423737802546e+01
1.140668441142270950e+01
1.131197696335599900e+01
1.149379265526454041e+01
1.146197534491473391e+01
1.144762226078815637e+01
1.137657642404157166e+01
1.123976211403288161e+01
1.135661606340305951e+01
1.148639139885613503e+01
1.139472039559684369e+01
1.138281862751200713e+01
1.139891340343258896e+01
1.141832224908558047e+01
1.148002718981328130e+01
1.104141715697137371e+01
1.112399252031143781e+01
1.117300763655286922e+01
1.126276016443363304e+01
1.135533873975713348e+01
1.117385296087604907e+01
1.110666274920883190e+01
1.088371250507319132e+01
1.074667783806125598e+01
1.074510795003249264e+01
1.081309493278488887e+01
1.064365284683818835e+01
1.075824595825417518e+01
1.085202218011508357e+01
1.103481516155778763e+01
1.099009264953774867e+01
1.127820009411858493e+01
1.132128300063990700e+01
1.105034099312536000e+01
1.091959832777668460e+01
1.079300509684503595e+01
1.074200054280030159e+01
1.053047026923392870e+01
1.058919603307595914e+01
1.056070773191640910e+01
1.062412075065795847e+01
1.067060362879431068e+01
1.048391269380834245e+01
1.069096859974951563e+01
1.068094546848894844e+01
1.064489655670395685e+01
1.058652684994061488e+01
1.051162538811466618e+01
1.067339481750207320e+01
1.065965798601168757e+01
1.075061936502324400e+01
1.062000119515662711e+01
1.061298711969742570e+01
1.078892413494314262e+01
1.042914713125060722e+01
1.034527079012302586e+01
1.045309383722464780e+01
1.045961989039417794e+01
1.057199324736505375e+01
1.073256005039577055e+01
1.062911550939816330e+01
1.082598519499727274e+01
1.083032884236630977e+01
1.086483276521894936e+01
1.095792426192853419e+01
1.104328209929261639e+01
1.127845530985680611e+01
1.137899786116761902e+01
1.119539067927224885e+01
1.127165163176228369e+01
1.118785621269804054e+01
1.081652353836079250e+01
1.075114473595753140e+01
1.094304207200320711e+01
1.079350805859255402e+01
1.099338182017374521e+01
1.098088496368466771e+01
1.116782737954439675e+01
1.106239713560794868e+01
1.117596689416141054e+01
1.129121111694856516e+01
1.150586498215979780e+01
1.134692906994405170e+01
1.154747261721872142e+01
1.165000958615211779e+01
1.167048411313153444e+01
1.170943501460332037e+01
1.161761710667519942e+01
1.165340831281232781e+01
1.173283892027558295e+01
1.166190637441767208e+01
1.171409114563232556e+01
1.168644941375077551e+01
1.149725736453024183e+01
1.141006321880578867e+01
1.137908127314059747e+01
1.127142753989457802e+01
1.145035991643863227e+01
1.131478682638607047e+01
1.136840703050886248e+01
1.132377415523590614e+01
1.110024998692797382e+01
1.079903441304115042e+01
1.077865201271845841e+01
1.078945324074189394e+01
1.107253604766682997e+01
1.120484486617980657e+01
1.105129213860828941e+01
1.126089148724792821e+01
1.120915489976868784e+01
1.069343734515874367e+01
1.046013903655436295e+01
1.045960370598150924e+01
1.048396373695598527e+01
1.059624745717977845e+01
1.059779244611213045e+01
1.071299558539020680e+01
1.074155484897453050e+01
1.053916876856538920e+01
1.055900587867666296e+01
1.081554624882662985e+01
1.072934433209418792e+01
1.063754385353355580e+01
1.064501233750227271e+01
1.065920482245699219e+01
1.048852898628308772e+01
1.059590384964929655e+01
1.059350108684555813e+01
1.056676194720893491e+01
1.062143662806476740e+01
1.037206844263621619e+01
1.048311841263280542e+01
1.046753904800794821e+01
1.037642702946310003e+01
1.034981985503746138e+01
1.041025743175780072e+01
1.046027473662980789e+01
1.052516427178857761e+01
1.045131230687638357e+01
1.047202835509099295e+01
1.035110589336713005e+01
1.039242594386249685e+01
1.015361995513182869e+01
1.009957646637003492e+01
1.016647909347369705e+01
9.896093580763954733e+00
9.584673112212758639e+00
9.413236608643472891e+00
9.372778066883952874e+00
9.158075648434717664e+00
9.254721491157086533e+00
9.347441991330134314e+00
9.491483264072346770e+00
9.589681565455990153e+00
9.570008789381033054e+00
9.257230075120574497e+00
9.067216355718450416e+00
9.039783776246759217e+00
9.051580968126666349e+00
8.928329195933478957e+00
9.031951765470431326e+00
9.185698705993958768e+00
9.040504605087880563e+00
8.903335482955323954e+00
8.848952121527510428e+00
8.804530888574053193e+00
8.720658282310935761e+00
8.800142422831475741e+00
9.025165516743397731e+00
8.924878181170806002e+00
8.959888800635425810e+00
8.890178800411332460e+00
9.051528680024201634e+00
9.009434267630426874e+00
8.745904721117669922e+00
8.892714773380873794e+00
8.889375804552052784e+00
9.019146160185846028e+00
9.058067182741938339e+00
8.989685549311415613e+00
9.088959491660046908e+00
9.095395908082496206e+00
8.966433528127264907e+00
8.972965806070897443e+00
9.022221198592703217e+00
9.077691405578891093e+00
9.140455802858914680e+00
9.103405947398169218e+00
