1.358738220247711297e+02
1.353362782714054902e+02
1.352487249389006365e+02
1.351159943146514308e+02
1.350816738121867502e+02
1.350525480510335115e+02
1.352643738867486718e+02
1.352991720516962744e+02
1.352610509610206577e+02
1.352917637525371788e+02
1.353649755602502012e+02
1.353784937968601128e+02
1.353952585849798993e+02
1.353932650884387670e+02
1.353182461890559694e+02
1.353068819642930976e+02
1.352963759786255764e+02
1.352927656787208548e+02
1.353141336315811145e+02
1.353023991860320621e+02
1.352634004390870359e+02
1.352651337454952056e+02
1.352566510293691238e+02
1.352668799966861286e+02
1.352436803570688824e+02
1.352600606851414682e+02
1.353357048175303419e+02
1.353452269997100359e+02
1.353342498239509553e+02
1.353494780663601205e+02
1.353233050101487152e+02
1.353231056604946048e+02
1.353133258771384817e+02
1.353687062466343605e+02
1.353369941178907254e+02
1.352365011805641757e+02
1.352209415517170044e+02
1.352380040698396897e+02
1.352511249016196473e+02
1.352738106333623307e+02
1.353116003375999412e+02
1.354218652914129564e+02
1.353803410173563577e+02
1.353899033283625499e+02
1.354159106913549522e+02
1.354430287167060101e+02
1.354790902924485181e+02
1.354941916759869116e+02
1.355133370096516217e+02
1.355223064496085499e+02
1.355501726834016836e+02
1.355268435959570752e+02
1.355639640549273111e+02
1.355497053767449529e+02
1.356142208794167630e+02
1.356150364007290534e+02
1.356169366948345214e+02
1.355785968373306787e+02
1.355916671844579753e+02
1.355764920156580047e+02
1.355650876620686915e+02
1.355931403007331824e+02
1.355669996064786176e+02
1.355574554181682743e+02
1.355498620086160599e+02
1.355300202456402019e+02
1.355098199121825928e+02
1.355136722795244566e+02
1.354942227434654853e+02
1.355171997328196767e+02
1.354919198666169677e+02
1.354648872768319450e+02
1.354816300588210822e+02
1.354854371194233806e+02
1.354511373286110825e+02
1.354797789548900084e+02
1.354366715339049847e+02
1.354707370241497983e+02
1.354533224079366960e+02
1.354564162110103211e+02
1.354358676628971523e+02
1.354241837020007324e+02
1.354367310799055417e+02
1.354428060664429836e+02
1.354436332380597321e+02
1.354418662752164266e+02
1.353492709498363809e+02
1.353386924733855210e+02
1.353407325711445139e+02
1.353497330785800159e+02
1.353216933846982215e+02
1.353485576923076792e+02
1.354120389068390011e+02
1.354561068307029643e+02
1.354148854645623601e+02
1.354575967751957251e+02
1.354324139948635093e+02
1.354514751874404510e+02
1.354491684271571046e+02
1.354728690298661888e+02
1.354879535851870287e+02
1.355163246655068008e+02
1.355658630545544838e+02
1.354964906694006004e+02
1.355108930346713123e+02
1.355126354024274065e+02
1.355336266621100947e+02
1.355526580816867579e+02
1.355797942297336363e+02
1.356103711010314328e+02
1.356270841100202915e+02
1.356753202539248662e+02
1.356937290294519585e+02
1.357080148916780615e+02
1.356930533117932214e+02
1.357097184250859527e+02
1.357113559401018961e+02
1.356955503603827538e+02
1.357261919555942313e+02
1.356995282921171508e+02
1.356887258709249693e+02
1.357013923408309495e+02
1.356414191624207888e+02
1.356217508595335630e+02
1.356077588438755583e+02
1.356162286152189154e+02
1.356127995422724837e+02
1.355843559711693729e+02
1.355928995277743354e+02
1.355729723292324138e+02
1.355741114701130812e+02
1.355564250134625865e+02
1.355516289714593370e+02
1.355390479371194203e+02
1.355942910919183078e+02
1.356268355701917869e+02
1.356518617186529241e+02
1.356548545524211988e+02
1.356559936933018378e+02
1.356582305517584075e+02
1.356949743175510434e+02
1.356836631663974231e+02
1.356845667122323107e+02
1.356059465742926875e+02
1.356016359616420175e+02
1.356068048133880097e+02
1.356282620852491618e+02
1.356722225674164406e+02
1.357074880390207454e+02
1.357039670581168878e+02
1.357469903380141716e+02
1.357504375336564237e+02
1.357605344641895613e+02
1.357756863323805874e+02
1.357902259123482906e+02
1.357012887825690655e+02
1.357063799656186518e+02
1.357140665776065589e+02
1.357019670891843646e+02
1.357028227393231532e+02
1.357683958307443675e+02
1.358002257570109066e+02
1.358017338241994878e+02
1.358550210223271506e+02
1.358657833146928340e+02
1.359017076757383791e+02
1.358682039890642557e+02
1.357858078580009078e+02
1.357879049128039526e+02
1.357921766911064196e+02
1.357757264612070855e+02
1.358149620976761582e+02
1.357979979599022329e+02
1.358221490410504941e+02
1.358388128598649587e+02
1.358589510583654487e+02
1.357082789652458530e+02
1.356956189677312352e+02
1.356585955946315494e+02
1.356812748539828419e+02
1.356479316826146260e+02
1.356778069466882073e+02
1.356960590903442210e+02
1.356080785800091064e+02
1.356796891180978548e+02
1.356013550598566724e+02
1.356143477382875631e+02
1.355755017397787867e+02
1.355987026738743282e+02
1.356929924713143691e+02
1.357209570854562912e+02
1.357368959964375961e+02
1.356811221055465921e+02
1.356408599478066321e+02
1.356458165051157891e+02
1.356701514021788739e+02
1.356637527960730836e+02
1.356693889544757781e+02
1.356906261650304373e+02
1.357041871194233806e+02
1.356936293546249033e+02
1.357388014684561597e+02
1.357070336771467680e+02
1.357322941261753897e+02
1.357447690132968887e+02
1.357370966405699733e+02
1.357492854479930315e+02
1.357356636531212359e+02
1.357506032268754268e+02
1.357390953150242296e+02
1.357687544012261185e+02
1.357730417132678724e+02
1.357759944182096774e+02
1.357774545897021596e+02
1.357793846568079061e+02
1.357674418002568189e+02
1.357769872830454290e+02
1.357780021540118582e+02
1.358616332173480714e+02
1.358622442110931559e+02
1.358932961559173123e+02
1.358737068162047876e+02
1.358680615964541687e+02
1.358529291454372299e+02
1.358429759019924745e+02
1.358690971790729520e+02
1.357397127811606765e+02
1.356998428503376033e+02
1.356913277722546809e+02
1.356978377034919845e+02
1.357015127273103872e+02
1.356987762002402462e+02
1.357142594548693069e+02
1.357016810094859238e+02
1.357001354024274065e+02
1.356946455200695993e+02
1.358140779690153579e+02
1.358595504018060467e+02
1.358506689863717440e+02
1.358793300298247857e+02
1.358870490037695333e+02
1.359074344476202327e+02
1.358935252785717296e+02
1.359112156186570530e+02
1.359136673605070200e+02
1.359018733689573821e+02
1.359160543784433059e+02
1.359053503375999412e+02
1.359236969781699145e+02
1.359332916511329188e+02
1.358556993289424497e+02
1.358389060623006515e+02
1.358412490679756388e+02
1.358391610745205185e+02
1.358238176235450112e+02
1.358654519282548279e+02
1.358483648150449312e+02
1.358670350751833098e+02
1.358787164471231392e+02
1.359230523279897227e+02
1.358929828921751266e+02
1.358976300691769268e+02
1.358966242595584220e+02
1.359122913301023061e+02
1.359259480758875043e+02
1.359322405347748770e+02
1.359398274719357005e+02
1.359359220309846421e+02
1.359194718010852796e+02
1.358925052296922331e+02
1.358979523942670085e+02
1.358738673315106951e+02
1.358962061430760855e+02
1.358880030342570819e+02
1.358830658941220406e+02
1.358632280145810114e+02
1.358613147756928186e+02
1.358429383621225384e+02
1.358540682863178688e+02
1.358686117497204009e+02
1.358471130545544838e+02
1.358382096329895319e+02
1.358542145623627846e+02
1.358540553415351440e+02
1.358603685120748992e+02
1.358494832442732161e+02
1.358561278012509774e+02
1.358349643759579237e+02
1.359064208711320987e+02
1.359429898823578071e+02
1.359439400294105553e+02
1.359422507352636558e+02
1.359398805455449235e+02
1.359471632803115142e+02
1.359308632098918963e+02
1.359255480821009883e+02
1.359322780746447847e+02
1.359307259951949050e+02
1.359493263535064784e+02
1.359301641916242147e+02
1.359445147777639704e+02
1.359359867548982947e+02
1.359383388219212065e+02
1.359635591421233585e+02
1.359756249741104455e+02
1.359845737024149912e+02
1.359783848017894741e+02
1.359767861211217337e+02
1.359906202104303929e+02
1.359883962967565481e+02
1.359955884180439796e+02
1.360154728988028694e+02
1.359749479619734132e+02
1.359339142951824613e+02
1.359397226191955497e+02
1.359484745868025470e+02
1.359239092726067781e+02
1.359334249823950813e+02
1.359315945901163900e+02
1.360010808893583487e+02
1.360328227911022623e+02
1.360341794043328889e+02
1.360140334389627697e+02
1.360076581334658954e+02
1.359395802265854911e+02
1.359071082390953222e+02
1.358957634315065661e+02
1.358948741249326986e+02
1.359026733565303857e+02
1.358999394184168068e+02
1.359196090157822709e+02
1.359034150925810991e+02
1.359072415703574848e+02
1.359063444969139596e+02
1.359050590799884048e+02
1.358883719605650242e+02
1.359238833830413000e+02
1.359051807609461093e+02
1.359149980841721685e+02
1.359160970962263377e+02
1.358983083757922259e+02
1.359389951224058564e+02
1.359812481877304151e+02
1.359974136324096037e+02
1.359763718880742260e+02
1.359900169835549377e+02
1.360494076467420541e+02
1.360095752557889170e+02
1.360199259040636264e+02
1.360050122198749136e+02
1.360692895385443819e+02
1.360915804544136449e+02
1.361010689801582316e+02
1.360256474980323844e+02
1.359993618222111706e+02
1.359803705314610056e+02
1.359463283418251081e+02
1.359410352201648777e+02
1.359456396793836177e+02
1.359334120376123565e+02
1.358860289548900084e+02
1.359085826498487961e+02
1.358962708669897665e+02
1.359858668862101752e+02
1.360254235532910911e+02
1.360228177685265791e+02
1.360189084441406635e+02
1.360192618367093189e+02
1.360462957209726085e+02
1.360364771032683109e+02
1.360335645271529756e+02
1.360387502071165216e+02
1.360346622447288780e+02
1.360210559835963693e+02
1.360405106975684646e+02
1.360132891139555227e+02
1.360158638312414610e+02
1.359430326001408389e+02
1.359378559815252174e+02
1.359403245515927381e+02
1.359133748084172169e+02
1.359465030963920356e+02
1.359339712522265131e+02
1.359193203471272966e+02
1.359053684602957617e+02
1.359534453833726957e+02
1.359141980965991365e+02
1.359287182593927241e+02
1.359400941344600540e+02
1.359300502775361394e+02
1.359363168468580341e+02
1.359489198873286000e+02
1.360311671533904985e+02
1.360557609461082791e+02
1.360406815687005633e+02
1.360284241539289951e+02
1.360489105670850449e+02
1.360427863903732373e+02
1.360649362081106801e+02
1.360312707116523825e+02
1.360427915682863045e+02
1.360689633300194714e+02
1.360558023694130441e+02
1.360594799821879803e+02
1.360750667950789250e+02
1.360699070046808288e+02
1.360768130462698196e+02
1.360604275402841665e+02
1.360644766683236071e+02
1.360672675634812094e+02
1.360875248539828419e+02
1.360829216892423688e+02
1.360158224079366960e+02
1.360204527567209425e+02
1.360053474897477201e+02
1.359580110082432327e+02
1.359402326436353121e+02
1.359810604883807628e+02
1.359432552504038654e+02
1.359612743879706613e+02
1.358843060043080300e+02
1.359163197464893642e+02
1.359027445528354292e+02
1.359251908060975040e+02
1.360118638933764146e+02
1.360567525164657638e+02
1.360260850316888366e+02
1.360521105173770877e+02
1.360463708007124808e+02
1.360332020732363958e+02
1.360405741270038504e+02
1.360608327119837497e+02
1.360376317778882367e+02
1.360281484300567456e+02
1.360443061078662765e+02
1.360477520090302903e+02
1.360726318814465117e+02
1.360095687833975262e+02
1.360029410546373470e+02
1.359635228967316891e+02
1.359630905409883610e+02
1.359886370697154234e+02
1.359752379251066543e+02
1.359413756679507799e+02
1.359649248167018811e+02
1.360042096433453480e+02
1.360776104448862895e+02
1.360692416428482545e+02
1.360831456339836905e+02
1.360207401308976500e+02
1.360038640176463218e+02
1.359556162234373176e+02
1.359782941883103433e+02
1.359324217617331385e+02
1.359582310695497256e+02
1.359667060188061782e+02
1.359754256244563067e+02
1.359469794643966623e+02
1.359817608011267112e+02
1.359663565096723516e+02
1.359077580671886096e+02
1.359052040615550254e+02
1.359109916739157313e+02
1.359036377428441256e+02
1.359060286442152403e+02
1.359194873348245665e+02
1.359173177892382114e+02
1.359470545441365346e+02
1.359433626921005782e+02
1.359676276873368863e+02
1.359533301748063536e+02
1.359500227828176264e+02
1.359500862122530123e+02
1.359589016092953955e+02
1.359105334286069251e+02
1.359622452466757920e+02
1.359350624974110531e+02
1.359383491777473978e+02
1.359337822583985655e+02
1.359404967172031036e+02
1.359108583426535688e+02
1.359576136034132787e+02
1.359381692452673747e+02
1.360399230044322962e+02
1.360221265171285268e+02
1.360631368833105626e+02
1.361339254276956297e+02
1.361211929393977016e+02
1.361472145416511239e+02
1.360813022969222459e+02
1.360854329770929212e+02
1.360514658671968959e+02
1.360675238701793717e+02
1.360576055776479905e+02
1.360553389461911138e+02
1.360565894122032944e+02
1.360649129075017640e+02
1.360508833519738232e+02
1.360706668634273626e+02
1.360689969864545787e+02
1.360859844248374202e+02
1.360910613686259865e+02
1.361093406963257451e+02
1.360818537446667449e+02
1.361197690132968887e+02
1.361220628287974819e+02
1.361074222795244566e+02
1.361442903152313590e+02
1.361137911126299684e+02
1.361774095418582533e+02
1.362016408806594541e+02
1.362010816660453258e+02
1.362055981007414687e+02
1.362247770908413145e+02
1.362181545399942024e+02
1.362242813056625721e+02
1.362337530031896051e+02
1.362320559421730763e+02
1.362341478190629971e+02
1.362370370945694162e+02
1.362367859657843496e+02
1.362180613375585096e+02
1.362300171388923502e+02
1.361944409925023933e+02
1.362143733689573821e+02
1.362160432459301660e+02
1.362278760718280068e+02
1.362090918976015814e+02
1.361938520048879582e+02
1.361962079553456704e+02
1.362404040325587289e+02
1.362177286566422367e+02
1.362348740213744236e+02
1.361074857089598709e+02
1.361555755768195297e+02
1.361149923884677548e+02
1.361439032662275679e+02
1.361491200136696875e+02
1.361542215525454651e+02
1.361483057868356639e+02
1.361264265150573749e+02
1.361611974959612326e+02
1.361618913363158185e+02
1.361911245391657417e+02
1.361537335342363519e+02
1.361512144795161703e+02
1.361460495112050069e+02
1.361675054885878922e+02
1.362276197651298730e+02
1.362340377884097506e+02
1.362345866471977160e+02
1.362385917629758580e+02
1.362565591214116978e+02
1.362209959198044942e+02
1.362521035271944072e+02
1.362449489457768834e+02
1.362361387266476243e+02
1.362311368625989019e+02
1.362442589888571263e+02
1.362342021871504869e+02
1.362460764363530927e+02
1.362405761981690944e+02
1.361699986537425957e+02
1.361692284391698706e+02
1.361867090737748924e+02
1.361397505799262717e+02
1.361348561575742622e+02
1.361272070854562912e+02
1.361449103703243395e+02
1.361246168344310377e+02
1.361565321962636119e+02
1.361340276914792184e+02
1.361621670601880680e+02
1.361385726046974014e+02
1.361625722318876512e+02
1.362240314713557723e+02
1.362264599125968232e+02
1.361991839608963915e+02
1.362058013338304079e+02
1.362045961745577927e+02
1.362023101259268572e+02
1.362200069384035430e+02
1.361279216374632313e+02
1.361316769189346019e+02
1.361219631539704267e+02
1.361153587258191351e+02
1.361100681931154384e+02
1.361312445631912453e+02
1.361091788865415708e+02
1.361129069839691681e+02
1.360755418686052849e+02
1.361310296797978481e+02
1.361159787809121440e+02
1.360953370303632823e+02
1.360786317882440528e+02
1.361016877407729453e+02
1.361121147632658221e+02
1.360844815355619062e+02
1.360898795099623158e+02
1.360844724742139817e+02
1.360787159293318496e+02
1.360755651692142010e+02
1.361190453999419958e+02
1.361468935110393090e+02
1.361880397974400410e+02
1.361739921192162797e+02
1.362090271736879288e+02
1.362056045731328311e+02
1.361917251770846349e+02
1.362023619050577850e+02
1.362325310156994362e+02
1.362028952301064635e+02
1.362099436643055412e+02
1.362252987655855065e+02
1.362379251066650170e+02
1.362180004970796574e+02
1.362485165278986017e+02
1.362392364131560498e+02
1.362226994532123854e+02
1.362297051696284313e+02
1.362266618512074956e+02
1.362417282838324866e+02
1.362429412099747310e+02
1.362536853796445939e+02
1.362290501636220483e+02
1.362530938030735967e+02
1.362400739405989896e+02
1.362345568741974375e+02
1.362507792759206211e+02
1.362434046331966329e+02
1.362385089163663565e+02
1.362496466074313446e+02
1.362565720661944511e+02
1.362719776521270774e+02
1.362512647052732007e+02
1.361942196367176052e+02
1.361904798889855499e+02
1.361916047906051972e+02
1.361816890870303496e+02
1.361915827844745479e+02
1.361990881695041651e+02
1.361911646679922114e+02
1.361883660059649515e+02
1.361998467337724321e+02
1.362088834865995750e+02
1.361822392402965818e+02
1.361997729485108266e+02
1.362502834907418787e+02
1.362677757756513870e+02
1.362427535106250787e+02
1.362819050060063830e+02
1.362527171098960252e+02
1.362954944389213381e+02
1.362670223892962156e+02
1.362563131705397552e+02
1.362640955739198887e+02
1.362669550764260009e+02
1.362826648647529169e+02
1.362898440412576235e+02
1.362271912928213453e+02
1.362064964686632607e+02
1.362256676918934488e+02
1.362215810239841005e+02
1.362267071579470610e+02
1.362166154053270475e+02
1.362269686425582904e+02
1.362166270556315055e+02
1.362305931817240321e+02
1.362249867963216161e+02
1.362100757010894370e+02
1.362015295555279408e+02
1.362072045482788667e+02
1.361957406486889397e+02
1.362135772648191789e+02
1.362059657325711441e+02
1.362095281367797384e+02
1.362082375419410880e+02
1.362074453212377421e+02
1.362067268857959448e+02
1.362204638892340824e+02
1.362279239675241342e+02
1.362077650573712901e+02
1.361678705314610056e+02
1.361887698831862679e+02
1.361867750921668403e+02
1.361798716395344115e+02
1.361766691002858067e+02
1.362625706785137254e+02
1.362777225467047799e+02
1.362856382813470759e+02
1.362819166563108411e+02
1.362800746137276917e+02
1.363001364380100142e+02
1.362678793339132710e+02
1.363055111118015077e+02
1.362958788989685672e+02
1.362972406901122611e+02
1.362529928337682747e+02
1.363080042769562112e+02
1.362813781533490669e+02
1.362992044136531149e+02
1.362815619692639189e+02
1.362480919390249028e+02
1.362531766496830983e+02
1.362485475953771470e+02
1.362601655378816190e+02
1.362475599084544911e+02
1.362495676442566719e+02
1.362428751915827831e+02
1.362523934903276484e+02
1.361706031750963177e+02
1.361673682738909008e+02
1.361458864069425374e+02
1.362311549852947223e+02
1.362270877345594613e+02
1.362482770494179931e+02
1.362373076405285701e+02
1.362753769520732305e+02
1.362602652127086742e+02
1.362753458845946852e+02
1.362378694440992604e+02
1.362799671720309789e+02
1.362739038357980235e+02
1.362738404063626092e+02
1.362912071268795842e+02
1.362845819870759385e+02
1.362804603682531877e+02
1.362806804295596805e+02
1.363021752412907404e+02
1.363026684375129491e+02
1.363144740793670451e+02
1.363091861356199104e+02
1.363094825711445139e+02
1.362797846505944221e+02
1.363095421171450994e+02
1.362930621142454868e+02
1.362919475684520023e+02
1.362814868895240465e+02
1.362698210513234756e+02
1.362489670063377787e+02
1.362649188621018084e+02
1.362225557661240316e+02
1.362208975394557058e+02
1.362066233275340608e+02
1.362217648398989240e+02
1.362061417816163384e+02
1.362077042168924095e+02
1.362138659334741817e+02
1.362062841742264254e+02
1.362010738991756682e+02
1.362060848245723150e+02
1.361770160204630997e+02
1.361815907066815896e+02
1.361900993123731496e+02
1.361656621515264476e+02
1.361823505654281234e+02
1.361588764964168945e+02
1.361727041133341629e+02
1.361549878836833614e+02
1.361301662627894586e+02
1.361581917174102045e+02
1.361357907708876951e+02
1.360594139637960325e+02
1.360405417650470099e+02
1.360395243051240755e+02
1.360415721697526976e+02
1.360475138250279485e+02
1.360483604138188127e+02
1.360431488442897887e+02
1.360630397974400410e+02
1.360348810115571041e+02
1.360160010459384523e+02
1.360645245640197061e+02
1.360670526800878122e+02
1.360802382357814508e+02
1.360722150594424420e+02
1.361114105670850449e+02
1.360981809991301077e+02
1.361054727952445944e+02
1.361016411395551131e+02
1.361059530466840783e+02
1.361235721904643583e+02
1.361460106768568039e+02
1.361199036390373180e+02
1.361326257715090549e+02
1.360881073692059147e+02
1.361034805931817289e+02
1.360688934281926947e+02
1.360787353465059368e+02
1.360868970320202038e+02
1.360741748995484954e+02
1.360455371567043699e+02
1.360721878753986971e+02
1.360457403897933091e+02
1.360256241974234683e+02
1.360406841576570969e+02
1.360371204589702074e+02
1.360768052794001903e+02
1.360661439563398289e+02
1.360880426452922336e+02
1.360802757756513870e+02
1.360889423076923208e+02
1.360881591483368425e+02
1.361246789693881851e+02
1.361314413238888221e+02
1.361269106499316592e+02
1.361065485066898759e+02
1.361089161074520462e+02
1.361309222381011637e+02
1.361867401412534662e+02
1.362159642827554649e+02
1.362056925976554282e+02
1.362194464293111196e+02
1.362144173812186807e+02
1.362418111304419881e+02
1.362201156745785227e+02
1.362292779917981989e+02
1.362164535955428448e+02
1.362107643635309273e+02
1.362282747711362276e+02
1.362362681744749580e+02
1.362426395965370034e+02
1.362454071910857181e+02
1.362410655109564743e+02
1.361974610103144130e+02
1.361878080858290900e+02
1.361916591586926870e+02
1.362014700095273554e+02
1.361913691955594174e+02
1.362002998011681427e+02
1.362044382482084472e+02
1.362094543515181613e+02
1.361930610786628506e+02
1.362106103206163823e+02
1.361848955097137548e+02
1.362089197319912159e+02
1.361871479019096114e+02
1.361863738039020859e+02
1.361745112050039381e+02
1.361636440598981039e+02
1.361600026925148086e+02
1.361670006420612253e+02
1.361711365001449678e+02
1.361656000165693285e+02
1.361611508947433720e+02
1.361428599167391553e+02
1.361485400874031768e+02
1.361380755250403922e+02
1.361554448345139008e+02
1.361610395696118587e+02
1.361469194006047871e+02
1.361216460067934122e+02
1.361154182718197205e+02
1.361598758336440085e+02
1.361400664326249910e+02
1.361448521188020493e+02
1.361457867321154822e+02
1.361248718466509331e+02
1.361533011784930238e+02
1.361483562714883533e+02
1.361341105380887200e+02
1.361504442649434452e+02
1.362003619361252618e+02
1.362144458597406924e+02
1.362229052752578582e+02
1.361854223623710709e+02
1.362108264984880464e+02
1.362115358725819192e+02
1.361847000434944732e+02
1.362105740752247129e+02
1.362374099043121589e+02
1.362001017459922991e+02
1.362330513959653615e+02
1.362265388757714959e+02
1.362133468476864948e+02
1.362149765958328089e+02
1.362450162586471265e+02
1.362367898492191784e+02
1.362168302887204447e+02
1.361653229982187838e+02
1.361306309804896273e+02
1.361242310799055417e+02
1.361241314050784865e+02
1.361314568576281090e+02
1.361146428793338998e+02
1.361422230334285928e+02
1.361133975912348149e+02
1.361391007518329843e+02
1.361910701710782519e+02
1.362018596474876801e+02
1.362012085249161260e+02
1.361996124332049192e+02
1.362082608425500325e+02
