1.641272731038482391e+02
1.635415255685348654e+02
1.634776844890435257e+02
1.633276415123648633e+02
1.631517361542603908e+02
1.628934696160059730e+02
1.624519075431838075e+02
1.623355676028333505e+02
1.621916410359968381e+02
1.620746486785965885e+02
1.620668132016072320e+02
1.620609246199411757e+02
1.620873928171989462e+02
1.621205288720434226e+02
1.621801978480593220e+02
1.621234854604200279e+02
1.621312756306698191e+02
1.621372496479019105e+02
1.621518086450437011e+02
1.621606253365643511e+02
1.621988396296756605e+02
1.622203603309721984e+02
1.622659816287643366e+02
1.622749808417215434e+02
1.622387121494552957e+02
1.623245075804647684e+02
1.623069699888156947e+02
1.623213490534774905e+02
1.623767035334078912e+02
1.624129955262830833e+02
1.623672447806636114e+02
1.623679929891056588e+02
1.623506353299366083e+02
1.623817286980655297e+02
1.623437953067395654e+02
1.623661405906963182e+02
1.623770297419328017e+02
1.623915602605525805e+02
1.624016105898678575e+02
1.623990177498860987e+02
1.624186096785551570e+02
1.624310250196760705e+02
1.624204724327906888e+02
1.624217526718031479e+02
1.624606478604863185e+02
1.624416384470403045e+02
1.624567786649269010e+02
1.624764055445093334e+02
1.624947146452093989e+02
1.624787809121411613e+02
1.624787485501843207e+02
1.624582258916366300e+02
1.625299322211176047e+02
1.625213433577730768e+02
1.625021242388467613e+02
1.624426740296590879e+02
1.624256205728842986e+02
1.623765210119713345e+02
1.623904198251936464e+02
1.623496346982312275e+02
1.623389578414315793e+02
1.623509641274180808e+02
1.623239561327202694e+02
1.623424477548568916e+02
1.623482366616958643e+02
1.623878658195600906e+02
1.623784717907294635e+02
1.624229215856840938e+02
1.624282017625616277e+02
1.624419180543473828e+02
1.624852248249865454e+02
1.624759447102439935e+02
1.625103441758833469e+02
1.625281445466219168e+02
1.625638371960565109e+02
1.625485235180812822e+02
1.625504509962304667e+02
1.625683976430139523e+02
1.625673012199163168e+02
1.625880905409883610e+02
1.626151995049914945e+02
1.626260161654446676e+02
1.626481271488339360e+02
1.626657333478314911e+02
1.626449038979329771e+02
1.626783363883020570e+02
1.626788036949587877e+02
1.626848799759744963e+02
1.627033340582411540e+02
1.627666405182055485e+02
1.627656605981525217e+02
1.627774338780497771e+02
1.627941352367341779e+02
1.628072185286442277e+02
1.628076871297792252e+02
1.628232454641481297e+02
1.628384762955138569e+02
1.627906000165693285e+02
1.627620593595956962e+02
1.627497216871711885e+02
1.627288456360548423e+02
1.627001949484279919e+02
1.626932552504038654e+02
1.626067802183008268e+02
1.626321209249823880e+02
1.626306012074893204e+02
1.626455291309390532e+02
1.626402502485398145e+02
1.626308717534485027e+02
1.626173535168385627e+02
1.626161380017397846e+02
1.626429608860444773e+02
1.626629204465432110e+02
1.626645670229070788e+02
1.626736257818648710e+02
1.626979050163621991e+02
1.626939141398450772e+02
1.627164458286732156e+02
1.627215396006793355e+02
1.627628127459508676e+02
1.627632282734766704e+02
1.627534459011639854e+02
1.627879955262830833e+02
1.627919307402344486e+02
1.628068133569446161e+02
1.627917754028416368e+02
1.628282913404581507e+02
1.628401422890518120e+02
1.628613380763017346e+02
1.628107058531129496e+02
1.628117673252972111e+02
1.628099770618449895e+02
1.627959047885340169e+02
1.628701392340830978e+02
1.629075755457520529e+02
1.629314625533324943e+02
1.628921013524708883e+02
1.629057399755602376e+02
1.629238367818234678e+02
1.629248982540077009e+02
1.629268982229402241e+02
1.629328372892589414e+02
1.629306858663684068e+02
1.628896988007953155e+02
1.629229435918147431e+02
1.629380747483534151e+02
1.629573728304544034e+02
1.629272736216395288e+02
1.628793119071289368e+02
1.628869027277246175e+02
1.628866308872871969e+02
1.628523233296052410e+02
1.628898916780580635e+02
1.628617613706971667e+02
1.628479156310840494e+02
1.628381695041630337e+02
1.628580177395302542e+02
1.628472839256865825e+02
1.628576980033967061e+02
1.628801248394846937e+02
1.626006599250238196e+02
1.625635278157491541e+02
1.625366039621391110e+02
1.626375926846443747e+02
1.626273274719357005e+02
1.626354800961020715e+02
1.625872633693716125e+02
1.625934639203015593e+02
1.626093419908040403e+02
1.626393738867486718e+02
1.626367020835922403e+02
1.626602822998218869e+02
1.626738031253883321e+02
1.627134439335570164e+02
1.627178231535561963e+02
1.627259589495049852e+02
1.627505669814837859e+02
1.627685887080071154e+02
1.627572400169835589e+02
1.628064250134625865e+02
1.627544853672175975e+02
1.627540128826477712e+02
1.627400351062507866e+02
1.627495288099084405e+02
1.627980225549894442e+02
1.627911825317923729e+02
1.628051357131022030e+02
1.628130074354832004e+02
1.627338513835383651e+02
1.627324766476119464e+02
1.627493967731245732e+02
1.627226463796031624e+02
1.627458382523507794e+02
1.627512504660121806e+02
1.627603338200571557e+02
1.627159914667992098e+02
1.627151202829211627e+02
1.626959775382129862e+02
1.626917264715629017e+02
1.626644181579056294e+02
1.626214492460958638e+02
1.626189638478107895e+02
1.626133393397125246e+02
1.625929901412534662e+02
1.625767457333996049e+02
1.625656119257694456e+02
1.625498218797895618e+02
1.625079105567292288e+02
1.625458504204465555e+02
1.625005488587879654e+02
1.625242015658009223e+02
1.624908299159106946e+02
1.624736327720475515e+02
1.624748418147549671e+02
1.624540537881612181e+02
1.624482726481918746e+02
1.624367103682531877e+02
1.624023031357441766e+02
1.624202834389627697e+02
1.624722826312083157e+02
1.624510247090012740e+02
1.624599346029576168e+02
1.625069591151982138e+02
1.624937476699390970e+02
1.625003741042210379e+02
1.624981877304171292e+02
1.625150534878422661e+02
1.625261627003852425e+02
1.625689581521063758e+02
1.625245381301520240e+02
1.625688830723665035e+02
1.625423307340209647e+02
1.625638980365353632e+02
1.625783016962843419e+02
1.625609142641149845e+02
1.625478387390745922e+02
1.625318118035706902e+02
1.625170625181226853e+02
1.625907066815790643e+02
1.625826485543266529e+02
1.625426789486765244e+02
1.625438413901661079e+02
1.625385223789403994e+02
1.625431358995070639e+02
1.625405650656559260e+02
1.625374906797564449e+02
1.625479435918147431e+02
1.625743703657677770e+02
1.625497247939190686e+02
1.625535616275216455e+02
1.625197356157574120e+02
1.625561816515471492e+02
1.625513894929787568e+02
1.625471940888944005e+02
1.625363321217016619e+02
1.625506374011018522e+02
1.625039481587340902e+02
1.625228229464396748e+02
1.625073694648108926e+02
1.625180411436974452e+02
1.624814423594714299e+02
1.625080102315562840e+02
1.624805918872457653e+02
1.624742010480096042e+02
1.624774760780415193e+02
1.624759395323308979e+02
1.624733855266973137e+02
1.624547541009071665e+02
1.624881852967979796e+02
1.624986472702042306e+02
1.625230714862681793e+02
1.625262895592560426e+02
1.625321522513566208e+02
1.625385663912016980e+02
1.625613336750755877e+02
1.625544017439211189e+02
1.625968735760739037e+02
1.626423822542562334e+02
1.626071206660867290e+02
1.626148189283790941e+02
1.626611793732654121e+02
1.626433854749181762e+02
1.626861550370738598e+02
1.626900682448945759e+02
1.627104057930491763e+02
1.626852838531958128e+02
1.627310993227289657e+02
1.627360895364732301e+02
1.626985043598028255e+02
1.626648116793007830e+02
1.627278941945238273e+02
1.627191085704817510e+02
1.627601111697941292e+02
1.627397309038564970e+02
1.627256443912845327e+02
1.627513889751874387e+02
1.626510241912099843e+02
1.626553179756431007e+02
1.626389467089184393e+02
1.626112306346050218e+02
1.625939156932190031e+02
1.625821462967565481e+02
1.625989913425293025e+02
1.626274815148502455e+02
1.625742564516797017e+02
1.625750551447744385e+02
1.625821631249741017e+02
1.625935377055631363e+02
1.625982327782610355e+02
1.625883792096433353e+02
1.625908646079284097e+02
1.625879895716830390e+02
1.625562256638084477e+02
1.626048786297170921e+02
1.625770848867072687e+02
1.626003220661944511e+02
1.626207139824365129e+02
1.626149211921627113e+02
1.626317571765875414e+02
1.626506190195103727e+02
1.626220744791019399e+02
1.626401013835383651e+02
1.626751390269665762e+02
1.627468129944907105e+02
1.627467573319249539e+02
1.627812512944782668e+02
1.627163849881943634e+02
1.627232806739571629e+02
1.627180936995153502e+02
1.626837667246593071e+02
1.627037702974193394e+02
1.626885912451845400e+02
1.626951154156828636e+02
1.626705785800091064e+02
1.626845524729712906e+02
1.626986402800215501e+02
1.626789706826560575e+02
1.626858340064620450e+02
1.626658343171368131e+02
1.626811751791557867e+02
1.626659314030073347e+02
1.626884928648357516e+02
1.626857628101570015e+02
1.627522834596744019e+02
1.627349413342446383e+02
1.627607700592353126e+02
1.627893832069922553e+02
1.628112119941178833e+02
1.628112793069880979e+02
1.628207458266020353e+02
1.625756273041713200e+02
1.624920609647487595e+02
1.625192812538834346e+02
1.625398246240835078e+02
1.625404045503500186e+02
1.624816132306035286e+02
1.625130535189097429e+02
1.624870565117435035e+02
1.625380861397622425e+02
1.625169188310343316e+02
1.625200204009775860e+02
1.625222792655648050e+02
1.625291231721966767e+02
1.625417495132761587e+02
1.625725891636634799e+02
1.625987596309183516e+02
1.625971648336854400e+02
1.626339267221738965e+02
1.626369791019427566e+02
1.626126519717493011e+02
1.626363046787622579e+02
1.626343344828300417e+02
1.626409855121991654e+02
1.626565153680460583e+02
1.626160176152603469e+02
1.626060177705977310e+02
1.626155567809949787e+02
1.626110610579511899e+02
1.625881319642930976e+02
1.626360548444554865e+02
1.626618525019676156e+02
1.626870197485605445e+02
1.626874197423470321e+02
1.627176432210761732e+02
1.626990467461994001e+02
1.627385076218880613e+02
1.627575040905513504e+02
1.627364701130856304e+02
1.627316701876475804e+02
1.626927568762685894e+02
1.627280870717865753e+02
1.626936668944948394e+02
1.626871129509962373e+02
1.626616182014001026e+02
1.627175176566836399e+02
1.625747690650759978e+02
1.625665517169959742e+02
1.625489688186073352e+02
1.625097629551385694e+02
1.625386000476368054e+02
1.625625608404788522e+02
1.625240915351476758e+02
1.625016802327989751e+02
1.624568641004929361e+02
1.624073438341411020e+02
1.624086098338925410e+02
1.623828406549024521e+02
1.623676874922331308e+02
1.623235794395426979e+02
1.623039991611780692e+02
1.624067250735263599e+02
1.623785675821216898e+02
1.623671981794457508e+02
1.623706660867404139e+02
1.623588669172776520e+02
1.623706544364359274e+02
1.623672913818814436e+02
1.623609070150366733e+02
1.623734984052027812e+02
1.623672641978376987e+02
1.623492437657926359e+02
1.623308453460917065e+02
1.622848745391657417e+02
1.622799840002485325e+02
1.622742624062797745e+02
1.622665770887701342e+02
1.623184300049707929e+02
1.623367041547574559e+02
1.623712926142247568e+02
1.623838451700426617e+02
1.623650221614680333e+02
1.623642040511992093e+02
1.623804044467917720e+02
1.623323042231059219e+02
1.623085091234828781e+02
1.622913391636634799e+02
1.622730222960937851e+02
1.622377438797067271e+02
1.621975684520110974e+02
1.622372092601797817e+02
1.622313918748187689e+02
1.621979516175800597e+02
1.621734587941676011e+02
1.621893666376703607e+02
1.621468430263866480e+02
1.622100860569156282e+02
1.622296313843668543e+02
1.622459638167433127e+02
1.622537526925148086e+02
1.625291878961103578e+02
1.626112125119092013e+02
1.626005408330226487e+02
1.626146415848556330e+02
1.626424146162130739e+02
1.626544687978957029e+02
1.626463614804689257e+02
1.626554072946439646e+02
1.626645346609502383e+02
1.627082996768982355e+02
1.626644789983844817e+02
1.626384107949132272e+02
1.626510280746447847e+02
1.626454915910691454e+02
1.626376561140797889e+02
1.626375771509050878e+02
1.626022599001698268e+02
1.626214337123565770e+02
1.626169366948345214e+02
1.626257495029203426e+02
1.625774098007539124e+02
1.625915519758916332e+02
1.626422735180812822e+02
1.626442061741435623e+02
1.626601929808210230e+02
1.626653721883931780e+02
1.627153701172279625e+02
1.627028253282796868e+02
1.627333193529679818e+02
1.627521229443684945e+02
1.627545552690443742e+02
1.627659181993289508e+02
1.627420544923573971e+02
1.627537086802535100e+02
1.627813121349571190e+02
1.627319251998674474e+02
1.627921637463236948e+02
1.625045397353050873e+02
1.624400074044157236e+02
1.623944961372768319e+02
1.623748796135205623e+02
1.623928586222608885e+02
1.623219885257445867e+02
1.623076754794747387e+02
1.622613745805890346e+02
1.622940122612982066e+02
1.622913326912721175e+02
1.622839955884180370e+02
1.623055124062797745e+02
1.623161258336440085e+02
1.623018580941137543e+02
1.623031823453875120e+02
1.623271405492730253e+02
1.623579970278778717e+02
1.623492049314444330e+02
1.623531013110475953e+02
1.623673457499689334e+02
1.623587115798848401e+02
1.623762064537508820e+02
1.623870399424216089e+02
1.624239144505198738e+02
1.624065852698728349e+02
1.623869273228118004e+02
1.624208776044903004e+02
1.623864651940681938e+02
1.624323699826022107e+02
1.624390248954061633e+02
1.624759861335487301e+02
1.624555269044364252e+02
1.624645986081769706e+02
1.624842565552379767e+02
1.624563165361832660e+02
1.624892856033304440e+02
1.624828442794416219e+02
1.624728729133010177e+02
1.624807795865954176e+02
1.624822941261753897e+02
1.625117965805061999e+02
1.624948091421233585e+02
1.624965916387059224e+02
1.624353990617621548e+02
1.624458014891677919e+02
1.624372152147798261e+02
1.624260839961062004e+02
1.623878360465597837e+02
1.623608487635143547e+02
1.623623335300940198e+02
1.623583439480551647e+02
1.623811086429725492e+02
1.623858969181061127e+02
1.623959161799428443e+02
1.623586714510583704e+02
1.623275871442773735e+02
1.623359675966198665e+02
1.623491156124435690e+02
1.623076987800836832e+02
1.622899566608674036e+02
1.623114165216850893e+02
1.623152520608093994e+02
1.623261994635682015e+02
1.623249697092084034e+02
1.623202345076840345e+02
1.623407002091877018e+02
1.623461887970672421e+02
1.623157724410753531e+02
1.623624448552255615e+02
1.623800950664844152e+02
1.623808562197092158e+02
1.623837196056501284e+02
1.624290302286566430e+02
1.624385588832276994e+02
1.624473703968352538e+02
1.624487671388923502e+02
1.624522311627521560e+02
1.624466817343937635e+02
1.624956492585228318e+02
1.625680804958369663e+02
1.625871908785883022e+02
1.625952723064496013e+02
1.625852530446128981e+02
1.625940567913508232e+02
1.626350904581417467e+02
1.626139529224141427e+02
1.626479925230934782e+02
1.626183424982395138e+02
1.626217236754898181e+02
1.626279682386810919e+02
1.625701801395965447e+02
1.625500031067478517e+02
1.626005783728925849e+02
1.626007919618077153e+02
1.625886860009941586e+02
1.625916853071537957e+02
1.625573596267760195e+02
1.625655342570730397e+02
1.625449365187854767e+02
1.625628857545254959e+02
1.625290933991963982e+02
1.625452756720931120e+02
1.625349664471231392e+02
1.625321988525744530e+02
1.625210443332919112e+02
1.625516056708504209e+02
1.625456911996189149e+02
1.625528859098628800e+02
1.625736687585435618e+02
1.625533312103889614e+02
1.625756052980406707e+02
1.625911325649310299e+02
1.625806395240462336e+02
1.625806641191334165e+02
1.626126752723582172e+02
1.625981848825649365e+02
1.626007388881984923e+02
1.625508872354086520e+02
1.625492717265233296e+02
1.624984867548982947e+02
1.625192463029700605e+02
1.625213304129903520e+02
1.624900532289466071e+02
1.625154884325421563e+02
1.625133991446087691e+02
1.624834578621432399e+02
1.625024180854148597e+02
1.624958343689159506e+02
1.624741596247048676e+02
1.624585482167267401e+02
1.624920260138353854e+02
1.624973450250610938e+02
1.624853439169876879e+02
1.625041267967358465e+02
1.624634944182096774e+02
1.624154084337848474e+02
1.624359427426369962e+02
1.624824455801333727e+02
1.624226678679424936e+02
1.623924366223437232e+02
1.623929595915662105e+02
1.624108648150449312e+02
1.623918644629468417e+02
1.623732641046352683e+02
1.623663904250031180e+02
1.623732615156787347e+02
1.623572514083923579e+02
1.623695243569031845e+02
1.623559465742926875e+02
1.623979109709622719e+02
1.623887551261339581e+02
1.624137294954641391e+02
1.624050564910318428e+02
1.623719191417091281e+02
1.623639529224141427e+02
1.623537330164450623e+02
1.623240143842425880e+02
1.623551737707634288e+02
1.623283172300236004e+02
1.623209891885174727e+02
1.623149245578062221e+02
1.623360064309680695e+02
1.623064573754193987e+02
1.623011111801499453e+02
1.623074036390373180e+02
1.622917896421026569e+02
1.622960251750134546e+02
1.622653473344103361e+02
1.622518627542355318e+02
1.622688411312704488e+02
1.622697692721925478e+02
1.623785624042085942e+02
1.623820937409386431e+02
1.623857182801043848e+02
1.623816367901081037e+02
1.623749702269997215e+02
1.623787746986454579e+02
1.623606105795120413e+02
1.623524113541278382e+02
1.623511375875067415e+02
1.623225464458804481e+02
1.623260946108280507e+02
1.622954245370945614e+02
1.622987371069963842e+02
1.622938983472101313e+02
1.622741368418872412e+02
1.622580904892092235e+02
1.622749588355908941e+02
1.622538174164284897e+02
1.622615739302431450e+02
1.622510614721842614e+02
1.622366565179570159e+02
1.622399406093368270e+02
1.622489916014249616e+02
1.622617590406362638e+02
1.622616127645913480e+02
1.622329594880079640e+02
1.622188665030446089e+02
1.621784930201731356e+02
1.621768037260262645e+02
1.621781810509092452e+02
1.621866598836005267e+02
1.621601813305165365e+02
1.621811505840686038e+02
1.621735765916904768e+02
1.621532778778841077e+02
1.622022764694917498e+02
1.622009004390870359e+02
1.622106620997473101e+02
1.622095346091711292e+02
1.622342203098463074e+02
1.622069197630586928e+02
1.622192729692224873e+02
1.621755105422310521e+02
1.621797836150118144e+02
1.622125947558096186e+02
1.622496116565179705e+02
1.622424790812310960e+02
1.621926209560498648e+02
1.622136057433411906e+02
1.622146413259599740e+02
1.622379199287519214e+02
1.622111863634480642e+02
1.622479844973281899e+02
1.622424363634480642e+02
1.622481929083302248e+02
1.622462576633113827e+02
1.622730132347458607e+02
1.622490032517294196e+02
1.622777652644878117e+02
1.622632489851290245e+02
1.622793173439376915e+02
1.622624269914253716e+02
1.622953766413984624e+02
1.622682301375253644e+02
1.623193322563274137e+02
1.623941116772296027e+02
1.623740356136862601e+02
1.623630946833188489e+02
1.623456580609750972e+02
1.623538339857503843e+02
1.623425849695538830e+02
1.623649341369454362e+02
1.623113414419452454e+02
1.623356206764425735e+02
1.623100819145851403e+02
1.623185956981897959e+02
1.622838674350689701e+02
1.623148028768485176e+02
1.623166966985626232e+02
1.623520942069508237e+02
1.623286214324178900e+02
1.623493201400107750e+02
1.623404555527939976e+02
1.623656732840395875e+02
1.623456218155834563e+02
1.623892392610082425e+02
1.623857609978874166e+02
1.623867849302017419e+02
1.623770517480634510e+02
1.623951860941965890e+02
1.623869040222028843e+02
1.623780950975518920e+02
1.624164543722298220e+02
1.624088053001118510e+02
1.624024468228325304e+02
1.624223325980696870e+02
1.624149217099540294e+02
1.623457758584980013e+02
1.623699282341245294e+02
1.623529265564806678e+02
1.623308790025268138e+02
1.623518624953398728e+02
1.623701211113872773e+02
1.623836380535189221e+02
1.623937336895737644e+02
1.623879784391698706e+02
1.624044972764177146e+02
1.624105528457810408e+02
1.624292477010065738e+02
1.624497030466840783e+02
1.625163660888115658e+02
1.624990796259475587e+02
1.625456497763141499e+02
1.625396602253427716e+02
1.625119053166811511e+02
1.624733596371318640e+02
1.624813685742098528e+02
1.624676030922497034e+02
1.624276503148171287e+02
1.624002863385940998e+02
1.623647580879002419e+02
1.623708900314817072e+02
1.623342873638208914e+02
1.623622468000497179e+02
1.622469696263617891e+02
1.622850169317758287e+02
1.622850298765585535e+02
1.623334330081603980e+02
1.623473240545130807e+02
1.623830179984259132e+02
1.623888703347003002e+02
1.624409148336854400e+02
1.623988015720144062e+02
1.624191145250818238e+02
1.624328631788244195e+02
1.624498312000331453e+02
1.625007495029203426e+02
1.625306390062549156e+02
1.625462297025806606e+02
1.625333612940640364e+02
1.625241769707137109e+02
1.624981087672424565e+02
1.625003961103516872e+02
1.624968155834472441e+02
1.624704561223644532e+02
1.624622115902406563e+02
1.624955133383041357e+02
1.624648704486143913e+02
1.624689868895240465e+02
1.624490726357648782e+02
1.624564887017936314e+02
1.624466066546539196e+02
1.624573741249326986e+02
1.624576407874570236e+02
1.624175624456319156e+02
1.624680328590364979e+02
1.624646762768733765e+02
1.624596200447371643e+02
1.624609999585767071e+02
1.624624989644173922e+02
1.623671748788368348e+02
1.623520437222981627e+02
1.623093091110558817e+02
1.622906362619609695e+02
1.622481488960689262e+02
1.623120469326042894e+02
1.622806221780373619e+02
1.623059590012841227e+02
1.622787529514104676e+02
1.622474226937574997e+02
1.622470511784930238e+02
1.622294398015823731e+02
1.622202425334493228e+02
1.622084666645955053e+02
1.622567882440661151e+02
1.622375160515306050e+02
1.622817237790480931e+02
1.622829082266683258e+02
1.622920071144525878e+02
1.623139808831448647e+02
1.623152520608093994e+02
1.623496204589702074e+02
1.623811397104510945e+02
1.623367507559753165e+02
1.623243392982892317e+02
1.623518845014705221e+02
1.623921337144277288e+02
1.623867473903318057e+02
1.623994125657594907e+02
1.624230367942504358e+02
1.624225423035499887e+02
1.624478467648399089e+02
1.624337731970506695e+02
1.624280904374300860e+02
1.624527683712356634e+02
1.624405264902033821e+02
1.624346547367549078e+02
1.624305628909324355e+02
1.624302094983637801e+02
1.624339919638788672e+02
1.625040504225177074e+02
1.624865180087817293e+02
1.624655112153597543e+02
1.624556977755685239e+02
1.624629028416387087e+02
1.624970175220579165e+02
1.624932764798475660e+02
1.624881749409717884e+02
1.624662309452798183e+02
1.624686995153473390e+02
1.624870733399610572e+02
1.624261564868895107e+02
1.623976261857420980e+02
1.623995458970216532e+02
1.624144802928627769e+02
1.624013258046476835e+02
1.624786851207489349e+02
1.624474325317923729e+02
1.624685519448241564e+02
1.624280062963423177e+02
1.624359530984631874e+02
1.624358275340706541e+02
1.624476150532289580e+02
1.624644122033055851e+02
1.624801194026759390e+02
1.624921826457064640e+02
1.624983094113748336e+02
1.624838850399735009e+02
1.625126561140797889e+02
1.625062225570605960e+02
1.625033928275547908e+02
1.624608368543142376e+02
1.624532292055010032e+02
1.624405523797688602e+02
1.624513651567872046e+02
1.624458260842550033e+02
