2.549994721391560688e+02
2.526217864603693499e+02
2.525885909850331643e+02
2.523926599953687742e+02
2.522028616531506202e+02
2.521560052885680818e+02
2.520518013251299010e+02
2.519579180371544282e+02
2.518654203838942749e+02
2.518168522064334240e+02
2.518473287004414658e+02
2.519542765443042072e+02
2.518789480629747857e+02
2.518817666406885962e+02
2.518965728883698887e+02
2.518239372443173920e+02
2.518075909875230707e+02
2.518681468349513466e+02
2.518604853829854449e+02
2.518247589144990002e+02
2.517709171084181321e+02
2.517463255158470190e+02
2.517759043974294286e+02
2.517899449978960149e+02
2.517632481867233025e+02
2.517919282109252208e+02
2.519247262966827066e+02
2.520035705304254634e+02
2.518438054782992026e+02
2.518590947684508592e+02
2.519017817793392169e+02
2.518705458628906229e+02
2.518973547199972245e+02
2.519054880098401270e+02
2.520309371272916508e+02
2.520919959364674696e+02
2.520164383834510602e+02
2.521668600496487898e+02
2.521871602829533288e+02
2.520612766762694150e+02
2.520299897166731853e+02
2.519797607694816861e+02
2.518727880265225281e+02
2.519515027849639353e+02
2.518399598128583818e+02
2.518639251931547278e+02
2.519397392068641750e+02
2.519051618316771339e+02
2.520150378092779135e+02
2.520678176688967937e+02
2.519999713660391194e+02
2.519603444540997543e+02
2.519241150238657951e+02
2.518366693972675705e+02
2.517985302063388247e+02
2.517922120606243084e+02
2.518591831602431057e+02
2.518972140401024831e+02
2.519169764529245299e+02
2.517821329063968392e+02
2.519140757081925415e+02
2.519056436291926957e+02
2.519020768336316962e+02
2.519544234489730457e+02
2.520557154630858463e+02
2.520780337681545404e+02
2.521573722489610816e+02
2.521562318703454366e+02
2.521285739540512054e+02
2.521679145263818498e+02
2.522050204048095168e+02
2.521710642620779197e+02
2.521530236217727747e+02
2.521618117578512965e+02
2.519737737817494576e+02
2.518019737513725715e+02
2.518226126123882977e+02
2.518144606482230756e+02
2.518181195704407855e+02
2.517351433316484872e+02
2.517305631428635593e+02
2.517478331561347602e+02
2.518033070979854244e+02
2.517827591186715779e+02
2.517545882809912712e+02
2.516851347414602458e+02
2.518423252270175112e+02
2.518798730644064960e+02
2.518586839333600551e+02
2.518678281265172814e+02
2.519255790907348000e+02
2.519449568125172618e+02
2.520376300044071343e+02
2.519693118636724591e+02
2.519079617350686249e+02
2.519421805632673568e+02
2.519159418954686203e+02
2.518534837570744571e+02
2.518488263810906176e+02
2.518956317025255203e+02
2.518961906872399652e+02
2.519559920920469835e+02
2.519733666815231174e+02
2.519533179290923499e+02
2.519382863445885619e+02
2.520874169926373440e+02
2.520994918094422417e+02
2.520792799679299776e+02
2.520572268382380514e+02
2.520090271674040991e+02
2.519515264391055211e+02
2.519317702510575998e+02
2.518398602164727436e+02
2.518244451858842012e+02
2.517916468511357664e+02
2.517935068136377197e+02
2.517954651275705089e+02
2.517842157158116834e+02
2.517213629267394026e+02
2.516561086198181840e+02
2.519127983845466190e+02
2.518474033977306874e+02
2.518729797495648768e+02
2.519121808869556105e+02
2.519541918873763962e+02
2.519884841679095473e+02
2.520131803366855934e+02
2.518788571812728776e+02
2.518911822339967159e+02
2.518637384499316454e+02
2.517908550598698696e+02
2.518040067625945824e+02
2.517792346515744839e+02
2.517381909810492857e+02
2.517801098548133609e+02
2.517674536441072632e+02
2.517585708914623410e+02
2.518227097188643029e+02
2.518113196272107359e+02
2.518014807492636180e+02
2.517938367266651767e+02
2.518108789132042489e+02
2.517913791858493369e+02
2.517501649565137143e+02
2.517989186322428452e+02
2.518722004078472025e+02
2.518294810281335003e+02
2.517481207406983117e+02
2.517570881502710165e+02
2.518007736149255038e+02
2.518931679369355550e+02
2.518926151769952355e+02
2.518537551572253506e+02
2.517783345492392186e+02
2.517187709308029184e+02
2.517211139357752643e+02
2.518273272562938701e+02
2.518784637755495908e+02
2.519475600130471378e+02
2.519489593422654821e+02
2.519093909432026805e+02
2.520084644478251903e+02
2.519907823545083545e+02
2.519567851282676827e+02
2.519484974640270423e+02
2.518284962688703956e+02
2.518709405135687689e+02
2.518062663555939480e+02
2.518361129024627587e+02
2.517572039310693413e+02
2.517092818851603795e+02
2.517108343438216593e+02
2.516333794796586858e+02
2.516314834134669240e+02
2.516742774904698763e+02
2.517515941646477700e+02
2.517296418762963128e+02
2.518107992360957326e+02
2.519102287977969183e+02
2.518621000893877522e+02
2.518295071721847194e+02
2.518650842460927208e+02
2.519602797164490937e+02
2.518454550434364876e+02
2.516893426887538112e+02
2.516161119562971180e+02
2.515781582636366238e+02
2.515641674613628140e+02
2.515325518336939581e+02
2.515972197668946535e+02
2.515452341884513032e+02
2.515279206017613660e+02
2.515630818607592687e+02
2.515828853570903902e+02
2.516725171243535613e+02
2.517427500056022893e+02
2.517365152718607817e+02
2.517433463389613451e+02
2.517289758254673018e+02
2.516511138610779881e+02
2.517141496585088873e+02
2.517377440422687016e+02
2.517324143906817540e+02
2.516715834082381207e+02
2.516976129236269912e+02
2.516571655864608772e+02
2.517330480726854489e+02
2.517716379372592428e+02
2.516624815435447715e+02
2.516371927762741620e+02
2.516578851703471571e+02
2.517016428423812613e+02
2.517552157382208691e+02
2.516435657000007495e+02
2.517373854952803640e+02
2.518488101966779595e+02
2.518170787882107788e+02
2.518980954681154572e+02
2.519597020574123292e+02
2.518073718754746437e+02
2.517850411208577270e+02
2.517783183648265322e+02
2.517483560371594251e+02
2.517439239979981096e+02
2.517512231681112382e+02
2.517668174721939351e+02
2.517740593743853026e+02
2.518504136984868751e+02
2.517664738646634532e+02
2.518446097191132935e+02
2.518253963313671306e+02
2.517258534787772533e+02
2.517340988145540166e+02
2.516550205293050055e+02
2.515606691383169675e+02
2.517045772008933682e+02
2.518598106174727036e+02
2.518677509393183982e+02
2.518540489665629991e+02
2.517776087405788132e+02
2.517728978315377049e+02
2.517778253627175786e+02
2.518024792030297192e+02
2.518272201901793039e+02
2.518882640598972671e+02
2.519004895162354671e+02
2.520158793987366153e+02
2.520832588435365551e+02
2.519430918701960422e+02
2.519229671755211939e+02
2.519656193276746023e+02
2.519127535661730803e+02
2.518116557650122900e+02
2.516845944310680920e+02
2.516528157143177395e+02
2.516210980003535553e+02
2.516604609818709548e+02
2.517203632280184422e+02
2.516782962046307262e+02
2.516330707308631816e+02
2.518093189848140412e+02
2.517383142315765383e+02
2.517219841591948750e+02
2.518386961837154843e+02
2.517957203433087443e+02
2.517550688335520306e+02
2.517732240097006979e+02
2.517902848705620613e+02
2.517839430707059591e+02
2.518644605237275869e+02
2.518122844671966902e+02
2.518493841208502602e+02
2.518128907601943069e+02
2.518236820285791850e+02
2.518605725298228890e+02
2.518620552710142135e+02
2.518465916871876686e+02
2.518140971214154717e+02
2.518020073651527184e+02
2.518246057850560646e+02
2.519846011538241157e+02
2.519328458920225842e+02
2.518517918634732666e+02
2.518424696417766881e+02
2.517366920554453031e+02
2.517355579016037552e+02
2.517785760704744007e+02
2.517736174154239848e+02
2.518216739164535625e+02
2.518711372164304123e+02
2.518056077744938648e+02
2.517231593965454977e+02
2.517156224400616509e+02
2.517033197965245961e+02
2.517078501871167191e+02
2.516954616416970225e+02
2.516999061304065322e+02
2.517520884117115259e+02
2.518144108500302423e+02
2.517451913620054711e+02
2.517840115432210837e+02
2.518322087241454028e+02
2.518177423491301568e+02
2.518790339648574275e+02
2.519813256776911601e+02
2.518931691818903857e+02
2.520050868853969348e+02
2.520895271910582380e+02
2.520772307722952803e+02
2.520495653862721213e+02
2.519526008351157031e+02
2.519674481663060419e+02
2.519092813871784529e+02
2.517748748197927853e+02
2.517437148455882436e+02
2.516748115760879045e+02
2.517007514547296978e+02
2.516984545130857214e+02
2.516325715039801310e+02
2.516075516469507249e+02
2.516288129853767543e+02
2.517777656048862127e+02
2.518297947567482709e+02
2.518028875482108617e+02
2.518140423434033437e+02
2.517525627394981882e+02
2.518450442083456835e+02
2.518663329357777627e+02
2.519240228972090563e+02
2.519274515027849759e+02
2.519447115564176158e+02
2.519562659821075101e+02
2.518773333565724784e+02
2.519007061383742325e+02
2.518487491938917628e+02
2.518727631274261114e+02
2.518002768779520864e+02
2.517217239636373733e+02
2.517065790882448937e+02
2.517589020494446288e+02
2.516283971704666840e+02
2.516120011154795293e+02
2.517105318198002522e+02
2.517225829824635639e+02
2.518312650483914013e+02
2.518856347153161721e+02
2.518151453733744063e+02
2.518342093665420975e+02
2.517705224577400145e+02
2.518141618590661324e+02
2.517717101446388597e+02
2.517476364532731168e+02
2.518777379668891854e+02
2.519421643788546987e+02
2.518226686353552282e+02
2.518566695964603355e+02
2.518168136128339825e+02
2.517744104516447123e+02
2.517842543094111250e+02
2.518011670206488191e+02
2.517531391535801220e+02
2.517691592322114502e+02
2.518034515127446014e+02
2.518654477729003247e+02
2.517901802943571283e+02
2.518510125217555924e+02
2.518814168083840173e+02
2.518438067232540050e+02
2.518259441114881838e+02
2.518174199058316276e+02
2.518193769748095860e+02
2.517636565319044450e+02
2.517655899467408460e+02
2.517266178810371002e+02
2.517393425642583509e+02
2.517043929475799189e+02
2.517248873938364682e+02
2.516454044982707501e+02
2.517154356968385684e+02
2.517588709255741151e+02
2.516793917648728609e+02
2.517011622898205019e+02
2.517480945966470927e+02
2.516737135259361366e+02
2.517141160447287405e+02
2.518296403823505329e+02
2.517049818112100752e+02
2.516273875121071910e+02
2.517277856486588234e+02
2.517944791233526018e+02
2.517754387843265249e+02
2.517160718687518965e+02
2.517334887866919360e+02
2.517159411484957161e+02
2.517073920437427432e+02
2.517622484880023706e+02
2.517934669750834757e+02
2.517833143685215589e+02
2.518178942336182615e+02
2.517265568782508751e+02
2.517392691119239316e+02
2.517622945513307400e+02
2.518064045455790279e+02
2.517390512448303355e+02
2.518277331115653794e+02
2.518799004534125459e+02
2.518601318158164020e+02
2.517627912883041574e+02
2.517490357824914611e+02
2.516804014232323539e+02
2.516179059361935799e+02
2.517017922369597329e+02
2.516982876891397609e+02
2.516848645862641547e+02
2.517549518077989035e+02
2.517255497098010437e+02
2.517097736423145307e+02
2.518312413942498154e+02
2.518850744856469248e+02
2.518241488866368911e+02
2.517149526543681759e+02
2.517434571399404035e+02
2.518653108278700472e+02
2.518120118220909660e+02
2.518269077065193358e+02
2.518191864967220397e+02
2.518140597727708325e+02
2.519388540439867370e+02
2.519435263594284038e+02
2.519451261263728838e+02
2.519928763685165904e+02
2.519329940416462250e+02
2.518827140513070901e+02
2.518501261139233236e+02
2.518045445830770745e+02
2.517929839326130832e+02
2.518162484033454405e+02
2.519195684488609857e+02
2.518295594602871859e+02
2.518934492967250094e+02
2.519250113913365965e+02
2.518410553731005166e+02
2.518409719611275364e+02
2.518804021702052296e+02
2.518595516668700043e+02
2.518350173422206524e+02
2.518754709041608919e+02
2.518421920168516976e+02
2.518970322766986669e+02
2.519134059224990665e+02
2.519417709731313835e+02
2.520248082147098785e+02
2.520951518969376650e+02
2.520740287484967155e+02
2.519319644640096101e+02
2.519039367961336779e+02
2.518142577205873067e+02
2.517176566962384925e+02
2.516751053854255531e+02
2.517419930730713702e+02
2.518381359540462370e+02
2.518520134654313267e+02
2.518098144768326279e+02
2.517571479081024108e+02
2.518114167336867411e+02
2.517818291374206012e+02
2.518435116689615256e+02
2.518370777424487130e+02
2.518226748601293252e+02
2.517662186489252178e+02
2.517482776050057112e+02
2.518995931487646374e+02
2.519972362002982891e+02
2.518392066151919266e+02
2.517945637802804129e+02
2.517561992525291146e+02
2.517072725280799546e+02
2.517439177732240125e+02
2.517332510003211894e+02
2.516990782354508269e+02
2.516992263850744962e+02
2.517963590051317055e+02
2.517573433660092519e+02
2.517451926069603019e+02
2.518492795446453272e+02
2.517649936133817619e+02
2.517045025036041466e+02
2.516943847557772074e+02
2.518035959275037783e+02
2.517490469870848528e+02
2.517931594712428023e+02
2.518711758100298539e+02
2.518808441291665474e+02
2.519106147337913058e+02
2.519433919043077879e+02
2.519061291615727214e+02
2.517937097412734886e+02
2.518260412179641889e+02
2.517797811867407347e+02
2.518086915275844717e+02
2.518880885212675764e+02
2.518018604604838799e+02
2.517211774284711225e+02
2.517221845969209824e+02
2.517375921577805968e+02
2.517140326327557602e+02
2.517133616021074545e+02
2.517228942211687013e+02
2.516660968923437736e+02
2.517007253106784788e+02
2.517059839998406403e+02
2.517119498233409161e+02
2.518747699945969032e+02
2.518282248687195022e+02
2.518656258014396769e+02
2.518710301503158462e+02
2.517610906800192083e+02
2.518315962063736606e+02
2.517976736774222388e+02
2.517231245378105200e+02
2.517799417859125981e+02
2.517715657298796543e+02
2.517060835962263070e+02
2.517102915435198724e+02
2.517709083937344019e+02
2.517367518132766975e+02
2.518270907148779543e+02
2.517778813856845090e+02
2.518612560100193889e+02
2.518851292636590244e+02
2.518669018801307686e+02
2.518724606034047042e+02
2.518574738372744548e+02
2.518583204065524512e+02
2.518689149720756575e+02
2.519788780965138812e+02
2.519467918759228269e+02
2.519527576994230742e+02
2.520012237905886536e+02
2.519641540158507667e+02
2.516356814011219569e+02
2.516925994905644757e+02
2.517672805953872057e+02
2.517971084679336968e+02
2.518340886059244781e+02
2.518397631099967384e+02
2.519471678522786533e+02
2.519258056725121548e+02
2.519534561190774298e+02
2.518757149153057355e+02
2.518120143120006276e+02
2.517108032199511456e+02
2.517308606870656718e+02
2.517431670654671905e+02
2.516551014513683242e+02
2.517088175170123066e+02
2.517187796454866771e+02
2.516444633124263817e+02
2.516828950677380021e+02
2.516742102629095541e+02
2.515892582808169777e+02
2.516632160668889355e+02
2.517403248336117940e+02
2.518100709375256656e+02
2.517822051137764277e+02
2.517296306717029211e+02
2.517727658663267221e+02
2.517937483348729302e+02
2.517149464295940788e+02
2.518243767133690767e+02
2.517550177904043949e+02
2.517822262780083804e+02
2.517823383239422128e+02
2.517135022820021959e+02
2.517325139870674207e+02
2.515761202725953183e+02
2.516259159755092583e+02
2.515356281170556372e+02
2.515751579225189971e+02
2.515950448308230989e+02
2.516804786104312370e+02
2.516780123549316386e+02
2.516295425289016237e+02
2.517334564178665914e+02
2.516672883141070827e+02
2.516955201545735861e+02
2.517414328434021229e+02
2.517473065402456598e+02
2.516560090234325457e+02
2.517132109625741805e+02
2.517619098602911833e+02
2.517972877414278514e+02
2.518077067683213670e+02
2.518095990996486648e+02
2.519086663794970775e+02
2.518614390183780358e+02
2.519224729284574380e+02
2.519140035008129530e+02
2.519833835880095876e+02
2.518451375799572247e+02
2.516731620109506196e+02
2.516970215700872302e+02
2.518830190652381305e+02
2.518329009190256613e+02
2.518234828358078801e+02
2.517849577088847468e+02
2.518666317249347060e+02
2.519566133245024560e+02
2.520954718503265610e+02
2.521805047544824561e+02
2.521781492999619161e+02
2.521282676951653343e+02
2.519812621849953018e+02
2.519014456415376628e+02
2.517865587207840292e+02
2.516844338318962286e+02
2.517260937550576330e+02
2.516593890757704344e+02
2.517702199337186073e+02
2.517540292962768262e+02
2.517580915838564124e+02
2.517516974958978722e+02
2.518519362782324720e+02
2.517842194506761473e+02
2.518252743257947088e+02
2.517886751439790203e+02
2.517072874675378102e+02
2.515678736918637242e+02
2.515252937470899042e+02
2.515606840777748232e+02
2.515913211709546999e+02
2.516631675136509330e+02
2.515955739366218324e+02
2.517143662806476812e+02
2.516888372370966636e+02
2.516389992057188181e+02
2.517561693736134316e+02
2.516455800369004692e+02
2.517529760644986254e+02
2.518555416673928846e+02
2.517398106672708877e+02
2.517669992355977513e+02
2.518001361980573733e+02
2.517744204112832733e+02
2.518507348968306019e+02
2.517710353791260900e+02
2.517543006964277197e+02
2.516619412331526462e+02
2.517796554463038490e+02
2.516962683724207750e+02
2.517903334238000639e+02
2.516671575938509307e+02
2.516728258731490655e+02
2.516833245771510974e+02
2.517719591356029696e+02
2.518466651395220879e+02
2.518508108390746543e+02
2.519525560167421645e+02
2.519176462386180049e+02
2.519733206181947764e+02
2.516364233941950204e+02
2.516891547005759264e+02
2.518393311106739816e+02
2.517312877065691339e+02
2.517736734383909152e+02
2.518600309744759329e+02
2.518058692150061972e+02
2.519000537820482464e+02
2.519481463867676325e+02
2.518243742234594436e+02
2.519545603940032947e+02
2.519560767489747661e+02
2.518466140963744522e+02
2.518546502797413496e+02
2.518217511036524456e+02
2.518201102531989193e+02
2.516919682984704423e+02
2.516994554567614841e+02
2.517666195243774609e+02
2.517911389095689856e+02
2.517728169094743578e+02
2.518461596878649402e+02
2.519420212090503242e+02
2.518719501719282619e+02
2.518845715238994103e+02
2.518927446522965568e+02
2.519096474038957183e+02
2.518094721142569767e+02
2.518489508765727010e+02
2.518371922782922070e+02
2.517987617679354457e+02
2.519367687446622597e+02
2.518987428446221770e+02
2.518154802662211296e+02
2.517006008151964238e+02
2.517089382776298976e+02
2.516036275493562471e+02
2.516391299259749985e+02
2.516171452687981969e+02
2.517224472823881172e+02
2.518099974851912748e+02
2.518711695852557568e+02
2.519019909317490828e+02
2.517831711987172127e+02
2.517931918400681184e+02
2.518243667537305157e+02
2.517420652804509587e+02
2.517210765871306535e+02
2.518568513598641516e+02
2.518518379268016361e+02
2.517727148231790579e+02
2.518380189282930814e+02
2.517608093202297823e+02
2.517895665316305553e+02
2.518641480400676187e+02
2.517143936696537310e+02
2.518085309284126083e+02
2.518471046085737441e+02
2.517916319116779391e+02
2.518863294001060638e+02
2.516104648412309075e+02
2.516824468840025872e+02
2.518562052283122625e+02
2.518111154546201647e+02
2.517994427582223125e+02
2.517235876610037906e+02
2.516127094947724459e+02
2.517306054713274364e+02
2.517670079502814815e+02
2.517703232649687095e+02
2.517913119582890431e+02
2.517997440372888889e+02
2.517831114408858184e+02
2.519003774703016063e+02
2.519145674653466926e+02
2.518912631560600630e+02
2.520132612587489120e+02
2.519646843666043310e+02
2.517914688225964142e+02
2.517584376812965559e+02
2.517604955916149834e+02
2.517263477258410376e+02
2.517478045221738796e+02
2.517133740516556770e+02
2.516622412672644202e+02
2.517890175065546998e+02
2.518217909422067180e+02
2.517875160910410557e+02
2.517930536500830385e+02
2.518547224871209380e+02
2.518181581640402271e+02
2.517700419051792551e+02
2.517169259077588208e+02
2.518428319236294897e+02
2.518531750082789529e+02
2.518685564250873199e+02
2.517745386819912312e+02
2.517999258006927050e+02
2.518132642466405002e+02
2.516203672118738837e+02
2.516753518864800299e+02
2.518442860308599336e+02
2.518614166091912523e+02
2.518850197076347968e+02
2.518999180819727997e+02
2.519081372736983440e+02
2.520072294526431733e+02
2.519193854405023671e+02
2.519165444536017731e+02
2.518943419293313752e+02
2.519685611559156655e+02
2.519334982483485703e+02
2.519946068557171941e+02
2.517667253455371963e+02
2.518678530256136980e+02
2.518260598922865086e+02
2.517814544060196056e+02
2.517717350437352763e+02
2.518189399956675629e+02
2.517337016739662658e+02
2.516296944133897284e+02
2.517414291085376590e+02
2.518560769979657437e+02
2.518022675607102201e+02
2.516301662512667292e+02
2.517179231165700912e+02
2.519112384561564397e+02
2.519224903578249268e+02
2.520347927523710041e+02
2.520317687571117915e+02
2.519480953436199684e+02
2.519783713999019028e+02
2.519255965201022889e+02
2.519407662945911568e+02
2.519872915011914358e+02
2.519414510197424875e+02
2.520146693026510150e+02
2.518885752986024045e+02
2.517768119694936217e+02
2.517718919080426474e+02
2.517294202743382527e+02
2.517578351231633746e+02
2.518723809262961879e+02
2.518065103667387916e+02
2.517532823233844965e+02
2.517468882354259279e+02
2.515283451313551950e+02
2.514781722071305978e+02
2.516265782914738054e+02
2.515993685589149891e+02
2.518633201451119419e+02
2.518657204180060205e+02
2.517735738420052769e+02
2.519235684886995443e+02
2.517778776508200451e+02
2.515898508793115980e+02
2.515790210173272783e+02
2.516899514716610895e+02
2.517600648372470573e+02
2.517347075974612949e+02
2.517920825853229871e+02
2.518322535425189415e+02
2.518437930287509801e+02
2.517198801855480781e+02
2.517149812883290565e+02
2.518664337771182318e+02
2.518348617228680837e+02
2.518310596308459992e+02
2.518266574706003951e+02
2.517831948528587986e+02
2.517172259418705664e+02
2.518218021468000813e+02
2.518134285806767991e+02
2.518213054098266639e+02
2.518404652645155579e+02
2.517053739719785597e+02
2.517828338159608279e+02
2.516938917536682538e+02
2.517814743252967276e+02
2.517628373516324984e+02
2.516348858749915962e+02
2.516697446099680917e+02
2.518154342028927886e+02
2.517502757574927728e+02
2.516092771543320623e+02
2.516351236613623428e+02
2.516493871087418199e+02
2.516867220588564749e+02
2.517030981945665076e+02
2.517709893157977206e+02
2.516520040037746924e+02
2.515630880855333658e+02
2.515480029679722804e+02
2.515400116029789217e+02
2.515922561320249713e+02
2.516736624827885009e+02
2.517286608518976720e+02
2.518459804143707572e+02
2.518933347608815154e+02
2.518404652645155579e+02
2.517156485841128699e+02
2.516282938392165818e+02
2.516525007407481098e+02
2.516846952724085611e+02
2.517238378969227313e+02
2.518190682260140818e+02
2.518714260459487946e+02
2.517871911578328934e+02
2.517282126681622856e+02
2.516696748924981648e+02
2.516891322913891429e+02
2.516544391354037771e+02
2.517859686121990705e+02
2.518496492962270281e+02
2.518585718874261943e+02
2.518248248971044916e+02
2.518232077007925511e+02
2.518446757017187849e+02
2.518890508713438692e+02
2.517058657291326824e+02
2.517500292564382960e+02
2.518567816423941963e+02
2.518645675898421530e+02
2.519059337036658803e+02
2.517838185752239042e+02
2.518520782030820158e+02
2.518222615351288880e+02
2.518025588801382355e+02
2.518259851949972870e+02
2.517806862688952947e+02
2.518669753324651879e+02
2.519281598820778925e+02
2.518327042161639895e+02
