2.501633606674710109e+02
2.502236086685343821e+02
2.502388716488415241e+02
2.503191077380830620e+02
2.503992952598106285e+02
2.498972797079814256e+02
2.499809193574773474e+02
2.500271939735383739e+02
2.499607778982024797e+02
2.499633468640723208e+02
2.499661829512688769e+02
2.499917972025112078e+02
2.499818881515715532e+02
2.499993468947465374e+02
2.499744828837856119e+02
2.499648358418028238e+02
2.499475854277008580e+02
2.499479778020899232e+02
2.499445589047258807e+02
2.499436578495327410e+02
2.499691442915277833e+02
2.499517162225721449e+02
2.499504713605038830e+02
2.499539145416249255e+02
2.499602973354328128e+02
2.499507832150671902e+02
2.499701373693789606e+02
2.499743461278910388e+02
2.499609338254841475e+02
2.499564847855872074e+02
2.499420679024968877e+02
2.499578408417005733e+02
2.499536103556164619e+02
2.499520383018752057e+02
2.499575289871372661e+02
2.499590997627860247e+02
2.499784539170978235e+02
2.499749391627983073e+02
2.499729862375002654e+02
2.499887872947383585e+02
2.499903146152430509e+02
2.499955880247847801e+02
2.499797869675466870e+02
2.499876945256743284e+02
2.499799083863315730e+02
2.499751180957444774e+02
2.499916374409521325e+02
2.499949144700517252e+02
2.499693986319298062e+02
2.499802662522238847e+02
2.499728098607390336e+02
2.500043531829614949e+02
2.500038317212327001e+02
2.499963881106725694e+02
2.499759347968344230e+02
2.499690586593321200e+02
2.499859512075417740e+02
2.499900436596388715e+02
2.499809679249913188e+02
2.499605785157767741e+02
2.499526466738921613e+02
2.499781573996441750e+02
2.500046905993742428e+02
2.500148642154557308e+02
2.500157039222101787e+02
2.500181118484284468e+02
2.500204392548209569e+02
2.499913498701457968e+02
2.500046330852129870e+02
2.499903619046645247e+02
2.499906213574364529e+02
2.500033447680006589e+02
2.499893777734606601e+02
2.499888729269340217e+02
2.499958743174986182e+02
2.500125240281384720e+02
2.500177194740393816e+02
2.500139171489335581e+02
2.500118837038097297e+02
2.500122735220138566e+02
2.499951381362344307e+02
2.499956135866342208e+02
2.499853837344839462e+02
2.500002556184945206e+02
2.499978745322181624e+02
2.499773343080918551e+02
2.499616073802171741e+02
2.499884575468804258e+02
2.499822600764810545e+02
2.499852814870861550e+02
2.499721938201672629e+02
2.499791428089405088e+02
2.500028552585836792e+02
2.499787235946095052e+02
2.499781778491237390e+02
2.499881725322590569e+02
2.500039416371853349e+02
2.499803339911249225e+02
2.499840212879082344e+02
2.499757085744667791e+02
2.499724571072166270e+02
2.499816350892619710e+02
2.499824236723175375e+02
2.499852584814216527e+02
2.499859793255761531e+02
2.499958372528169264e+02
2.499720608985501258e+02
2.499561371444346776e+02
2.499794431606715648e+02
2.499878300034764038e+02
2.499893292059467171e+02
2.499820849778123204e+02
2.499804209014130549e+02
2.499803544406044864e+02
2.499780589865237914e+02
2.499979997852804559e+02
2.499803250444776097e+02
2.499905012167440361e+02
2.499794891720005694e+02
2.500003092983783688e+02
2.499641814584568920e+02
2.500370761845360903e+02
2.500530638432751971e+02
2.500699244391730360e+02
2.500385242633074938e+02
2.500132308132758112e+02
2.499902213144925440e+02
2.499877226437087074e+02
2.500199497454039772e+02
2.500138097891658617e+02
2.500084315760414029e+02
2.499934139894889711e+02
2.500135017688799905e+02
2.499965874930983034e+02
2.500039787018670268e+02
2.500076135968589597e+02
2.500112293204637979e+02
2.500033575489253792e+02
2.500094962270710255e+02
2.500047110488538067e+02
2.500026047524590638e+02
2.500031262141878585e+02
2.499960264105028500e+02
2.499931967137686399e+02
2.500046675937097405e+02
2.499913779881802043e+02
2.499970539968507808e+02
2.500025012269687750e+02
2.500034904705425163e+02
2.500012589210854514e+02
2.499954499907977379e+02
2.500016512954745167e+02
2.499835752336352925e+02
2.499812682767223464e+02
2.499831419602870994e+02
2.499984279462587722e+02
2.499850194781292885e+02
2.499935763072329848e+02
2.499923876812335095e+02
2.499832250362978243e+02
2.499872701989734480e+02
2.500009739064640826e+02
2.500067598310872938e+02
2.500154610846404069e+02
2.499815775751007152e+02
2.499884140917363595e+02
2.499839535490071682e+02
2.499955778000449982e+02
2.500046381975828638e+02
2.499871705077605668e+02
2.499975690681172296e+02
2.499953733052493874e+02
2.500032680824523084e+02
2.500119885073924877e+02
2.499932542279298957e+02
2.500151952414061043e+02
2.500078078669147885e+02
2.500007438498190311e+02
2.499941309993660639e+02
2.500345660109200310e+02
2.499585578515776660e+02
2.500037997689208851e+02
2.500156745260833020e+02
2.500246761313674426e+02
2.500127898713727745e+02
2.500273294513404494e+02
2.500087600458068380e+02
2.500178345023619215e+02
2.500195918795116654e+02
2.500508169567084451e+02
2.500228740209811633e+02
2.500225097646264771e+02
2.500324801640048236e+02
2.500160362262530498e+02
2.500055967669372876e+02
2.500072416719494584e+02
2.499978604732009444e+02
2.499971038424572214e+02
2.500162956790249780e+02
2.499984317805361798e+02
2.500056683401157329e+02
2.499828722827753893e+02
2.499882913948590044e+02
2.500331946176969780e+02
2.500140424019958800e+02
2.499967408641950044e+02
2.500029715649986599e+02
2.499985940982801935e+02
2.499932158851557347e+02
2.499885649066481221e+02
2.499933155763685875e+02
2.499976662031451440e+02
2.499942549743359166e+02
2.500052210077503503e+02
2.499912016114190010e+02
2.499979218216396362e+02
2.499964558495736355e+02
2.500024871679515854e+02
2.499937424592544062e+02
2.500010889347866225e+02
2.499968878448293594e+02
2.500042023680497323e+02
2.500023248502075717e+02
2.500030980961534510e+02
2.499880191611623559e+02
2.500037831537187287e+02
2.499880741191386733e+02
2.499907913437353102e+02
2.499996881454366928e+02
2.499935277397190134e+02
2.500104509621480133e+02
2.500222745956115489e+02
2.500262341260914809e+02
2.500119450522484215e+02
2.500244358499826092e+02
2.499937475716243114e+02
2.500099307785116878e+02
2.499992727653831253e+02
2.500145114619332958e+02
2.500096227582258166e+02
2.499615268603914160e+02
2.500048950941698536e+02
2.500453390523711050e+02
2.500588957792274130e+02
2.500451626756099017e+02
2.500488474162082468e+02
2.500308646551195295e+02
2.500071969387129229e+02
2.499871922353325999e+02
2.500070652951882266e+02
2.499957644015459834e+02
2.500031032085233562e+02
2.500184032535121901e+02
2.500107679290811973e+02
2.500018749616572222e+02
2.500197132982965513e+02
2.499986056011124447e+02
2.500118146868162228e+02
2.500109238563628651e+02
2.500206603648187240e+02
2.500158866894337564e+02
2.500208814748164627e+02
2.500068058424162984e+02
2.500116919899388677e+02
2.500030431381771336e+02
2.500432647082881772e+02
2.500088865769616291e+02
2.500062358131735607e+02
2.500142468967914908e+02
2.500036872967832835e+02
2.500062856587799729e+02
2.500098144720966786e+02
2.500186639843765875e+02
2.500181386883703851e+02
2.500399979039283380e+02
2.500197695343653379e+02
2.500341263471094635e+02
2.500184019754197209e+02
2.500215460829021765e+02
2.499954538250751455e+02
2.500317107523363518e+02
2.499965619312488627e+02
2.500129419643770063e+02
2.500046637594323329e+02
2.500088367313551885e+02
2.500135477802089952e+02
2.500050114005848627e+02
2.499984918508824023e+02
2.500078781620007646e+02
2.500252065397435501e+02
2.500232881229422617e+02
2.500172593607492786e+02
2.500076902824073102e+02
2.499883259033557579e+02
2.499835688431729466e+02
2.499874516881045281e+02
2.500131311220629300e+02
2.500074730066869790e+02
2.500200149281200765e+02
2.500091677573055904e+02
2.499555850084865369e+02
2.499970143759841221e+02
2.500247029713093809e+02
2.500342017545653448e+02
2.500264999693257835e+02
2.500077235128115944e+02
2.500311458354634908e+02
2.500283659843356929e+02
2.500104982515694871e+02
2.500020577288807999e+02
2.499966501196294644e+02
2.500003284697654351e+02
2.499925908979366511e+02
2.499978349113515037e+02
2.499792706181877691e+02
2.499951943723032173e+02
2.499954269851332356e+02
2.500082948201468298e+02
2.500002645651418050e+02
2.500102081245782415e+02
2.499927723870677596e+02
2.499970041512443402e+02
2.499908207398621585e+02
2.499995219934152715e+02
2.499676348643177164e+02
2.500067828367517961e+02
2.499938932741661688e+02
2.500055584241630982e+02
2.500188569763399471e+02
2.499853965154086950e+02
2.499851345064518000e+02
2.499889202163554955e+02
2.499866592707715540e+02
2.499863576409480288e+02
2.499934612789104449e+02
2.499806228400237273e+02
2.500046190261957975e+02
2.499977965685773427e+02
2.500232715077401338e+02
2.500005713073352354e+02
2.500053999406965204e+02
2.499893419868714375e+02
2.499781369501646111e+02
2.499734041737387713e+02
2.499948122226539340e+02
2.499822766916832109e+02
2.499755935461442391e+02
2.499647310382200658e+02
2.499784833132246717e+02
2.499814957771824595e+02
2.499838653606265666e+02
2.499889483343899030e+02
2.500010020244984901e+02
2.499874964213410635e+02
2.499953094006257572e+02
2.500052389010449758e+02
2.499948160569313416e+02
2.500089939367292970e+02
2.500054548986728378e+02
2.499984854604200279e+02
2.499655055622584428e+02
2.500039493057401785e+02
2.500221800167685728e+02
2.500265447025623189e+02
2.500281998323142716e+02
2.500254353182961609e+02
2.500117022146786496e+02
2.500044477618044709e+02
2.500277000981575100e+02
2.500239297253635016e+02
2.500095409603075609e+02
2.500150763788061568e+02
2.500272796057340372e+02
2.500062204760638735e+02
2.500198909531502522e+02
2.500039965951616523e+02
2.500051928897159428e+02
2.500254749391627911e+02
2.500086923069058003e+02
2.500162867323776652e+02
2.499882236559579667e+02
2.499978272427966601e+02
2.500082743706672659e+02
2.499837273266395243e+02
2.500142571215312444e+02
2.500164349911044894e+02
2.499813705241201660e+02
2.499819316067156194e+02
2.499918176519907433e+02
2.500139580478926860e+02
2.500185604588863271e+02
2.500041691376454480e+02
2.499954129261160176e+02
2.500096074211161294e+02
2.500127975399276181e+02
2.499986273286844778e+02
2.499766658657287053e+02
2.499997686652624793e+02
2.500106158360769655e+02
2.499959573935093431e+02
2.500240166356516340e+02
2.499927647185129160e+02
2.500219729657880237e+02
2.500136896484734450e+02
2.499889432220199978e+02
2.499896372262325883e+02
2.500050459090816162e+02
2.500105608781006481e+02
2.500070998036850085e+02
2.500154968712296295e+02
2.500087664362691839e+02
2.500002006605182032e+02
2.500097671826752048e+02
2.500118415267581327e+02
2.499904679863397519e+02
2.499962091777264277e+02
2.499923621193840688e+02
2.500060875544467365e+02
2.500049308807590762e+02
2.500171468886116770e+02
2.499705131285658695e+02
2.500058766691887797e+02
2.500312749228032203e+02
2.500231104680885892e+02
2.500427854236109795e+02
2.500165870841087212e+02
2.500316353448804705e+02
2.500400030162982432e+02
2.500384552463139869e+02
2.500410881168074297e+02
2.500294140201631876e+02
2.500444060448661503e+02
2.500259618923948324e+02
2.500292785423610837e+02
2.500229852150262673e+02
2.500165564098893753e+02
2.500150111960900574e+02
2.500489854501952891e+02
2.500092840637205711e+02
2.500269434674137585e+02
2.500095217889204662e+02
2.500094361567248029e+02
2.499982758532545404e+02
2.500162573362507885e+02
2.500007706897609410e+02
2.500137177665078525e+02
2.500427342999120697e+02
2.500322590540070848e+02
2.500309630682399131e+02
2.500268770066051900e+02
2.500119693360053930e+02
2.500044030285679355e+02
2.500257458947669704e+02
2.500118747571624169e+02
2.500151057749330334e+02
2.500185348970368580e+02
2.500191675528107851e+02
2.500150265331997161e+02
2.500158918018036331e+02
2.500069656039753738e+02
2.500234760025357446e+02
2.499989276804155338e+02
2.500046011329011719e+02
2.500032591358049956e+02
2.499950192736344832e+02
2.499956672665180690e+02
2.499917690844768003e+02
2.499979946729105791e+02
2.499965747121735831e+02
2.500009496227071111e+02
2.499883744708697293e+02
2.499989072309359699e+02
2.499971945870227614e+02
2.500229609312692958e+02
2.500382187992065610e+02
2.500156758041757712e+02
2.500135695077810283e+02
2.500143529784666896e+02
2.500284094394797592e+02
2.500152438089200757e+02
2.499769099813909747e+02
2.500110721150896609e+02
2.500361585141408227e+02
2.500236229831700712e+02
2.500425131899143025e+02
2.500388386740557394e+02
2.500349072616101864e+02
2.500240038547268853e+02
2.500188787039119802e+02
2.500418933150651242e+02
2.500319855422179387e+02
2.500304927302100282e+02
2.500503082759043707e+02
2.500442667327866388e+02
2.500168375902333366e+02
2.500048554733031949e+02
2.500082475307253560e+02
2.500148437659761669e+02
2.500058971186683436e+02
2.500205645078832788e+02
2.500362722643708651e+02
2.500235488538066591e+02
2.500179111879102720e+02
2.500252321015930193e+02
2.500089351444755721e+02
2.500123706570417710e+02
2.500047238297785270e+02
2.500247221426964757e+02
2.500227423774564954e+02
2.500188378049528524e+02
2.500070192838592220e+02
2.499907095458170545e+02
2.500083293286435833e+02
2.500062639312079398e+02
2.499941194965338127e+02
2.500062230322488404e+02
2.500017752704443694e+02
2.500032067340136166e+02
2.500113609639884658e+02
2.500144066583505378e+02
2.500132257009059060e+02
2.500073285822375908e+02
2.500103934479867576e+02
2.500004882313245105e+02
2.500222733175190797e+02
2.499958014662276753e+02
2.499948646244453130e+02
2.500002824584364305e+02
2.500129036216028169e+02
2.500000255618494407e+02
2.499915875953456919e+02
2.500011694546123806e+02
2.500155594977607905e+02
2.500059853070489453e+02
2.500112830003476461e+02
2.499962321833909300e+02
2.500169564528332842e+02
2.500162867323776652e+02
2.500114427619067214e+02
2.500221927976932932e+02
2.499689640804891440e+02
2.500158930798961308e+02
2.500317542074804180e+02
2.500096751600171672e+02
2.500119629455430470e+02
2.500314193472526085e+02
2.500401640559497878e+02
2.500269945911126683e+02
2.500459614834052502e+02
2.500428378254023301e+02
2.500320826772458531e+02
2.500314794175988311e+02
2.500223998486738424e+02
2.500047736753849676e+02
2.500057718656060217e+02
2.500063546757735082e+02
2.500135311650068388e+02
2.499892780822478073e+02
2.500006134843868324e+02
2.500116792090141189e+02
2.500203255045909145e+02
2.500304070980143649e+02
2.500081171652931573e+02
2.500050382405267726e+02
2.500081465614200056e+02
2.500045500092022621e+02
2.500123297580826431e+02
2.500253471299155308e+02
2.500093364655119501e+02
2.500077030633320305e+02
2.500042777755056136e+02
2.500281014191938880e+02
2.500088546246498140e+02
2.500329620048669881e+02
2.500063712909756362e+02
2.499979652767837024e+02
2.499935443549211698e+02
2.500100253573546638e+02
2.500291468988364159e+02
2.500112484918508926e+02
2.500118313020183507e+02
2.499807774892128975e+02
2.500048708104128821e+02
2.499977991247622811e+02
2.500156400175865485e+02
2.500060108688983860e+02
2.500244895298664574e+02
2.499943380503466130e+02
2.500056517249136050e+02
2.500099346127890954e+02
2.499947368151980527e+02
2.500225762254350741e+02
2.500074372200977564e+02
2.500104867487372360e+02
2.500253113433263081e+02
2.500124243369256192e+02
2.500105289257888330e+02
2.500217262939408158e+02
2.500086424612993596e+02
2.500308045847733069e+02
2.499796962229811186e+02
2.500158483466595669e+02
2.500432161407742058e+02
2.500426333306067477e+02
2.500296913662297413e+02
2.500107934909306664e+02
2.500161819287949072e+02
2.500408593382548474e+02
2.500365023210159166e+02
2.500313413836117888e+02
2.500232996257745128e+02
2.500076455491707748e+02
2.500263402077667081e+02
2.500040029856240267e+02
2.499825131387906083e+02
2.500028181939019589e+02
2.500056133821394155e+02
2.500054612891351837e+02
2.500199689167910719e+02
2.500074832314267610e+02
2.499961836158769870e+02
2.500074397762826948e+02
2.500010505920124331e+02
2.500285104087851096e+02
2.500106529007586857e+02
2.499993468947465374e+02
2.500190282407312736e+02
2.500116945461238060e+02
2.500050561338213981e+02
2.500071969387129229e+02
2.499920068096766954e+02
2.500216623893171857e+02
2.500072340033946148e+02
2.499984765137727152e+02
2.500035633218134592e+02
2.500007349031717183e+02
2.500105123105867051e+02
2.499960852027566034e+02
2.500009074456555140e+02
2.500225084865340079e+02
2.500327255577595622e+02
2.500061489028854282e+02
2.500060530459499830e+02
2.500183061184842757e+02
2.500012205783112904e+02
2.500112740537003333e+02
2.500155352140037905e+02
2.500224931494243492e+02
2.500203612911801372e+02
2.500025191202634005e+02
2.500266955174740815e+02
2.499921269503691121e+02
2.500024334880677372e+02
2.499948595120754078e+02
2.499920873295024535e+02
2.500084852559252226e+02
2.500113814134680297e+02
2.500123796036890838e+02
2.500109852048015284e+02
2.500154278542361226e+02
2.499668935706836237e+02
2.500462004866976145e+02
2.500212521216334949e+02
2.500275454489683113e+02
2.500392847283286528e+02
2.500408580601623783e+02
2.500380615938324240e+02
2.500289385697633975e+02
2.500191151510194061e+02
2.500295814502770781e+02
2.500054638453201505e+02
2.499909268215373856e+02
2.499912310075458493e+02
2.500242556389439983e+02
2.500023069569129461e+02
2.500160643442874289e+02
2.500067266006830096e+02
2.500262622441258884e+02
2.500274176397210795e+02
2.500044835483936936e+02
2.500092278276517845e+02
2.499994286926647646e+02
2.499976840964397411e+02
2.499749762274799991e+02
2.499743486840759772e+02
2.499888780393038985e+02
2.499957759043782346e+02
2.500000485675139430e+02
2.500037486452219753e+02
2.500058677225414669e+02
2.500017024191734265e+02
2.499999616572258105e+02
2.499937833582135340e+02
2.500155479949285393e+02
2.500276949857876048e+02
2.500264194494999970e+02
2.500175418191857091e+02
2.500140206744238469e+02
2.499961836158769870e+02
2.500056006012146952e+02
2.500047059364839299e+02
2.500384616367763329e+02
2.500227692173984053e+02
2.500226784728328653e+02
2.500061846894746509e+02
2.500187751784217198e+02
2.500220125866546823e+02
2.500100573096664789e+02
2.499973454019345240e+02
2.499992114169444335e+02
2.500171059896525492e+02
2.500264475675344045e+02
2.500009790188339593e+02
2.500083421095683036e+02
2.499918521604875252e+02
2.500186639843765875e+02
2.500139593259851551e+02
2.500029306660395605e+02
2.500207817836036099e+02
2.500307125621152977e+02
2.499793191857017121e+02
2.500158240629025954e+02
2.500544953068444443e+02
2.500581071961718465e+02
2.500507811701192225e+02
2.500559037647491891e+02
2.500682897589006473e+02
2.500395914705220832e+02
2.500343691846792638e+02
2.500394879450317944e+02
2.500417284411361720e+02
2.500380820433119879e+02
2.500318820167276783e+02
2.500179316373898359e+02
2.500066933702787253e+02
2.500228957485531964e+02
2.500132090857037781e+02
2.500255145600294497e+02
2.500564418416801402e+02
2.500316839123944419e+02
2.500323127338909330e+02
2.500409449704505107e+02
2.500272310382200658e+02
2.500288542156602034e+02
2.500127234105642060e+02
2.500303099629864505e+02
2.500387977750966115e+02
2.500034776896177959e+02
2.500437388805954981e+02
2.500404222306292183e+02
2.500341749146234349e+02
2.500264731293838452e+02
2.500049538864235785e+02
2.500018276722357484e+02
2.500090437823357377e+02
2.500142507310688984e+02
2.500146162655160538e+02
2.500331396597206606e+02
2.500266162757407926e+02
2.500137752806691083e+02
2.499911952209566266e+02
2.500059060653156280e+02
2.500063355043864135e+02
2.500065272182573040e+02
2.500356332181345920e+02
2.500264705731989068e+02
2.500102950348663740e+02
2.499984126091490850e+02
2.500245841087094334e+02
2.500175469315555858e+02
2.500415712357620635e+02
2.500082897077769246e+02
2.500090565632604580e+02
2.500146443835504328e+02
2.500345864603995949e+02
2.500341314594793687e+02
2.500219397353837394e+02
2.500065770638637161e+02
2.499940619823725569e+02
2.500103653299523501e+02
2.499691417353428449e+02
2.500231820412670629e+02
2.500374915645896863e+02
2.500319574241835596e+02
2.500162483896034757e+02
2.500278266293122726e+02
2.500560622482157953e+02
2.500288912803419237e+02
2.500257190548250605e+02
2.499998415165333938e+02
2.500043634077012769e+02
2.500230797938692433e+02
2.500229187542176987e+02
2.500009636817243006e+02
2.500235143453099056e+02
2.500150367579394981e+02
2.500003719249095013e+02
2.500022852293409130e+02
2.500080852129813422e+02
2.500075599169751115e+02
2.500227180936995239e+02
2.500302179403284129e+02
2.500172964254309704e+02
2.500253586327478104e+02
2.500088865769616291e+02
2.499994938753808640e+02
2.500118134087237536e+02
2.500176581256006898e+02
2.500060824420768597e+02
2.500087165906627718e+02
2.500023299625774484e+02
2.499992318664239974e+02
2.499929794380483088e+02
2.500062524283756886e+02
2.500082002413038538e+02
2.500159442035950121e+02
2.500058638882640309e+02
2.500058025398253676e+02
2.499861480337825412e+02
2.499961708349522382e+02
2.500053194208707339e+02
2.500050318500644266e+02
2.499913038588167922e+02
2.499928260669516078e+02
2.500089287540131977e+02
2.499862835115846167e+02
2.500024743870268367e+02
2.499615741498128898e+02
2.500022571113065055e+02
2.499892857508026509e+02
2.499999322610989623e+02
2.499886556512136906e+02
2.499959126602728077e+02
2.499926522463753429e+02
2.499971549661561028e+02
2.499942447495961346e+02
2.499976649250526464e+02
2.499841631561726842e+02
2.499904718206171594e+02
2.499938677123167281e+02
2.499648102799533831e+02
2.500185809083658910e+02
2.500250889552361002e+02
2.500298396249565371e+02
2.500251298541951996e+02
2.500631083720169272e+02
2.500423291445982841e+02
2.500387747694321092e+02
2.500346414183759123e+02
2.500388859634772416e+02
2.500126134946115712e+02
2.500101851189137108e+02
2.500109570867671493e+02
2.500076225435062725e+02
2.500104905830146720e+02
2.500013100447843613e+02
2.500083088791640193e+02
2.500108024375779507e+02
2.499981275945277162e+02
2.500066678084292846e+02
2.500083932332672134e+02
2.499984394490910233e+02
2.500036438416392173e+02
2.500072736242612734e+02
2.500108842354962064e+02
2.500057181857221735e+02
2.500187649536819379e+02
2.500192352917118228e+02
2.500120102349645208e+02
2.499859946626858402e+02
2.500063035520745984e+02
2.499672846669802198e+02
2.499770684648575809e+02
2.499807059160344238e+02
2.500048235209913798e+02
2.500074512791149459e+02
2.500067099854808816e+02
2.500067777243819194e+02
2.500106937997177852e+02
2.500005828101674865e+02
2.499978374675364421e+02
2.499946422363550766e+02
2.500029792335535035e+02
2.499901216232796912e+02
2.499898877323572037e+02
2.500090744565550835e+02
2.500061770209198073e+02
2.499790610110222815e+02
2.499944454101143094e+02
2.499976662031451440e+02
2.500060172593607604e+02
2.500013100447843613e+02
2.500174958078566760e+02
