2.271527643053105976e+02
2.271155888692925657e+02
2.271565121007250525e+02
2.272128233392122354e+02
2.271666764648246044e+02
2.270497832157554399e+02
2.270128833529296628e+02
2.269894939251420851e+02
2.267747611699000458e+02
2.267511782284930462e+02
2.266604105428179423e+02
2.263157774838330454e+02
2.263246864589457061e+02
2.262773834019204457e+02
2.263566676464824639e+02
2.263721536351166037e+02
2.263597871350186210e+02
2.264014770723103993e+02
2.263759161277679937e+02
2.263482534783460665e+02
2.264442864491475689e+02
2.265408093278463753e+02
2.265129727611209205e+02
2.264263374485596785e+02
2.264074600725063817e+02
2.264440917107583857e+02
2.264871754360180205e+02
2.264833284342543607e+02
2.264513288751714697e+02
2.264254960317460359e+02
2.265265027924750143e+02
2.265431486380560386e+02
2.265506785224377779e+02
2.269552322163433189e+02
2.269327184989222133e+02
2.269476374191652042e+02
2.269305445326278630e+02
2.269024875073486101e+02
2.268780680482069272e+02
2.269045096021947927e+02
2.268386757789535579e+02
2.271449319028022842e+02
2.272151369292573122e+02
2.273138386733294283e+02
2.273073718890848625e+02
2.272674443954536514e+02
2.272370872525965240e+02
2.272814300411522765e+02
2.273271470213599912e+02
2.272020563883989723e+02
2.272092225161669603e+02
2.272391105722124109e+02
2.275826205173427468e+02
2.279704487556339529e+02
2.279787049284734337e+02
2.279092408877131106e+02
2.279531684793258819e+02
2.280219135802469168e+02
2.280005327748383195e+02
2.279130793160885844e+02
2.279506270821085536e+02
2.279887149715853525e+02
2.280027128649813903e+02
2.279831116500097892e+02
2.282282627865961331e+02
2.282124608073682168e+02
2.282180959729570873e+02
2.282411645110719292e+02
2.282103725749558976e+02
2.285667866941014950e+02
2.285826670585929890e+02
2.285301954732510410e+02
2.284734874093670385e+02
2.284932796884185677e+02
2.285595911718596938e+02
2.288465436997844336e+02
2.288458541544189586e+02
2.288253576327650478e+02
2.288457745443856481e+02
2.292562842935528238e+02
2.296223826670585879e+02
2.300340192043895797e+02
2.301295230746619609e+02
2.300931584362139972e+02
2.300498848716441387e+02
2.300532468645894539e+02
2.300194211738193246e+02
2.300179073584166076e+02
2.300133169214187774e+02
2.299957047325102906e+02
2.298712571036645045e+02
2.298845446306094402e+02
2.298985890652557202e+02
2.298966147364295409e+02
2.298802971291397341e+02
2.298668565059768696e+02
2.298954683519498303e+02
2.298601055751518629e+02
2.298039596805800500e+02
2.297577148246129752e+02
2.298151650989613870e+02
2.298545585929845174e+02
2.299050925925925810e+02
2.299754899078973267e+02
2.299174505193023776e+02
2.299416838134430634e+02
2.299566700960219521e+02
2.298608882030178222e+02
2.298553595923966384e+02
2.294939079952968939e+02
2.294962864981383461e+02
2.294490728493043434e+02
2.293625146972369180e+02
2.292926011659807841e+02
2.292168797766019850e+02
2.291616071428571502e+02
2.292040601116989933e+02
2.291697824808935877e+02
2.291511451597099835e+02
2.290839518420536933e+02
2.291280876445228216e+02
2.292235670194003490e+02
2.292594050068587137e+02
2.292252706741132613e+02
2.291844503233392061e+02
2.292457402508328528e+02
2.291210623652753213e+02
2.290342837546541261e+02
2.291260937193807479e+02
2.291687659220066564e+02
2.291737176660787725e+02
2.291817154125024558e+02
2.291759798157946193e+02
2.292149617871840235e+02
2.292774495394865824e+02
2.294082280031354060e+02
2.294003282382911948e+02
2.293590216539290623e+02
2.293145441407015426e+02
2.290306155692729817e+02
2.290942068391142357e+02
2.290578250538898715e+02
2.290042891436409889e+02
2.290912563688026751e+02
2.291197604350382164e+02
2.291256466784244594e+02
2.291742945326278686e+02
2.291757630315500762e+02
2.291675521751910765e+02
2.291619194591416715e+02
2.291468805114638485e+02
2.291490287575935838e+02
2.291465081814618827e+02
2.292157113462669145e+02
2.291990752988438089e+02
2.294580491867529020e+02
2.296467984518910441e+02
2.298116279639427830e+02
2.296990385557515140e+02
2.296946110131295313e+02
2.297897903194199500e+02
2.298517955124436583e+02
2.298530166078777199e+02
2.298197469625710312e+02
2.298072616598079492e+02
2.297874485596707927e+02
2.299095225847540576e+02
2.298759969625710369e+02
2.299102843915343897e+02
2.301532137958063799e+02
2.301531158142269362e+02
2.301114307760141173e+02
2.301398405349794132e+02
2.301665282676856634e+02
2.301461725945522119e+02
2.301722063002155494e+02
2.305418895747599493e+02
2.305595813737017465e+02
2.305786951303155092e+02
2.308784011855771041e+02
2.310777753282382889e+02
2.311075311091514664e+02
2.310820497746423712e+02
2.309958235351753899e+02
2.309439606603958453e+02
2.309335819615912158e+02
2.309271372232020383e+02
2.309233245149911795e+02
2.309250563394082008e+02
2.308589653145208729e+02
2.308774764844209244e+02
2.309103284832451379e+02
2.311774042230060786e+02
2.311294618361748121e+02
2.311351704879482725e+02
2.311636231138545838e+02
2.314902912502449510e+02
2.315123260826964611e+02
2.315131221830295942e+02
2.315057466196355165e+02
2.317930286106212066e+02
2.318312646972369180e+02
2.318644106407995196e+02
2.321587926219870610e+02
2.321806670096021890e+02
2.321705540858318670e+02
2.323454499804036857e+02
2.323623762982559242e+02
2.324046039094650098e+02
2.324207365765236091e+02
2.324195742700372307e+02
2.324350075935724078e+02
2.324037931118949700e+02
2.324477807172251573e+02
2.324731848912404359e+02
2.324787220752498627e+02
2.325194775132275140e+02
2.328138166274740399e+02
2.327725994513031651e+02
2.327994329316088624e+02
2.329165760337056668e+02
2.329438296100333048e+02
2.328551832255535885e+02
2.328347908093278420e+02
2.328201143934940092e+02
2.328456079757005739e+02
2.328908509700176239e+02
2.332295843131491324e+02
2.332465571722516131e+02
2.332631613756613831e+02
2.332878184401332646e+02
2.333033179012345784e+02
2.332464297961983277e+02
2.332082255535959234e+02
2.331945277287869942e+02
2.332227905153831102e+02
2.332092200666274664e+02
2.332302285420340979e+02
2.332497011561826241e+02
2.332668442582794341e+02
2.332975884283754624e+02
2.333910640799529688e+02
2.333898331863609599e+02
2.333720764746227587e+02
2.333591931216931243e+02
2.334043871252204667e+02
2.334506258573388209e+02
2.333126959631589159e+02
2.332199992651381422e+02
2.332512823339212105e+02
2.331837313834998895e+02
2.331535126396237558e+02
2.331455063198118864e+02
2.331635484029002612e+02
2.331692546051342276e+02
2.331448339212228120e+02
2.331222920340975975e+02
2.330670708406819642e+02
2.330761022927689510e+02
2.331757385361551940e+02
2.332062953164804924e+02
2.331686777385851599e+02
2.331750085733881974e+02
2.331725774054477824e+02
2.331811336468744003e+02
2.331854681069958986e+02
2.331901969429747226e+02
2.331775107779737368e+02
2.331436716147364336e+02
2.331447628845776876e+02
2.331913335292964859e+02
2.331983796296296418e+02
2.331503319126004214e+02
2.330792793454830587e+02
2.330736503037429088e+02
2.330560307662159403e+02
2.331178779639427887e+02
2.330922276112090969e+02
2.333681216931216795e+02
2.335084913286302140e+02
2.335638349990201732e+02
2.335452160493827023e+02
2.335256479031941979e+02
2.335339053008034398e+02
2.336069799627670136e+02
2.335825029394473802e+02
2.335233000195963200e+02
2.334795157260435019e+02
2.334909060846560749e+02
2.336037833137370114e+02
2.336163678228492984e+02
2.335450213109935191e+02
2.335777532823829006e+02
2.336387786596120009e+02
2.336521923378404892e+02
2.336553840877915036e+02
2.336593400940623155e+02
2.335963416127767971e+02
2.335364320007838614e+02
2.335498297570056820e+02
2.336120076425631851e+02
2.336299566431510755e+02
2.335827809621791005e+02
2.335602390750538859e+02
2.336002841465804352e+02
2.338925154320987758e+02
2.338887872330001869e+02
2.339123922202626034e+02
2.339655949931412806e+02
2.340207916911620600e+02
2.340082561728395092e+02
2.339810613854595260e+02
2.339949441504997196e+02
2.340421688222614023e+02
2.340865948951597204e+02
2.340524642367234947e+02
2.340063357338820254e+02
2.339950078385263623e+02
2.340487274642367197e+02
2.340942546051342390e+02
2.340357191847932654e+02
2.340334288653733097e+02
2.340271090534979521e+02
2.340558666470703599e+02
2.340641852831667507e+02
2.341055873995688899e+02
2.341369929453262841e+02
2.341531905251812589e+02
2.342031709288653758e+02
2.342620064177934580e+02
2.341991291887125328e+02
2.341927126200274358e+02
2.342420794140701616e+02
2.342147658240250792e+02
2.342129335684891203e+02
2.342366720556535427e+02
2.342499534587497578e+02
2.342568097197726900e+02
2.342904418969233689e+02
2.343015970997452371e+02
2.343150891632373032e+02
2.342707329022143767e+02
2.342340743190280250e+02
2.341983416617675857e+02
2.341915919557123402e+02
2.341765089163237406e+02
2.343395747599451227e+02
2.342960550166568794e+02
2.343290307172251516e+02
2.344040184695277276e+02
2.346570338526356920e+02
2.346631650499706154e+02
2.346903757593572379e+02
2.346907750342935515e+02
2.345763619439545380e+02
2.344953422006662720e+02
2.345345274838330454e+02
2.345247109543405770e+02
2.344862213403879991e+02
2.345468290711346242e+02
2.345906697040956317e+02
2.344953238291201387e+02
2.344511745541838081e+02
2.344774115716245433e+02
2.344712509798158067e+02
2.344874142661179803e+02
2.345086383009994222e+02
2.345139807466196373e+02
2.345235731432490809e+02
2.345267587693513747e+02
2.344851778365667201e+02
2.344806241426611848e+02
2.344745750048990658e+02
2.344816517244757961e+02
2.344255915637860141e+02
2.344258499902018400e+02
2.345200053889868741e+02
2.345679538996668612e+02
2.345151014109347329e+02
2.345739540466392441e+02
2.346284722222222285e+02
2.346092494611013137e+02
2.346109800607485738e+02
2.346411939055457481e+02
2.346383193709582713e+02
2.345626849402312359e+02
2.345353260337056724e+02
2.345579242602390764e+02
2.345883193709582599e+02
2.345747599451303245e+02
2.345744611013129486e+02
2.345011990495786733e+02
2.344319628159906017e+02
2.344777692043895740e+02
2.345387688614540593e+02
2.344779982363315582e+02
2.344576131687242935e+02
2.343919887811091485e+02
2.342942852243778304e+02
2.342912514697237043e+02
2.343576670585929946e+02
2.343939386145404740e+02
2.346933470507544541e+02
2.347900242504409221e+02
2.347843719380756511e+02
2.347395698608661689e+02
2.347431902802273100e+02
2.346845752498530260e+02
2.347083296590241162e+02
2.347114320007838444e+02
2.347268628747795276e+02
2.346615459043699730e+02
2.346055665784832343e+02
2.346197690084264025e+02
2.346142146776406037e+02
2.346424358220654653e+02
2.346452993337252622e+02
2.346358747305506540e+02
2.346297864001567746e+02
2.346197922790515520e+02
2.346424235743680242e+02
2.346227427493631126e+02
2.345794691847932540e+02
2.344396543699784559e+02
2.344717800803448995e+02
2.345462240348814476e+02
2.344978799235743736e+02
2.345104521849892194e+02
2.345596475112678831e+02
2.345375502155594631e+02
2.344484751616696201e+02
2.344514893200078518e+02
2.344896494708994794e+02
2.344984849598275503e+02
2.344751163531255997e+02
2.344927738585145960e+02
2.345326658338232448e+02
2.345533019792279106e+02
2.345146102782676962e+02
2.344779896629433722e+02
2.344818317656280726e+02
2.344113278953556687e+02
2.343812573486184476e+02
2.344189582108563457e+02
2.343524862825788659e+02
2.343328728199098521e+02
2.343478958455810357e+02
2.343224720752498627e+02
2.343043895747599379e+02
2.343367528904565802e+02
2.343437022339800251e+02
2.344376004311189376e+02
2.345129592886537466e+02
2.343922202625906266e+02
2.343572347148736128e+02
2.343795071526552931e+02
2.343580859298452026e+02
2.341189937291789249e+02
2.340478566529492355e+02
2.340885288065843497e+02
2.341107204095630152e+02
2.341086150303742954e+02
2.341117553399960798e+02
2.341549174505192923e+02
2.341604362629825573e+02
2.341433286792083095e+02
2.341132152655300729e+02
2.341622697432882489e+02
2.341421516754849961e+02
2.340807086517734774e+02
2.341445803938859456e+02
2.341647205075445868e+02
2.341430788261806697e+02
2.341795561434450406e+02
2.342531513325494927e+02
2.342918944738389087e+02
2.343090632961003337e+02
2.343141644620811235e+02
2.342773809523809518e+02
2.342185332157554285e+02
2.339221695571232544e+02
2.339187524495394825e+02
2.338945963158926133e+02
2.338379850088183503e+02
2.338058715461493193e+02
2.337790772584754109e+02
2.338328262786596099e+02
2.338229399372917783e+02
2.338268200078385348e+02
2.337853946208112745e+02
2.337511390358612573e+02
2.337896445718205030e+02
2.337589689888301052e+02
2.337062169312169431e+02
2.337193917793454716e+02
2.336849586027826717e+02
2.335980697628845917e+02
2.337832622966882354e+02
2.338945032333921290e+02
2.338337534293552835e+02
2.338961676954732525e+02
2.339774434156378504e+02
2.339656121399177096e+02
2.340267783656672407e+02
2.340574637468155856e+02
2.339819358710562369e+02
2.340019032921810833e+02
2.341178118263766521e+02
2.341157052224181996e+02
2.341254384675681024e+02
2.341327062512247608e+02
2.341417695473251115e+02
2.341399385165588853e+02
2.341026136586321797e+02
2.340571538800705582e+02
2.341350921026846947e+02
2.342643151087595470e+02
2.341823118753674180e+02
2.343685981285518380e+02
2.344636953752694524e+02
2.344995088673329349e+02
2.344701891044483659e+02
2.347933923672349579e+02
2.348628980501665637e+02
2.348065121007250582e+02
2.348342800803448824e+02
2.348770502645502631e+02
2.348897094846169011e+02
2.349837056633352859e+02
2.350088134430727109e+02
2.346279504703115890e+02
2.346099390064667887e+02
2.343346830295904510e+02
2.342008095728003241e+02
2.342073951597099608e+02
2.342864540466392214e+02
2.342888607191847825e+02
2.342844233784048527e+02
2.343634332745443771e+02
2.344554661473642909e+02
2.344393530766215861e+02
2.344213109935332113e+02
2.344498591514795294e+02
2.344429049088771251e+02
2.344838673329414007e+02
2.345963771310993593e+02
2.348439802567117454e+02
2.348478786988046352e+02
2.348648405349794359e+02
2.348997979129923692e+02
2.347480967078189167e+02
2.346882115912208633e+02
2.346913898687046753e+02
2.346825947971781261e+02
2.346078507740544694e+02
2.346709117185968978e+02
2.346101325200862107e+02
2.345551660787771766e+02
2.346108281893004062e+02
2.346105330197922854e+02
2.345801636292377168e+02
2.347791960611405102e+02
2.347271115030374347e+02
2.346959251910640774e+02
2.347703262786596099e+02
2.347922582304526884e+02
2.346404639427787515e+02
2.345879605134234680e+02
2.346256834215167544e+02
2.345994170096022060e+02
2.346539413090339110e+02
2.347002816970409640e+02
2.345473422496570777e+02
2.345172557809131888e+02
2.345987936018028677e+02
2.345399017734665961e+02
2.344598606212032053e+02
2.344529639427787515e+02
2.344164498824221141e+02
2.343538959925533902e+02
2.342843621399177039e+02
2.342614871154223124e+02
2.342591649519890211e+02
2.342731175289045780e+02
2.342739760924946211e+02
2.343623787477954181e+02
2.343779271996864679e+02
2.343215290025475213e+02
2.344402006172839492e+02
2.344509051048403023e+02
2.344255058299039831e+02
2.343876310503625291e+02
2.343144694297472199e+02
2.339712277091906856e+02
2.339356824417009477e+02
2.339347185479129791e+02
2.339033999608073771e+02
2.339635569762884586e+02
2.340773062414266121e+02
2.343251163531256225e+02
2.343040074466000533e+02
2.343111196844993174e+02
2.343509357240838824e+02
2.343684107387811082e+02
2.343769057417205488e+02
2.343549272486772566e+02
2.344093743876151166e+02
2.344301305604546428e+02
2.344307478444052606e+02
2.344200580540858425e+02
2.343630486968449986e+02
2.343776638741916543e+02
2.343634675680972066e+02
2.343985523221634253e+02
2.346818942288849712e+02
2.346332978150107920e+02
2.346734886341367883e+02
2.347168638545953456e+02
2.349775707916911642e+02
2.350362997256515882e+02
2.350601276210072399e+02
2.350767979619831465e+02
2.351169667352537829e+02
2.351224757495590723e+02
2.351627069860866186e+02
2.351481799921614595e+02
2.351173721340387885e+02
2.350459386635312455e+02
2.350504960317460359e+02
2.350763570448755502e+02
2.350708468058004996e+02
2.350611466294336651e+02
2.351380523711542310e+02
2.351493508720360524e+02
2.350855844601215097e+02
2.350815133254947966e+02
2.351470948461689261e+02
2.351815880364491420e+02
2.351456569664902929e+02
2.351070118067803207e+02
2.351264942190868226e+02
2.351773491083676220e+02
2.352243912894375910e+02
2.352541703409758895e+02
2.352417560748579319e+02
2.352629507152655322e+02
2.353209766313933073e+02
2.352729975014697175e+02
2.352883132471095564e+02
2.353494464040760477e+02
2.352987397119341608e+02
2.352037281990985775e+02
2.352443758573388095e+02
2.352902300117577852e+02
2.353191358024691340e+02
2.352701609347442684e+02
2.352411044973544847e+02
2.353012468155986596e+02
2.353612727807172291e+02
2.353948265726043587e+02
2.354598361258083514e+02
2.354495578581226596e+02
2.353262504899078920e+02
2.353047006662747265e+02
2.353733967764060253e+02
2.354087338330393777e+02
2.353831679894179842e+02
2.353930028904565859e+02
2.354458088379384719e+02
2.354627608759553254e+02
2.354786265432098844e+02
2.354386316872428040e+02
2.354382997746423598e+02
2.354678718400940625e+02
2.354454316088575467e+02
2.353868349500293959e+02
2.353830161179698166e+02
2.354257826278659707e+02
2.354380682931608817e+02
2.354270698608661689e+02
2.354408546443268619e+02
2.355187157064471819e+02
2.355557368214775522e+02
2.355422925240054894e+02
2.355543258867332952e+02
2.355765909758965222e+02
2.356014623750734813e+02
2.356742075739761049e+02
2.356892012051734184e+02
2.356951499118165714e+02
2.357435160689790337e+02
2.358188724769743203e+02
2.357922349598275389e+02
2.357657150205761241e+02
2.354490948951597034e+02
2.353598287771898754e+02
2.353640309621791005e+02
2.353380854399372879e+02
2.351619243582206593e+02
2.351065341465804295e+02
2.352127572016460988e+02
2.352623554771703027e+02
2.351761390358612687e+02
2.351385447285910288e+02
2.351850394375857434e+02
2.351820375269449244e+02
2.352008475406623518e+02
2.352086370762296781e+02
2.351824000587889429e+02
2.351902741034685391e+02
2.352424137762100713e+02
2.352157382912012622e+02
2.352514831961591142e+02
2.352771408975112593e+02
2.352889966686263108e+02
2.352741524593376425e+02
2.352797288359788297e+02
2.352721560846560749e+02
2.352554159318048335e+02
2.353009442974720855e+02
2.353592347638644071e+02
2.353285591808740094e+02
2.353346303644914883e+02
2.353902790025475156e+02
2.353985388496962514e+02
2.353837926219870553e+02
2.353424799137762022e+02
2.352260826964530622e+02
2.349238474916715518e+02
2.349485584460121572e+02
2.349186850872036132e+02
2.348772450029394463e+02
2.347802395649617893e+02
2.347325017146776531e+02
2.347193562610229378e+02
2.347231775426219826e+02
2.347965804428767456e+02
2.347734077993337394e+02
2.347478517538702647e+02
2.347330136684303454e+02
2.346669642857142719e+02
2.345012100725063817e+02
2.344418981481481410e+02
2.343864417989418030e+02
2.344066260043111924e+02
2.344935687340779964e+02
2.344642759161277752e+02
2.344427334411130630e+02
2.344483918773270545e+02
2.344708039388594898e+02
2.344485523221634367e+02
2.344440586419753174e+02
2.345280043601802902e+02
2.346362213403880048e+02
2.346796835194983259e+02
2.346221903782088987e+02
2.345880046051342447e+02
2.345333859984322942e+02
2.344990201842053636e+02
2.344845483049186612e+02
2.345522952184989265e+02
2.345127253576327746e+02
2.344899311679404263e+02
2.346088024201450253e+02
2.346177518126592076e+02
2.345974855477170422e+02
2.346770919067215289e+02
2.347654320987654444e+02
2.347097834607093887e+02
2.346979938271605022e+02
2.347722589653145349e+02
2.346906133646874366e+02
2.347067950225357720e+02
2.347713195669214201e+02
2.347875453164805037e+02
2.347062120321379552e+02
2.347486135606505968e+02
2.348532321673525303e+02
2.348463232412306354e+02
2.348005499216147314e+02
2.348143849206349216e+02
2.348833431314912730e+02
2.348412379972565134e+02
2.347717151675485070e+02
2.348026957182049728e+02
2.348119537526945066e+02
2.347537159514011478e+02
2.347712926219870724e+02
2.347862678816382527e+02
2.347691113070742688e+02
2.347404553693905598e+02
2.347043026161081798e+02
2.347157211444248617e+02
2.347682037526944896e+02
2.347717862041936030e+02
2.348115973446992086e+02
2.349016534391534492e+02
2.348615936703899649e+02
2.348311385459533653e+02
2.348733992259455192e+02
2.348355979325886835e+02
2.348445840681951893e+02
2.348683886929257199e+02
2.348562108073682282e+02
2.348923366157162320e+02
2.349154149519890211e+02
2.348706863609641289e+02
2.349170365471291291e+02
2.350487299137762136e+02
2.350071220360572113e+02
2.349798353909465050e+02
2.349316137566137570e+02
2.348627339310209550e+02
2.349035579561042653e+02
2.349294581618655684e+02
2.348669593866353011e+02
2.348597418185381116e+02
2.347766326180677936e+02
2.347803595923966213e+02
2.348703189300411509e+02
2.349014256319811977e+02
2.348310822065451759e+02
2.348730673133451035e+02
2.349078617969821607e+02
2.348943293160885730e+02
2.348705418381344430e+02
2.348430702527924723e+02
2.348178742896335507e+02
2.348573082010582027e+02
2.348724304330785912e+02
2.348654125024495443e+02
2.348677358906525683e+02
2.349558213305898562e+02
2.349439680090142986e+02
2.348745039682539755e+02
2.349057796884185905e+02
2.349068391142465089e+02
2.348725896531452122e+02
2.348928963354889277e+02
2.348462962962962877e+02
2.348071110131295427e+02
2.348750391926317889e+02
2.348935209680579987e+02
2.348851655888692846e+02
2.348614479227905179e+02
2.349040515383107959e+02
2.349934315598667354e+02
2.350232853223593850e+02
2.349182221242406570e+02
2.349331569664902872e+02
2.349809854497354422e+02
2.349548733588085554e+02
2.352479938271604851e+02
2.352751237017440644e+02
2.353061238487164530e+02
2.353678032529884376e+02
2.352674064275916237e+02
2.352562769449343421e+02
2.353388509210268467e+02
2.353167279051538401e+02
2.353014501273760573e+02
2.353290196942974717e+02
2.353036289927493669e+02
2.351491267391730275e+02
2.352180506564765778e+02
2.352601949833431263e+02
2.351838109935332284e+02
2.352078617969821721e+02
2.352352292768959501e+02
2.352753674309229837e+02
2.353120407113462704e+02
2.352321771506956622e+02
2.352524507642563094e+02
2.352522952184989151e+02
2.352704340583970293e+02
2.352611392808152004e+02
2.351912710660395760e+02
2.352290613364687317e+02
2.353063320595728101e+02
2.351998015873015788e+02
2.351414633548892823e+02
2.351853333823241314e+02
2.348398037918871353e+02
2.347861123358808584e+02
2.347948228982951093e+02
2.347334019204389506e+02
2.346715559474818633e+02
2.346967690574172138e+02
2.346546688222614137e+02
2.345854509602194753e+02
2.346045034783460608e+02
2.346511365863217691e+02
2.346152263374485472e+02
