2.477834962622196713e+02
2.480253737780333552e+02
2.481571017826337027e+02
2.485502443933295069e+02
2.484493387004025351e+02
2.484089562967222662e+02
2.482737349051178910e+02
2.482339275445658302e+02
2.481604657849338764e+02
2.480341431857389409e+02
2.480477573317998861e+02
2.480567280046003589e+02
2.480922512938470277e+02
2.481194364577343379e+02
2.480266532489936822e+02
2.479945370902817672e+02
2.478838269120184066e+02
2.476365727429557353e+02
2.476183151236342610e+02
2.476386572742955821e+02
2.476734473835537642e+02
2.476647786083956362e+02
2.475991805635422622e+02
2.475362420931570000e+02
2.475151523864289800e+02
2.475018688901667758e+02
2.473847613571017803e+02
2.472697958596894807e+02
2.473420931569867776e+02
2.472685020126509414e+02
2.473811817136285356e+02
2.473958596894767084e+02
2.473893473260494602e+02
2.473952558941920756e+02
2.473855232892466915e+02
2.474838556641748255e+02
2.475175100632547469e+02
2.475424238067855072e+02
2.475419637722829123e+02
2.475997412305922865e+02
2.476415756181713732e+02
2.476792984473835588e+02
2.476842869465209844e+02
2.476585825186888883e+02
2.476596751006325405e+02
2.476389304197814738e+02
2.477070442783208648e+02
2.476679413456009229e+02
2.477797872340425442e+02
2.477467078780908594e+02
2.477550172512938502e+02
2.477337406555491555e+02
2.475943789534215114e+02
2.475772570442783262e+02
2.476487780333524995e+02
2.476743962047153502e+02
2.475805635422656792e+02
2.475323174238067736e+02
2.476384272570442704e+02
2.477508338125359444e+02
2.477150373778033270e+02
2.476938039102932692e+02
2.477184588844163216e+02
2.477572455434157632e+02
2.477256756756756886e+02
2.476818573893041844e+02
2.476939189189189108e+02
2.477220385278895947e+02
2.477371334100057538e+02
2.476952846463484832e+02
2.475992955721679039e+02
2.474697096032202523e+02
2.475108970672800410e+02
2.475383985048878799e+02
2.475325330649798730e+02
2.475300316273720398e+02
2.475352501437607771e+02
2.475130391029327086e+02
2.475302472685451391e+02
2.475921506612995984e+02
2.475817423806785484e+02
2.476079787234042442e+02
2.476234042553191443e+02
2.476665324899367420e+02
2.476731167337550232e+02
2.477030189764232375e+02
2.476676969522714273e+02
2.476885278895917111e+02
2.476840713053479135e+02
2.476992236917768935e+02
2.476656555491661891e+02
2.475800747556066597e+02
2.475718660149511265e+02
2.475813973548016236e+02
2.476692208165612499e+02
2.474931569867740109e+02
2.475592438182863759e+02
2.475276164462334805e+02
2.475156267970097872e+02
2.475245112133410146e+02
2.474406124209315578e+02
2.474289965497412425e+02
2.474173231742380779e+02
2.474043271995399778e+02
2.473446952271420400e+02
2.473669062679701085e+02
2.472811673375503290e+02
2.472847182288671775e+02
2.472496693502012590e+02
2.472495255894191928e+02
2.473719378953421426e+02
2.472507331799884867e+02
2.472241949396204745e+02
2.473042696952271342e+02
2.473102070155261742e+02
2.474012363427256957e+02
2.473694077055779132e+02
2.473850632547440966e+02
2.474362420931569773e+02
2.474563973548016236e+02
2.474576049453708890e+02
2.475394048303622867e+02
2.475123490511788305e+02
2.474881684876365853e+02
2.475403248993674481e+02
2.475555347901092489e+02
2.476195945945945880e+02
2.475244105807935568e+02
2.474911443358251972e+02
2.474855951696377190e+02
2.473641460609545675e+02
2.472994105807935625e+02
2.473434157561817130e+02
2.473561098332374968e+02
2.473449108683151110e+02
2.474112852213916085e+02
2.474916762507187968e+02
2.475723116733755091e+02
2.475504887866590025e+02
2.475305635422656678e+02
2.475157561817136411e+02
2.474598763657274390e+02
2.474796434732604951e+02
2.475481454859114478e+02
2.474720816561242032e+02
2.473327918343875922e+02
2.473065554916618680e+02
2.471997987349051300e+02
2.471683007475560601e+02
2.471543128234617654e+02
2.471520845313398524e+02
2.471991661874640727e+02
2.470335968947671006e+02
2.470420931569867662e+02
2.470017107533064973e+02
2.469060379528464750e+02
2.467781052328924716e+02
2.468354226566992509e+02
2.468470097757331700e+02
2.467648361127084513e+02
2.467523720529039792e+02
2.469979298447383655e+02
2.471140166762507135e+02
2.470934445083381377e+02
2.470992380678550830e+02
2.471448964922369100e+02
2.471469666474985729e+02
2.471877803335250121e+02
2.470969810235767739e+02
2.470203133985048964e+02
2.470474985623921782e+02
2.471180994824611901e+02
2.470531771132835104e+02
2.468538959171937961e+02
2.467656267970097872e+02
2.467676106958021762e+02
2.468648936170212664e+02
2.468528033352501438e+02
2.467837694077055914e+02
2.467121621621621728e+02
2.467403536515238613e+02
2.467519120184013843e+02
2.466300460034502464e+02
2.466650086256469194e+02
2.466659143185738969e+02
2.466867308798159968e+02
2.466495112133410146e+02
2.464828205865439941e+02
2.463943789534214943e+02
2.462138729154686700e+02
2.461158568142610648e+02
2.461325330649798673e+02
2.462064261069580198e+02
2.462632403680275957e+02
2.462170644048303529e+02
2.462385566417481186e+02
2.461232892466935027e+02
2.460320586543990657e+02
2.460372340425531945e+02
2.461220385278896003e+02
2.460253162737205344e+02
2.460030189764232205e+02
2.459974266820011621e+02
2.458369177688326488e+02
2.457486342725704560e+02
2.458631253594019483e+02
2.458510494537090381e+02
2.458095025876940838e+02
2.458797441058079301e+02
2.459221104082806164e+02
2.459981886141460734e+02
2.459942208165612385e+02
2.459607533064979918e+02
2.458901380103507677e+02
2.459490368027602187e+02
2.459447383553766429e+02
2.459443070730304726e+02
2.458435595169637793e+02
2.458507044278320848e+02
2.458335681426106873e+02
2.457886141460609508e+02
2.457233036227717093e+02
2.457549597469810294e+02
2.457840138010350870e+02
2.458218803910293389e+02
2.458996118458884439e+02
2.458998993674525479e+02
2.458660005750431310e+02
2.459455721679125872e+02
2.459592869465209901e+02
2.460080793559517076e+02
2.459946520989074088e+02
2.460824611845888512e+02
2.460561960897067308e+02
2.461237636572742815e+02
2.462249856239217820e+02
2.462474266820011621e+02
2.462404830362277153e+02
2.462466647498562509e+02
2.461828062104657988e+02
2.461363283496262113e+02
2.461571305347900989e+02
2.462044134560092061e+02
2.461975848188614009e+02
2.461891029327199476e+02
2.461450115008625517e+02
2.461287377803335232e+02
2.461037809085681545e+02
2.461308654399080069e+02
2.461588556641748085e+02
2.462980879815986270e+02
2.463663743530764805e+02
2.464177257044278235e+02
2.464634991374353206e+02
2.464201121334100151e+02
2.462799022426682143e+02
2.462395342150661293e+02
2.464368602645198507e+02
2.464138010350776256e+02
2.464084100057504259e+02
2.464020557791834278e+02
2.465979010925819352e+02
2.466123634272570371e+02
2.463694652098907341e+02
2.462340569292696841e+02
2.462852788959172017e+02
2.462078637147785969e+02
2.461766244968372632e+02
2.461691345600920044e+02
2.461461472110408408e+02
2.460424238067855072e+02
2.460190339275445695e+02
2.459575905692927051e+02
2.459642179413455949e+02
2.459874928119608910e+02
2.459194508338125331e+02
2.457102788959171846e+02
2.457960897067279973e+02
2.458730017251293987e+02
2.458464922369177827e+02
2.458559085681426097e+02
2.458829212190914291e+02
2.457620040253019056e+02
2.458377228292121970e+02
2.458123202990224172e+02
2.458808079355951577e+02
2.458268113858539436e+02
2.457434013801035064e+02
2.458831368602645284e+02
2.461402673950546216e+02
2.461302328924669212e+02
2.459582087406555502e+02
2.459591000575043154e+02
2.459626221966647392e+02
2.459036802760207081e+02
2.458318717653824024e+02
2.458559516963772182e+02
2.458461903392754380e+02
2.458835537665324864e+02
2.457571449108683055e+02
2.458480736055204261e+02
2.458710178263369812e+02
2.458226854514088586e+02
2.458908711903392827e+02
2.459972110408280628e+02
2.460124496837262882e+02
2.460668056354226678e+02
2.460353220241518102e+02
2.460460465784933888e+02
2.461472110408280685e+02
2.461433294997124790e+02
2.460237636572742872e+02
2.458346319723979434e+02
2.457069148936170109e+02
2.457265957446808500e+02
2.458642179413456006e+02
2.458877372052903922e+02
2.458825905692926881e+02
2.459714347326049335e+02
2.460784502587694078e+02
2.461049166187464152e+02
2.460899942495687185e+02
2.460685020126509528e+02
2.460838844163312160e+02
2.460745974698102430e+02
2.461261788384128693e+02
2.461833812535940069e+02
2.462601495112133421e+02
2.462871765382403737e+02
2.462948102357676703e+02
2.463479298447383599e+02
2.463693070730304839e+02
2.463702415181138576e+02
2.464166906267970205e+02
2.463142898217366223e+02
2.462952702702702652e+02
2.463508625646923633e+02
2.462750862564692227e+02
2.462544134560091891e+02
2.461839275445658473e+02
2.462300603795284530e+02
2.463503450258769476e+02
2.464528895917193836e+02
2.463696377228292249e+02
2.463451408855664226e+02
2.461820155261644629e+02
2.461123490511788248e+02
2.461169637722829293e+02
2.462736198964922494e+02
2.463040828062104595e+02
2.462865727429557126e+02
2.462975560667049990e+02
2.461863139735480104e+02
2.461476135710178141e+02
2.461125215641173156e+02
2.461367596319724100e+02
2.462083525014376164e+02
2.461663887291546757e+02
2.460599626221966787e+02
2.459929700977573361e+02
2.460875503162737346e+02
2.459858251868890306e+02
2.459508194364577207e+02
2.457920931569867662e+02
2.457621765382403680e+02
2.457267970097757370e+02
2.459146492236917823e+02
2.461153967797584698e+02
2.460560235767682684e+02
2.459091000575043040e+02
2.459773289246693366e+02
2.459670644048303529e+02
2.459214347326049506e+02
2.458788384128809525e+02
2.457830074755606802e+02
2.458195802185163927e+02
2.458832806210465662e+02
2.458908568142610704e+02
2.458198821161587091e+02
2.459008050603795255e+02
2.459199683726279488e+02
2.459638297872340331e+02
2.460103507763082291e+02
2.461095888441633122e+02
2.461749856239217991e+02
2.462472541690626713e+02
2.461915899942495685e+02
2.462823030477285897e+02
2.462509344450833737e+02
2.462015957446808443e+02
2.462835825186888883e+02
2.463618171362852252e+02
2.464441633122484063e+02
2.464253881541115447e+02
2.463340281771132823e+02
2.463243962047153559e+02
2.462343156986773920e+02
2.463116589994249637e+02
2.463075761932144871e+02
2.462596319723979263e+02
2.463018976423231834e+02
2.462154542840713134e+02
2.463100632547441080e+02
2.462894192064404706e+02
2.462792553191489446e+02
2.463178407130534708e+02
2.463214491086831401e+02
2.462927257044278235e+02
2.463218085106383057e+02
2.463571736630247244e+02
2.463534071305347766e+02
2.463399798734905062e+02
2.463577487061529609e+02
2.463149798734905005e+02
2.462210897067280087e+02
2.462136428982173584e+02
2.462136285221391745e+02
2.462787665324899251e+02
2.464077918343875808e+02
2.463823461759631925e+02
2.463193214491086849e+02
2.463795572167912553e+02
2.464526020701552511e+02
2.464187751581368673e+02
2.463550028752156322e+02
2.463753737780333495e+02
2.463815554916618851e+02
2.463393760782058735e+02
2.463780189764232205e+02
2.464102070155261686e+02
2.464679269695227219e+02
2.464108683151236221e+02
2.464673806785508816e+02
2.464721391604370240e+02
2.464582518688901587e+02
2.464353651523864244e+02
2.463338987924094283e+02
2.462927975848188566e+02
2.463651236342725781e+02
2.463445945945945823e+02
2.463626940770557781e+02
2.463970960322024268e+02
2.464483179988499160e+02
2.465242955721679152e+02
2.466475416906268094e+02
2.465601782633697496e+02
2.465029183438757912e+02
2.465853076480736092e+02
2.465408999424956846e+02
2.466360408280621073e+02
2.464998993674525707e+02
2.464785796434732674e+02
2.466020557791834449e+02
2.466011357101782551e+02
2.465490943070730339e+02
2.465181426106958043e+02
2.465388297872340502e+02
2.465826768257619221e+02
2.464611702127659498e+02
2.465243387004025237e+02
2.465188470385278947e+02
2.464752300172513060e+02
2.465340425531914832e+02
2.464231311098332355e+02
2.464180707303047768e+02
2.464071449108683112e+02
2.464344450833812630e+02
2.464343732029902299e+02
2.464798878665899906e+02
2.465337406555491668e+02
2.465473116733755035e+02
2.464873778033352494e+02
2.464775589419206483e+02
2.464864289821736634e+02
2.465251006325474350e+02
2.465183726279470875e+02
2.464812823461759592e+02
2.463952702702702595e+02
2.463561817136285299e+02
2.464351495112133534e+02
2.463658999424956733e+02
2.463916331224841940e+02
2.463789390454284103e+02
2.463485623921794172e+02
2.463772714203565215e+02
2.464508050603795368e+02
2.464557360552041416e+02
2.464409143185739026e+02
2.463932576193214459e+02
2.462980879815986270e+02
2.462861845888441508e+02
2.462927400805060358e+02
2.463067998849913636e+02
2.461520701552616401e+02
2.462120184013801065e+02
2.463857820586543994e+02
2.465488355376653260e+02
2.465305204140310593e+02
2.465239936745255989e+02
2.464579212190914177e+02
2.464453852788959125e+02
2.462592581943645769e+02
2.463156986774008033e+02
2.463345600920069103e+02
2.463200115008625630e+02
2.462550172512938502e+02
2.463076624496837326e+02
2.462971822886716495e+02
2.462912305922944256e+02
2.463489217941345544e+02
2.464223979298447489e+02
2.464411155836687612e+02
2.464177688326624605e+02
2.464005175388154214e+02
2.464129815986198935e+02
2.463205865439907996e+02
2.462637004025301906e+02
2.463077630822311619e+02
2.463510782058654343e+02
2.463063829787234056e+02
2.463423375503162731e+02
2.463902242668200131e+02
2.464228723404255277e+02
2.464193502012651038e+02
2.464597326049453727e+02
2.464713628522139288e+02
2.464172656699252570e+02
2.464326336975273080e+02
2.464585106382978665e+02
2.463795859689476799e+02
2.463847469810235680e+02
2.463824899367452588e+02
2.464392898217366223e+02
2.464482317423806705e+02
2.465946664749856154e+02
2.466320874065554847e+02
2.467369752731454753e+02
2.467757619321449170e+02
2.467508625646923406e+02
2.467016388729154812e+02
2.465330362277170764e+02
2.465771707878090808e+02
2.465661443358251859e+02
2.465675675675675791e+02
2.466078062104657818e+02
2.466751006325474407e+02
2.464818142610695872e+02
2.465093732029902185e+02
2.464423519263944797e+02
2.464508913168487538e+02
2.465182001150086251e+02
2.465659718228867234e+02
2.466238930419781354e+02
2.465949252443933233e+02
2.465780477285796337e+02
2.465999424956871735e+02
2.466246693502012590e+02
2.466335250143760902e+02
2.466740368027602130e+02
2.466366877515813769e+02
2.466265094882116102e+02
2.466220097757331757e+02
2.466249281196089669e+02
2.466209603220241604e+02
2.465826193214491013e+02
2.464917481311098300e+02
2.464743243243243285e+02
2.465902530189764263e+02
2.466934301322599197e+02
2.467418775158136839e+02
2.467807935595169511e+02
2.468465353651523913e+02
2.470477142035652776e+02
2.470154255319149001e+02
2.470434588844163386e+02
2.470005175388154157e+02
2.470103220241518045e+02
2.469963484761357222e+02
2.469677832087406557e+02
2.468301610120759051e+02
2.468741230592294471e+02
2.467711903392754493e+02
2.467832662449683596e+02
2.466511213341000541e+02
2.466416762507188025e+02
2.466022857964347281e+02
2.466978004600345002e+02
2.467480592294422195e+02
2.467167050028752158e+02
2.467190483036227704e+02
2.467382834962622269e+02
2.467181282346176090e+02
2.467501006325474293e+02
2.468146779758481841e+02
2.467828205865439770e+02
2.467758769407705586e+02
2.468734330074755690e+02
2.468894623346751018e+02
2.469041690626796992e+02
2.469277745830937363e+02
2.468914318573893070e+02
2.468567567567567664e+02
2.467368890166762583e+02
2.466218228867165010e+02
2.465645917193789671e+02
2.465841863139735608e+02
2.465900086256469308e+02
2.466332231167337454e+02
2.465589850488786681e+02
2.465226566992524511e+02
2.463669781483611132e+02
2.463622627947096078e+02
2.464494393329499644e+02
2.465368171362852081e+02
2.465793847038527815e+02
2.466396923519263851e+02
2.466563686026451876e+02
2.466523145485911357e+02
2.466501150086256473e+02
2.468462334675100749e+02
2.469682144910868260e+02
2.468996693502012647e+02
2.468087981598619933e+02
2.467360839562967101e+02
2.467642466935020025e+02
2.468092006900517674e+02
2.467726135710178141e+02
2.466620759056929160e+02
2.466127515813685989e+02
2.466493962047153445e+02
2.467904255319149058e+02
2.468339419206440368e+02
2.467902673950546273e+02
2.466589275445658416e+02
2.465567423806785428e+02
2.465211040828062039e+02
2.465233898792409377e+02
2.465493530764807417e+02
2.464757044278320848e+02
2.464977429557216908e+02
2.464970529039677842e+02
2.464908711903392771e+02
2.465494393329499587e+02
2.466040828062104708e+02
2.466573461759631982e+02
2.467559948246118324e+02
2.467649079930994844e+02
2.468516101207590623e+02
2.468745830937320420e+02
2.468315411155836614e+02
2.468600345025876948e+02
2.467355520414031105e+02
2.465926250718803772e+02
2.465217222541690489e+02
2.465309373202990173e+02
2.464288671650373885e+02
2.463336975273145413e+02
2.463008481886141396e+02
2.462826624496837269e+02
2.462896348476135699e+02
2.462514519838987894e+02
2.463819723979298431e+02
2.464496837262794600e+02
2.464963916043703307e+02
2.465380534790109266e+02
2.464665899942495741e+02
2.464714491086831458e+02
2.465052185163887373e+02
2.465040971822886604e+02
2.464903536515238613e+02
2.465369033927544535e+02
2.466095169637722790e+02
2.466582374928119634e+02
2.468085681426106817e+02
2.467109545715928789e+02
2.467145773433007605e+02
2.468201552616446293e+02
2.467990080506037884e+02
2.467948533640023072e+02
2.468005894192064318e+02
2.467386572742955764e+02
2.467552328924669212e+02
2.467638729154686530e+02
2.467963197239793089e+02
2.468084675100632523e+02
2.467867308798159911e+02
2.467793847038527986e+02
2.468413168487636540e+02
2.468868602645198393e+02
2.468404399079931011e+02
2.467978435882691315e+02
2.468053479010925741e+02
2.468146923519263964e+02
2.469255175388153987e+02
2.470104226566992622e+02
2.469315554916618680e+02
2.468752731454859202e+02
2.468765382403680348e+02
2.469181857389304184e+02
2.469187607820586550e+02
2.469263369752731592e+02
2.468024726854514199e+02
2.468243818286371436e+02
2.468721966647498505e+02
2.468788959171938018e+02
2.469167337550316290e+02
2.468901811385854046e+02
2.468557504312823596e+02
2.467779758481886176e+02
2.468221966647498675e+02
2.468195802185163927e+02
2.468420069005175321e+02
2.468778177113283618e+02
2.468300603795284758e+02
2.468441776883266243e+02
2.468967941345600821e+02
2.468655117883841399e+02
2.467871621621621614e+02
2.466955146635997664e+02
2.467244249568717578e+02
2.467265382403680292e+02
2.467337262794709716e+02
2.468089994249568804e+02
2.468485336400229926e+02
2.469392898217366223e+02
2.470229873490511920e+02
2.469463628522139231e+02
2.469456871765382289e+02
2.469958453133985188e+02
2.468800460034502464e+02
2.468975273145485971e+02
2.468787809085681317e+02
2.468212909718228900e+02
2.467877659574468225e+02
2.468522570442783319e+02
2.467108108108108127e+02
2.467119608970672857e+02
2.467484042553191443e+02
2.467353076480736149e+02
2.466807791834387444e+02
2.467552472685451335e+02
2.467595457159286809e+02
2.466998418631397385e+02
2.466571017826337027e+02
2.466317855089131683e+02
2.466149367452559034e+02
2.466481598619896545e+02
2.466025301897642237e+02
2.466149223691776911e+02
2.467986198964922266e+02
2.469168056354226621e+02
2.469496262219666392e+02
2.470905836687751673e+02
2.472309229442208220e+02
2.471285077630822400e+02
2.470692064404830433e+02
2.470282633697527217e+02
2.469761213341000712e+02
2.468797441058079301e+02
2.468837262794709488e+02
2.469508194364577207e+02
2.470024583093731962e+02
2.469500431282346256e+02
2.469540971822886775e+02
2.470010063254744068e+02
2.469702990224266728e+02
2.470394623346751075e+02
2.471080362277170650e+02
2.471017395054629162e+02
2.470694077055779303e+02
2.468976854514088473e+02
2.468427688326624434e+02
2.468504887866589854e+02
2.469218516388729086e+02
2.468964203565267326e+02
2.468493674525589370e+02
2.469247124784358789e+02
2.469917768832662546e+02
2.469922944220816703e+02
2.468227573317998917e+02
2.468691201840138092e+02
2.468536515238643005e+02
2.468330793559516962e+02
2.467358108108108183e+02
2.466736774008050475e+02
2.467014951121334150e+02
2.467881828637147805e+02
2.468158999424956903e+02
2.468070874065554960e+02
2.467621765382403680e+02
2.467769551466359985e+02
2.467865727429557126e+02
2.468282633697527331e+02
2.468211903392754323e+02
2.468473691776883356e+02
2.467873490511788361e+02
2.467085250143760788e+02
2.468066561242093258e+02
2.468750000000000000e+02
2.467968660149511209e+02
2.468216791259344518e+02
2.468382978723404335e+02
2.468768113858539266e+02
2.468420931569867776e+02
2.467310523289246760e+02
2.467509631972397983e+02
2.468367452558941864e+02
2.467994393329499587e+02
2.467811673375503290e+02
2.468140166762507306e+02
2.468012794709603099e+02
2.467853939045428433e+02
2.468842581943645769e+02
2.469205865439907939e+02
2.468385422656699291e+02
2.468249281196089839e+02
2.468234473835537699e+02
2.468339706728004614e+02
2.468638010350776426e+02
2.468917912593444441e+02
2.469435595169637736e+02
2.468991949396204575e+02
2.469033640023001794e+02
2.469243099482461048e+02
2.469739649223691913e+02
2.470440626797009713e+02
2.469749999999999943e+02
2.470265957446808613e+02
2.470306929269695217e+02
2.469643329499712365e+02
2.470101495112133421e+02
2.470792696952271399e+02
2.471006612995974763e+02
2.470429413456009229e+02
2.470129672225417039e+02
2.469608395629672088e+02
2.469513225991949525e+02
2.469459315698677528e+02
2.469291978148361011e+02
2.468648648648648702e+02
2.467871477860839491e+02
2.468241949396204689e+02
2.468464347326049335e+02
2.468619465209890791e+02
2.468769838987924174e+02
2.468269982748706184e+02
2.468092006900517674e+02
2.467225129384703735e+02
2.467524151811385877e+02
2.467859114433582590e+02
2.467250718803910274e+02
2.467036083956296864e+02
2.468782346175963198e+02
2.469381684876365739e+02
2.469563829787234113e+02
2.469905405405405361e+02
2.470221822886716438e+02
2.470901523864289686e+02
2.471161587119033811e+02
2.471510638297872333e+02
2.471492668200114906e+02
2.471463628522139118e+02
2.471700258769407696e+02
2.472071449108683225e+02
2.471610120759056883e+02
2.470249281196089726e+02
2.469668343875790697e+02
2.469308079355951691e+02
2.469312104657849432e+02
2.469224841863139659e+02
2.469949827487061498e+02
2.470660293271995442e+02
2.470728004600345002e+02
2.470557216791259236e+02
2.470998993674525650e+02
2.470519982748706127e+02
2.470676969522714330e+02
2.470554054054053950e+02
2.471455434157561797e+02
2.472013801035077734e+02
2.472368315123634375e+02
2.472199683726279602e+02
2.472057360552041416e+02
2.471273433007475546e+02
2.469920500287521463e+02
2.469939045428407098e+02
2.470437751581368673e+02
2.470557791834387444e+02
2.469326193214490957e+02
