2.444529534441513761e+02
2.455990921916211676e+02
2.436328896522112473e+02
2.441051953628166586e+02
2.440739434459915458e+02
2.443057106054100416e+02
2.433557320738514420e+02
2.443096669324664276e+02
2.444379868735815364e+02
2.443684904618781957e+02
2.446847819419738812e+02
2.441587437894866071e+02
2.442767588787339719e+02
2.442773415935717480e+02
2.444729804330491447e+02
2.440538244494878199e+02
2.447842114948169012e+02
2.440969453474820625e+02
2.444953076120959281e+02
2.445629025332760875e+02
2.442835061031711916e+02
2.441625467705330266e+02
2.439747285775624164e+02
2.440545605103355342e+02
2.433044224989265842e+02
2.435694350732993883e+02
2.431884315770103626e+02
2.431353738575722332e+02
2.427153898055572654e+02
2.428931791694780031e+02
2.422045942464577024e+02
2.419197386983990725e+02
2.419633196344231010e+02
2.414528000981414380e+02
2.405671655523523214e+02
2.404280807213396258e+02
2.395448997117094905e+02
2.389347052689689122e+02
2.394587805925289956e+02
2.387017420106728878e+02
2.372227504140342376e+02
2.377120775317426364e+02
2.366409863215359053e+02
2.369095871925412382e+02
2.365741274612034601e+02
2.361086609826412257e+02
2.343049745445623557e+02
2.364163957553824389e+02
2.355250567380236646e+02
2.342778629700055149e+02
2.351423357664233436e+02
2.342129669386002604e+02
2.335287063730601744e+02
2.329317303563761357e+02
2.340011347604735192e+02
2.314766607372876024e+02
2.326434091884929103e+02
2.326876341777586958e+02
2.316430104888670769e+02
2.311835245046924001e+02
2.320425075139544902e+02
2.309879776728209606e+02
2.304108752990247240e+02
2.308558854198613801e+02
2.289438753603631369e+02
2.274319450407900263e+02
2.274596086609826386e+02
2.268248175182481816e+02
2.251870821321229243e+02
2.272698583082868140e+02
2.263260442863276580e+02
2.254481690486413470e+02
2.268435870698644408e+02
2.262315524750046052e+02
2.247343127031834626e+02
2.260294424339078603e+02
2.255909955222965095e+02
2.242680794945715377e+02
2.254674599766914014e+02
2.254605594062442435e+02
2.238131018830889900e+02
2.253500276022817843e+02
2.250110409127154583e+02
2.240920382751640716e+02
2.252522848555480550e+02
2.255883886401275902e+02
2.251762865730233614e+02
2.259646997485125439e+02
2.261570263141753117e+02
2.248933631846899459e+02
2.268040237993007509e+02
2.266867141016990672e+02
2.270621971416303779e+02
2.278262896399435817e+02
2.281781573943445949e+02
2.274076857020180285e+02
2.286785867631724329e+02
2.289938354904005280e+02
2.277432987793657730e+02
2.297703796847206092e+02
2.290430288903882854e+02
2.292588787339753367e+02
2.300768263509783367e+02
2.304123167515181194e+02
2.293968288045145130e+02
2.304643623872906915e+02
2.299801263571121979e+02
2.297611175857204273e+02
2.302111881248849841e+02
2.299283567441575258e+02
2.301165122983499884e+02
2.305206097037355164e+02
2.302523155247500597e+02
2.299785928970128168e+02
2.306784947555664473e+02
2.299206894436606774e+02
2.305528123658222341e+02
2.300420781451266521e+02
2.306775746795068471e+02
2.298122431454333423e+02
2.298533092068944370e+02
2.295213764337852069e+02
2.297000858737655733e+02
2.297372569465742629e+02
2.292181193645341466e+02
2.297851315708765298e+02
2.283386493283444736e+02
2.290540084646997343e+02
2.276143654542108834e+02
2.282895786051647065e+02
2.276546341164202829e+02
2.276554928540759306e+02
2.275870698644421282e+02
2.273560387658713182e+02
2.271716555235232704e+02
2.267962951603999215e+02
2.275076059620928675e+02
2.265414034226829472e+02
2.278170582101453761e+02
2.271812243145433285e+02
2.265748941912531507e+02
2.269107219530147859e+02
2.267181807029380991e+02
2.257138563454578843e+02
2.257305403913390194e+02
2.258117524382015517e+02
2.244268539532601494e+02
2.249888977488805608e+02
2.246148868306446786e+02
2.239288474513893163e+02
2.241626694473409884e+02
2.244136355272035814e+02
2.233357664233576543e+02
2.238515917315831416e+02
2.243197877691222573e+02
2.236735570140465086e+02
2.233560694350732945e+02
2.241802429000797474e+02
2.237594001104091319e+02
2.238716493896828865e+02
2.250517389437526958e+02
2.248156474268539569e+02
2.254314236643562595e+02
2.258053425749862129e+02
2.259061215727166712e+02
2.263437097466724026e+02
2.267082438814942122e+02
2.269072256639882141e+02
2.270113169355333298e+02
2.273008648714960316e+02
2.263315647426854014e+02
2.272386677298656821e+02
2.265263448445071504e+02
2.268551493590136658e+02
2.265581181377660585e+02
2.253691958535239053e+02
2.257908360424461875e+02
2.252633564374654895e+02
2.253364718150033639e+02
2.242550757529289172e+02
2.248457952524075267e+02
2.231409249831319528e+02
2.237549224069189790e+02
2.231153775378764692e+02
2.226393301846285908e+02
2.232026620867325164e+02
2.227330245967000053e+02
2.230006133840397524e+02
2.226308654848800757e+02
2.234726124026252876e+02
2.225617677728025399e+02
2.236452800098141438e+02
2.229024412684781851e+02
2.225832975525976849e+02
2.227208795927130041e+02
2.229715083113537446e+02
2.230522296509844864e+02
2.229968717413972854e+02
2.231463841010856868e+02
2.230782984726737368e+02
2.238402441268478071e+02
2.232968778752376977e+02
2.241252530209164036e+02
2.237306630681469528e+02
2.236092436974790019e+02
2.238107403545359659e+02
2.231510458197877824e+02
2.231719928847451513e+02
2.237201435318652898e+02
2.231500337361221966e+02
2.224054468502729662e+02
2.236195178801447696e+02
2.228437404158743789e+02
2.225158253082254873e+02
2.238130712138870138e+02
2.226619333864932742e+02
2.221984604060602351e+02
2.223663436177390622e+02
2.208257682635097865e+02
2.208037477764828509e+02
2.220778691038459272e+02
2.213748083174875774e+02
2.213839477396798259e+02
2.223420842789670644e+02
2.214469422805618706e+02
2.219713856345457828e+02
2.227166472428387465e+02
2.224550696190885049e+02
2.221761025578114470e+02
2.228029197080292079e+02
2.215062871864074054e+02
2.215156412930135446e+02
2.217812979206281057e+02
2.208593817088879234e+02
2.210033736122186099e+02
2.203468686744770935e+02
2.202049929460835358e+02
2.190365270195669609e+02
2.194647304177145202e+02
2.179292768202171260e+02
2.181893823222719675e+02
2.182012819726430735e+02
2.180494694228056289e+02
2.184315156719622166e+02
2.190762743053425652e+02
2.190698644421272263e+02
2.191282279335091800e+02
2.203366251610133020e+02
2.197145310679016177e+02
2.205905048150647190e+02
2.212121695393485936e+02
2.210756609213028412e+02
2.210781144574618224e+02
2.216320615837576042e+02
2.210393485861497993e+02
2.208643194504078906e+02
2.214718150033736208e+02
2.205803839784088893e+02
2.204110286450346621e+02
2.205801386247929941e+02
2.192929522173833163e+02
2.183672636937986908e+02
2.185520456357725436e+02
2.179054161810709616e+02
2.172509967490645977e+02
2.184738085015027877e+02
2.174095258541372857e+02
2.169941115132184279e+02
2.177491259277433642e+02
2.169771207753174167e+02
2.167004232349874258e+02
2.174832239465129078e+02
2.175971907010979578e+02
2.161602465803839834e+02
2.174131141507697862e+02
2.165625038336502541e+02
2.163541066061461038e+02
2.164301968962767546e+02
2.165080353309206771e+02
2.156595411887382738e+02
2.164790529350426311e+02
2.164969330798012663e+02
2.156291786787707849e+02
2.161515365270195730e+02
2.160388885481199850e+02
2.162802858369625199e+02
2.166980003680304208e+02
2.180790958719254036e+02
2.175400846469974852e+02
2.184282340673495639e+02
2.187287002392197621e+02
2.189281727289455830e+02
2.194693001288106586e+02
2.203953566828191128e+02
2.199231123106176824e+02
2.203250015334600960e+02
2.207670060725019994e+02
2.202842114948169012e+02
2.201772066490829900e+02
2.198829356560142401e+02
2.202231184444580663e+02
2.195084646997485152e+02
2.192620683309820322e+02
2.181309268232840566e+02
2.176951174630436014e+02
2.178110470465558421e+02
2.176279825798932848e+02
2.183261669631356199e+02
2.176699073790099987e+02
2.175908421762865714e+02
2.181198859105685983e+02
2.181531006563209303e+02
2.180282463350303601e+02
2.192870023921977634e+02
2.192655339508065993e+02
2.190088633993743485e+02
2.197106667484512172e+02
2.192275961479482191e+02
2.195610010427528778e+02
2.199856161442679365e+02
2.196553088388640163e+02
2.190085873765564486e+02
2.193682757774642766e+02
2.176366006256517096e+02
2.175146598785499634e+02
2.170162546770532970e+02
2.168039011224927890e+02
2.164864442127215796e+02
2.166132000245353595e+02
2.164307489419125261e+02
2.162244065509415520e+02
2.161377967245292382e+02
2.156325216217873901e+02
2.166985524136661923e+02
2.158898975648653504e+02
2.166156535606943407e+02
2.161385021161749478e+02
2.166561369073176593e+02
2.167499539961970072e+02
2.166198245721646458e+02
2.163240507881984911e+02
2.164786849046187740e+02
2.168877507207262454e+02
2.152201128626633135e+02
2.153994663558854086e+02
2.149367907747040363e+02
2.155168987302950256e+02
2.154377721891676458e+02
2.156485002760228156e+02
2.160141078329141919e+02
2.161888609458382007e+02
2.163470833588910125e+02
2.164251978163528065e+02
2.173140832975525996e+02
2.168913390173587743e+02
2.182827700423235058e+02
2.172262773722627855e+02
2.181188431577010363e+02
2.180480279703122051e+02
2.181691406489603082e+02
2.182511194258725311e+02
2.182039195240139975e+02
2.181138440777770882e+02
2.169171318162301532e+02
2.166512298349996968e+02
2.156277065570753848e+02
2.163108630313439278e+02
2.156789547935962617e+02
2.157496166349751547e+02
2.153800527510274208e+02
2.147132429614181319e+02
2.153391707047782688e+02
2.151807949457155189e+02
2.160223885174507643e+02
2.160827455069619134e+02
2.165842789670612660e+02
2.159379562043795602e+02
2.162420720112862682e+02
2.161093357050849590e+02
2.160645586701834020e+02
2.154075323560080903e+02
2.157526528859719122e+02
2.151218180702938128e+02
2.146821750598049334e+02
2.143522971232288512e+02
2.137896706127706636e+02
2.142685702018033567e+02
2.140293810955039078e+02
2.142900693123964970e+02
2.140062258480034245e+02
2.151425197816352863e+02
2.150853830583328090e+02
2.158052812365822319e+02
2.164902165245660228e+02
2.172104520640372982e+02
2.178870453290805358e+02
2.180611543887628159e+02
2.184622155431515580e+02
2.193170275409433714e+02
2.197942709930687499e+02
2.198002208182543029e+02
2.206430718272710578e+02
2.210882046249156474e+02
2.206237195608170225e+02
2.202999754646384076e+02
2.206195485493467459e+02
2.201039072563332013e+02
2.207962031527939644e+02
2.206858553640434195e+02
2.210818561001042895e+02
2.203952340060111510e+02
2.211208673250322079e+02
2.203484328037784508e+02
2.203810955038949828e+02
2.217252346193951951e+02
2.213085015027909037e+02
2.214303195730847165e+02
2.218492915414340985e+02
2.218922284242163983e+02
2.214006624547629372e+02
2.221345457891185617e+02
2.216142121082009453e+02
2.213657609029013145e+02
2.220895234006011094e+02
2.206205299638103554e+02
2.209041587437894805e+02
2.209793902962644836e+02
2.210074219468809531e+02
2.211717475311292276e+02
2.215117463043611679e+02
2.211131386861313786e+02
2.217101453720174220e+02
2.219427405998895892e+02
2.208040851377047034e+02
2.219862908667116415e+02
2.225044163650861719e+02
2.215182788443844686e+02
2.221718702079371894e+02
2.219412684781941891e+02
2.210914248911243192e+02
2.213608231613813473e+02
2.217567318898362316e+02
2.199821505244433411e+02
2.214580752008832860e+02
2.209512666380420853e+02
2.197870330613997396e+02
2.196204686254063745e+02
2.199381402195914745e+02
2.196953014782555442e+02
2.200025148745629622e+02
2.206914678280071200e+02
2.202309390909648528e+02
2.208105256701220753e+02
2.204802797031221360e+02
2.203940072379316746e+02
2.209355026682205789e+02
2.210057964791756149e+02
2.212961418143899834e+02
2.208548733361957943e+02
2.212360915168987390e+02
2.209709562657179731e+02
2.204251978163528065e+02
2.200329387229344320e+02
2.202294363000674764e+02
2.193056799362080653e+02
2.192354474636569819e+02
2.188072747347113989e+02
2.179381095503894983e+02
2.173269336931853104e+02
2.170152119241857349e+02
2.163035944304729128e+02
2.165322946696927033e+02
2.169574924860455098e+02
2.157425320493160825e+02
2.165649573698092354e+02
2.165503588296632529e+02
2.166962522235171491e+02
2.168705146292093389e+02
2.182542476844752457e+02
2.180358216279212513e+02
2.193155247500459950e+02
2.206400049070723242e+02
2.209564804023799240e+02
2.219322210636079262e+02
2.231238729068269606e+02
2.226868367785070291e+02
2.229819051708274458e+02
2.238522971232288512e+02
2.236317855609397043e+02
2.231275532110654467e+02
2.236425811200392673e+02
2.234105379378028715e+02
2.232442495246273779e+02
2.239301355578727737e+02
2.237216156535606899e+02
2.233357664233576543e+02
2.237054529841133501e+02
2.239697601668404729e+02
2.227620990001840084e+02
2.237228730908421710e+02
2.238671716861927337e+02
2.230785438262896321e+02
2.238566521499110706e+02
2.236373980249034048e+02
2.222561491749984555e+02
2.226565356069435211e+02
2.229282340673495639e+02
2.220257007912654217e+02
2.224470036189658231e+02
2.221506471201619206e+02
2.212378396614120106e+02
2.215968840090780816e+02
2.222690302398331710e+02
2.203609765073912854e+02
2.204916579770594467e+02
2.207230264368521091e+02
2.197807458749923342e+02
2.198507943323314748e+02
2.207671287493099328e+02
2.200183095135864448e+02
2.205892167085812332e+02
2.215312825860271175e+02
2.210271422437588171e+02
2.215773170582101557e+02
2.222562411826044411e+02
2.225767343433723795e+02
2.219987732319204952e+02
2.238071213887014608e+02
2.224419432006379225e+02
2.230892780469852141e+02
2.234565724099858812e+02
2.229443967367969037e+02
2.231809789609274333e+02
2.229812611175857171e+02
2.227535422928295361e+02
2.214341225541311360e+02
2.222873090842176396e+02
2.207084585659081029e+02
2.210683616512298215e+02
2.208922897626203792e+02
2.213620805986628284e+02
2.203183463166288334e+02
2.213708213212292151e+02
2.211917131816230153e+02
2.208120284610194517e+02
2.216319695761516186e+02
2.212236398208918615e+02
2.222886585291050778e+02
2.217662086732503326e+02
2.229133901735876861e+02
2.219837453229467030e+02
2.231408023063239909e+02
2.229725510642213067e+02
2.231808869533214761e+02
2.237536649696374980e+02
2.233390480279703070e+02
2.241005949825185439e+02
2.232760534870882623e+02
2.230919769367601191e+02
2.227666993804821232e+02
2.228247868490461769e+02
2.229400110409127080e+02
2.234156903637367293e+02
2.233860025762129737e+02
2.239452248052505752e+02
2.239399190333067509e+02
2.244456235048764086e+02
2.238496289026559509e+02
2.249386615960252698e+02
2.247469177452002782e+02
2.243038704532908127e+02
2.252912960804759734e+02
2.247381463534318868e+02
2.259074403484021332e+02
2.255875912408759234e+02
2.264852787830460557e+02
2.257124455621664652e+02
2.263811261730969875e+02
2.260775930810280272e+02
2.253573575415567802e+02
2.260738207691835839e+02
2.250527203582162770e+02
2.251473655155492963e+02
2.252383917070477821e+02
2.262293749616634955e+02
2.256602772495859597e+02
2.266623934245230885e+02
2.268279457768508962e+02
2.262306017297430003e+02
2.268850211617493642e+02
2.268945286143654414e+02
2.269300742194688212e+02
2.270495000920076052e+02
2.274365147518861647e+02
2.269757406612280022e+02
2.274617555051217437e+02
2.274112433294485811e+02
2.274678893455192394e+02
2.269188186223394439e+02
2.271865300864871529e+02
2.267049622768815595e+02
2.260786971722995702e+02
2.259098325461571619e+02
2.252171992884745180e+02
2.256258970741581322e+02
2.250514629209347959e+02
2.262996381034165552e+02
2.251834938354903954e+02
2.265139544869042538e+02
2.261743850825001516e+02
2.262809912286082294e+02
2.267861129853401110e+02
2.270662148070907165e+02
2.274323437404158881e+02
2.274348892841808265e+02
2.278961234128688034e+02
2.271958228546893110e+02
2.280892473777832379e+02
2.276164202907440313e+02
2.282179966877261847e+02
2.278409188492915405e+02
2.280109489051095011e+02
2.269481383794393707e+02
2.273791940133717731e+02
2.263841317548917402e+02
2.262865116849659444e+02
2.266928786112985392e+02
2.263853278537692404e+02
2.266907624363614104e+02
2.268407348340796261e+02
2.271556768692878734e+02
2.266715328467153370e+02
2.279042200821934614e+02
2.273608538305833235e+02
2.280195056124639734e+02
2.284276206833098115e+02
2.278219959516653432e+02
2.282741826657670288e+02
2.279997546463841047e+02
2.281887689382322151e+02
2.275065632092253054e+02
2.281290560019628231e+02
2.269822118628473220e+02
2.276867754401030481e+02
2.264684720603569872e+02
2.266646016070661744e+02
2.260751702140710222e+02
2.259984052014966665e+02
2.258292952217383345e+02
2.256658590443476555e+02
2.258332208795927158e+02
2.258385266515365402e+02
2.259005091087529991e+02
2.256184444580752029e+02
2.262065264061829168e+02
2.256111145188002070e+02
2.263669876709807909e+02
2.255824081457400609e+02
2.261772679874869709e+02
2.250773783966141082e+02
2.259200147212169441e+02
2.250300864871496174e+02
2.247547077225050600e+02
2.249095871925412382e+02
2.238538612525302085e+02
2.236374900325093620e+02
2.226065448077040969e+02
2.233616512298349903e+02
2.220840029442433945e+02
2.235155186162056111e+02
2.225351775746794942e+02
2.227067717597988121e+02
2.229557443415322382e+02
2.224636263264429772e+02
2.230859044347666043e+02
2.232731399128994667e+02
2.242397718211372251e+02
2.231788934551923091e+02
2.247279335091701000e+02
2.238705452984113435e+02
2.245593449058455633e+02
2.249496411703367471e+02
2.250988161688032960e+02
2.246075568913696827e+02
2.249703735508801969e+02
2.251720542231491038e+02
2.241821443906029572e+02
2.248811875115009400e+02
2.242256333190210285e+02
2.244449794516346799e+02
2.242526528859719122e+02
2.252226277372262757e+02
2.243434643930564789e+02
2.254774581365392976e+02
2.256303747776482851e+02
2.255714899098325361e+02
2.261759492118015089e+02
2.267721584984358572e+02
2.270830521989817896e+02
2.268437404158743789e+02
2.279468502729558850e+02
2.270603876587131253e+02
2.277735079433233238e+02
2.273898975648653504e+02
2.277672207569159184e+02
2.274779488437710881e+02
2.276788014475863235e+02
2.275080966693246580e+02
2.267031221247623023e+02
2.272312764521867052e+02
2.259828559160890507e+02
2.267576826350978365e+02
2.259138808808194767e+02
2.268758204011531632e+02
2.262351407716371341e+02
2.266450653254002248e+02
2.267529902471937646e+02
2.260171134147089447e+02
2.269888057412746036e+02
2.265633012329019209e+02
2.267706863767404855e+02
2.269358400294424314e+02
2.267267987486965524e+02
2.264661718702079440e+02
2.269385082500153317e+02
2.268558240814573992e+02
2.261887382690302388e+02
2.268382199595166639e+02
2.259253818315647493e+02
2.261128319941115024e+02
2.257740599889590953e+02
2.255621664724283733e+02
2.247401091823590775e+02
2.253847144697294880e+02
2.245609090351468922e+02
2.245913635527203667e+02
2.245762129669386127e+02
2.241202539409924555e+02
2.250720726246703123e+02
2.241149174998466549e+02
2.250990001840152104e+02
2.243186836778507143e+02
2.256229528307673320e+02
2.252601668404588224e+02
2.257940563086548593e+02
2.252425013801140778e+02
2.261042752867570300e+02
2.259185425995215724e+02
2.252949763847144595e+02
2.269536588357970857e+02
2.252632030914555514e+02
2.265569833772925108e+02
2.256719008771391657e+02
2.260607863583389587e+02
2.254531374593633188e+02
2.261210513402441222e+02
2.245292584186959459e+02
2.255753235600809603e+02
2.261323376065754758e+02
2.251595105195362692e+02
2.263319634423112348e+02
2.259968717413972854e+02
2.263964607740906558e+02
2.259131141507697862e+02
2.274061215727166712e+02
2.257647672207569087e+02
2.277785376924492482e+02
2.266726369379868800e+02
2.272460590075446305e+02
2.272046555848616833e+02
2.271120652640618403e+02
2.273022143163834983e+02
2.269471262957737849e+02
2.281134760473532594e+02
2.262672514261178947e+02
2.280888793473593807e+02
2.265731767159418553e+02
2.271959455314972729e+02
2.270550205483653201e+02
2.265425688523584711e+02
2.263491995338281413e+02
2.264062749187266093e+02
2.265348708826596464e+02
2.258981169109979703e+02
2.267298043304913335e+02
2.255666441759185545e+02
2.267447709010611447e+02
2.262145310679016177e+02
2.261822363982089144e+02
2.273114150769796993e+02
2.264654358093602298e+02
2.262658406428264755e+02
2.270893087161872188e+02
2.260625958412562113e+02
2.255944611421210766e+02
2.262720051524259475e+02
2.253557627430534183e+02
2.247938722934429165e+02
2.254479236950254517e+02
2.245367723731828562e+02
2.246759492118015089e+02
2.245015334600993810e+02
2.240973440471078959e+02
2.238431883702386074e+02
2.243016622707477268e+02
2.239264552536342876e+02
2.245347482058516846e+02
2.244714776421517399e+02
2.245134024412684823e+02
2.252256639882230331e+02
2.249551002882905095e+02
2.257497699809850928e+02
2.257520395019321597e+02
2.258078574495491750e+02
2.259671532846715252e+02
2.260305465251794033e+02
2.251414770287677243e+02
2.256762865730233614e+02
2.247802858369625199e+02
2.243176409249831238e+02
2.246682205729006796e+02
2.241419984052014911e+02
2.231495123596884014e+02
2.229397963564988174e+02
2.215264675213150838e+02
2.199139728884254339e+02
2.198781205913022063e+02
2.183796540514015874e+02
2.180259154756793123e+02
2.174209654664785489e+02
2.165911488683064476e+02
2.157197141630374801e+02
2.149729804330491447e+02
2.144233883334355539e+02
2.136124332944856690e+02
2.133939765687296699e+02
2.119558056799362191e+02
2.117063423909709741e+02
2.099266699380482066e+02
2.093975955345642035e+02
2.086604612647979025e+02
2.081075262221677065e+02
2.070850150279089803e+02
2.075148745629638825e+02
2.079272526528859828e+02
2.073186836778507143e+02
2.088644114580138762e+02
2.079617555051217437e+02
2.087573452738759840e+02
2.095603263203091444e+02
2.105730233699319172e+02
2.108936392075078174e+02
2.122080291970802932e+02
2.135395019321597374e+02
2.132846715328467155e+02
2.145007053916457096e+02
2.143339876096424064e+02
2.150600502974912729e+02
2.149460528737042182e+02
2.147336073115377530e+02
2.147203582162792088e+02
2.144646077409065867e+02
2.146714715083113560e+02
2.138981782494019512e+02
2.150881432865116949e+02
2.140474452554744573e+02
2.150517389437526958e+02
2.148039317916947937e+02
2.146986750904741541e+02
2.150187695516162592e+02
2.146584064282647262e+02
2.150077899773047818e+02
2.153032264000490841e+02
2.158182849782248525e+02
2.165659081150708403e+02
2.174679200147212157e+02
2.181611666564436121e+02
2.190334600993682272e+02
2.194035760289517327e+02
2.203528184996626464e+02
2.195435502668220522e+02
2.209243084094951826e+02
2.202341286879715483e+02
2.204813837943936790e+02
2.209689934367907824e+02
2.210102128442617868e+02
2.204328651168496549e+02
2.208015702631417412e+02
2.200487333619579147e+02
2.199849107526222269e+02
2.199214561737103679e+02
2.187325645586701910e+02
2.187905906888302638e+02
