2.276096834945466014e+02
2.275951046393599313e+02
2.275814002666985232e+02
2.275094003761643080e+02
2.274335915731231523e+02
2.272308397520101835e+02
2.268862301966403834e+02
2.266246454800573247e+02
2.263920928369556691e+02
2.262580432489451425e+02
2.262209579750816033e+02
2.262221372203646297e+02
2.262826170786561590e+02
2.263199822366849787e+02
2.263587007901440984e+02
2.264376592229918117e+02
2.266644387887110952e+02
2.268191960731629706e+02
2.268406700302523689e+02
2.269390972056365001e+02
2.269411136155560769e+02
2.269378632274500376e+02
2.269895335761484034e+02
2.269938512558713342e+02
2.272728248646604641e+02
2.274269427692858869e+02
2.274515912347742983e+02
2.274603634264787786e+02
2.275354358231828655e+02
2.275659046353793542e+02
2.275885180320038330e+02
2.275951220543746558e+02
2.276186024699466657e+02
2.275624850728445097e+02
2.275465913840458541e+02
2.275651931076347410e+02
2.275276338965846605e+02
2.275331295776610148e+02
2.275283329850330460e+02
2.275286365038611507e+02
2.275392211010269818e+02
2.275614003662128937e+02
2.272916293487779740e+02
2.271015146087094934e+02
2.271024152137568706e+02
2.270316368621128902e+02
2.270448847126025100e+02
2.270442702113685129e+02
2.267430526530530983e+02
2.266205492198073443e+02
2.266009921582676441e+02
2.265726081721200558e+02
2.265616615914337899e+02
2.265742949406894411e+02
2.266322309629010476e+02
2.268949538750895556e+02
2.270070282023724246e+02
2.270341533317410949e+02
2.270628793985351592e+02
2.271249191445744771e+02
2.271162551747472378e+02
2.271152090299339363e+02
2.271019922776849000e+02
2.271079892623994851e+02
2.270926006090279543e+02
2.270884384205079130e+02
2.271211811360560375e+02
2.271493785327601245e+02
2.271068933604012443e+02
2.270717610560464834e+02
2.268514225579173740e+02
2.267705870352678801e+02
2.269851561878035113e+02
2.271191672139956950e+02
2.271087891091473523e+02
2.271945269584427933e+02
2.271993571371706082e+02
2.272154635379348804e+02
2.272734281705278363e+02
2.272691988098081310e+02
2.275364197715149999e+02
2.277279028341692424e+02
2.277777097762916867e+02
2.277958164158904424e+02
2.278035636095852112e+02
2.278086649649709443e+02
2.278123084348380019e+02
2.277947715150067722e+02
2.278054382115277576e+02
2.278154854310962492e+02
2.278004413462304001e+02
2.277745663661332571e+02
2.277710460452989309e+02
2.277785394773505345e+02
2.277975890156038474e+02
2.278098168438022526e+02
2.278059855405620624e+02
2.278121852858052705e+02
2.277862344260011014e+02
2.277970578576546359e+02
2.277972058852798227e+02
2.277946135359445918e+02
2.278383115396863445e+02
2.278267280670328887e+02
2.278340237142743376e+02
2.277998243571371688e+02
2.278018544502826330e+02
2.278061223728206244e+02
2.278044903371546752e+02
2.278084671801608181e+02
2.277782956671443344e+02
2.277761648156993886e+02
2.277657319779476097e+02
2.277785494287875281e+02
2.277906814744048916e+02
2.277847777844120571e+02
2.277857828795478099e+02
2.277640054036302786e+02
2.277872345454183574e+02
2.277809427493830015e+02
2.277676973867526442e+02
2.277707425264708263e+02
2.277830337950800015e+02
2.278394571988695247e+02
2.278839749522331033e+02
2.278846926996258162e+02
2.279019522231510280e+02
2.279126711647161869e+02
2.279742008996099116e+02
2.279945602957567132e+02
2.282836731749064541e+02
2.283505107575033719e+02
2.280671983221877213e+02
2.280033561221240461e+02
2.279577524181991919e+02
2.279538116491521293e+02
2.279308673672478278e+02
2.279610450999124396e+02
2.279498584408088391e+02
2.276226601683783031e+02
2.275409178210333607e+02
2.274890807857654522e+02
2.274489839582835771e+02
2.274583768708701541e+02
2.274732356102221047e+02
2.274861127696839560e+02
2.274950827461985625e+02
2.275032702909800264e+02
2.275074921881219723e+02
2.274987324357137197e+02
2.274914604231350950e+02
2.274951051369317838e+02
2.274262847305150785e+02
2.274166417880742017e+02
2.274109794204283048e+02
2.274207231211686917e+02
2.274197006110182429e+02
2.274599280511105803e+02
2.274545530312076949e+02
2.274510936629249329e+02
2.274635764966961347e+02
2.274530677792373297e+02
2.274534048841652805e+02
2.274555295159620982e+02
2.274616620890056424e+02
2.274549361615317196e+02
2.274385436569540673e+02
2.274532170507921478e+02
2.274425590617785247e+02
2.274316746775734543e+02
2.274358841354191441e+02
2.274482102340577967e+02
2.274363195107873707e+02
2.274171493113605607e+02
2.274229547309131476e+02
2.274330803180479279e+02
2.274286320257145064e+02
2.274202056464453392e+02
2.274511496397579720e+02
2.274569426200143312e+02
2.274304755294164408e+02
2.274304120890056424e+02
2.274217792174189867e+02
2.274264675881697428e+02
2.274146639399729395e+02
2.274015068963458361e+02
2.273985214652495870e+02
2.273842635439057460e+02
2.273784618561420245e+02
2.273655623059469804e+02
2.273513740446620375e+02
2.273382953686012229e+02
2.273225745860202096e+02
2.272938895689037508e+02
2.272620798005731899e+02
2.272895134244884900e+02
2.272916542273704295e+02
2.273258336816336396e+02
2.275745337751771444e+02
2.275210049956213538e+02
2.274586069978504952e+02
2.274753963159780312e+02
2.274651712144733722e+02
2.274662845314863375e+02
2.274620016817928558e+02
2.276036865098320163e+02
2.276124375547329066e+02
2.276776455895231379e+02
2.277369001771355670e+02
2.277168132015763149e+02
2.277381416188997605e+02
2.278002373417721458e+02
2.278533941863705081e+02
2.278249828337712017e+02
2.278529936410317589e+02
2.278561146604569672e+02
2.278495902495820360e+02
2.278502880941007902e+02
2.278740807360082670e+02
2.278627249024759180e+02
2.278576359863864411e+02
2.278454529396544785e+02
2.278514785347504130e+02
2.277854594578457181e+02
2.277443824138205457e+02
2.277209617068704688e+02
2.277169375945386491e+02
2.277266141230793721e+02
2.276866379567709657e+02
2.276671891171085065e+02
2.276764427095772589e+02
2.277049510886872099e+02
2.277195461149590017e+02
2.277340528222275395e+02
2.274382289427593378e+02
2.272897074775097508e+02
2.272640825272669360e+02
2.272536845195446347e+02
2.272391803001353310e+02
2.272217292114481211e+02
2.272386329711010262e+02
2.271743180777804412e+02
2.271750781187803625e+02
2.271883657750178998e+02
2.271698486386434297e+02
2.271734722056365001e+02
2.271826126005095148e+02
2.271721884702650982e+02
2.271562425364222690e+02
2.271577899848738298e+02
2.271729149251652018e+02
2.271885013633468589e+02
2.271867374711408445e+02
2.271490687942838917e+02
2.271487789586816461e+02
2.271740083393042084e+02
2.271388175702571459e+02
2.271135720185494904e+02
2.271075725459756427e+02
2.270971347325053671e+02
2.271384618063848393e+02
2.271293251433006901e+02
2.271361630244407195e+02
2.271060014628612294e+02
2.271115145589523081e+02
2.271214436052065935e+02
2.271733341294482784e+02
2.272303782541198984e+02
2.273003393440012871e+02
2.274199792512538920e+02
2.274493223071411592e+02
2.274991168099673473e+02
2.275005473290343048e+02
2.274840976036939821e+02
2.275161387429344870e+02
2.275085744068943541e+02
2.275175481151978261e+02
2.275189848539129116e+02
2.275455900206989952e+02
2.274677710273863624e+02
2.274859037895072049e+02
2.274729830925085707e+02
2.274535939614680444e+02
2.274799590498367934e+02
2.274697550951357243e+02
2.274748552065918261e+02
2.274724992038850360e+02
2.274848638643420031e+02
2.274754970742775129e+02
2.275104962781625773e+02
2.275090732226733508e+02
2.275098568983361247e+02
2.275023037576626166e+02
2.275099278023246541e+02
2.275133287059151428e+02
2.275420112351723674e+02
2.275461373497333000e+02
2.272943137489053527e+02
2.272249509891728394e+02
2.271935094240108413e+02
2.271977362968712555e+02
2.271797092687684199e+02
2.271888086139638574e+02
2.271919308773186970e+02
2.271791768668895770e+02
2.271583149231749132e+02
2.271665261026192297e+02
2.271706397778839346e+02
2.271523875985192262e+02
2.271542771276172346e+02
2.271535743073799836e+02
2.271636886991481674e+02
2.271433516937345871e+02
2.271498350549319412e+02
2.271410927175384131e+02
2.271195167582198735e+02
2.271282628274022670e+02
2.271231763991720527e+02
2.271456753542711624e+02
2.271374417840936246e+02
2.271226290701377195e+02
2.271144925264708263e+02
2.271172826606161834e+02
2.271040907869596310e+02
2.271054416945306969e+02
2.270940908367168163e+02
2.271144912825411950e+02
2.270954405003582508e+02
2.270791810962502950e+02
2.270858348758060572e+02
2.270746444849136196e+02
2.270943595255154719e+02
2.271158123358012801e+02
2.271035024082477491e+02
2.270932822824615869e+02
2.271102308235809346e+02
2.271057489451476670e+02
2.271269641648754032e+02
2.271081410218135375e+02
2.271055573799856688e+02
2.271132262061141489e+02
2.270980042393121607e+02
2.271082542194092753e+02
2.271076496696123002e+02
2.271033382095374691e+02
2.271136752647082346e+02
2.271105542452830264e+02
2.271050747352917654e+02
2.271018989829631494e+02
2.271119412268131441e+02
2.271123579432370150e+02
2.270981671940928379e+02
2.270808243272828690e+02
2.270842936470026245e+02
2.270147853475041870e+02
2.269955529515962098e+02
2.269888581223628705e+02
2.269807004318923589e+02
2.269729918000159330e+02
2.269874064564923231e+02
2.269534173234615082e+02
2.269790223708303358e+02
2.269757694948650624e+02
2.269611072963936067e+02
2.269506993372342833e+02
2.269415514787835377e+02
2.269545604947854542e+02
2.269545082497412523e+02
2.269625813529973755e+02
2.269534048841652805e+02
2.270086328715866557e+02
2.270111692440888476e+02
2.270175754816495441e+02
2.270168627099753280e+02
2.270212811479977688e+02
2.269594740167980262e+02
2.269263419512777773e+02
2.269260458960273752e+02
2.269458343284770194e+02
2.269514556464453392e+02
2.269461453108828835e+02
2.269484254338826474e+02
2.269746474703447063e+02
2.269644882971101083e+02
2.269409568804235278e+02
2.269397689276331391e+02
2.269257958661730754e+02
2.269288447376801230e+02
2.269495412387548754e+02
2.269651649948252441e+02
2.269624768629089999e+02
2.269645766161133622e+02
2.269761663084149461e+02
2.269694888941963313e+02
2.269889514170846212e+02
2.269821446341851754e+02
2.270021457786004362e+02
2.269899055111058033e+02
2.269981614720165624e+02
2.269882510847066328e+02
2.269689726634025817e+02
2.269994054016399900e+02
2.270086378473051525e+02
2.270234294144574392e+02
2.270276027983440770e+02
2.270062084527505704e+02
2.269996181136056066e+02
2.270023348559032002e+02
2.270006331601783245e+02
2.270217961348618871e+02
2.270366673135100655e+02
2.270609674787039296e+02
2.270449419333651804e+02
2.270520447715149999e+02
2.270292074675583081e+02
2.270445836816336396e+02
2.270592583194013230e+02
2.270641494506806737e+02
2.270632040641668539e+02
2.270634615575989130e+02
2.270892084129448278e+02
2.270797433524400901e+02
2.271083425384125576e+02
2.270922125029854328e+02
2.270914848041557264e+02
2.270979918000159330e+02
2.271000355763872278e+02
2.271159690709338292e+02
2.271236316774142097e+02
2.271272502686888117e+02
2.271280513593662818e+02
2.271145509911631279e+02
2.271293500218931740e+02
2.271137461686967640e+02
2.271178225260727572e+02
2.271236553120770623e+02
2.271279506010668001e+02
2.271223491859724675e+02
2.271344837194490935e+02
2.271310815719289735e+02
2.271297356400764329e+02
2.271383598041557264e+02
2.271346616013852326e+02
2.271231291298463475e+02
2.271434624034710623e+02
2.271195602957567132e+02
2.271319336637210426e+02
2.271127087313908248e+02
2.271287840339144850e+02
2.271373323182867523e+02
2.271284941983122394e+02
2.271063373238595773e+02
2.271228915392882755e+02
2.271272987819441198e+02
2.271101723588886330e+02
2.271348904844359424e+02
2.271214610202213180e+02
2.271215294363506132e+02
2.271168062355704080e+02
2.270958858271634426e+02
2.271154267176180213e+02
2.270349817888703114e+02
2.270345053638245361e+02
2.270115934240904494e+02
2.270172844021176672e+02
2.270221108490566166e+02
2.270060392783217935e+02
2.270105957925324276e+02
2.269920251671841527e+02
2.269942368740546215e+02
2.270010038512061215e+02
2.269877224146166839e+02
2.269722653451158294e+02
2.269762546274182000e+02
2.269695846767773162e+02
2.269773691883607967e+02
2.269905971359764294e+02
2.270494437146724067e+02
2.270469807340179784e+02
2.270400483142265671e+02
2.270338610082795867e+02
2.270350937425364179e+02
2.270305111058036687e+02
2.270330549418836199e+02
2.270312699028739871e+02
2.270261984017992063e+02
2.270162855266300426e+02
2.270114565918318590e+02
2.270221568744526621e+02
2.270246123915293310e+02
2.270201690749144063e+02
2.270213122462383524e+02
2.270362991103415311e+02
2.270197436509832016e+02
2.270251348419711803e+02
2.269938798662526835e+02
2.269918559927553474e+02
2.269898968035984410e+02
2.270152406257463440e+02
2.269922453427275002e+02
2.269799615376960560e+02
2.269985931155958951e+02
2.269913957387946937e+02
2.269859734495661314e+02
2.269935763474245789e+02
2.269697239968951408e+02
2.269557210811241248e+02
2.269587836358570314e+02
2.269496656317172096e+02
2.269382015763076197e+02
2.269222581303240247e+02
2.269138155799697358e+02
2.269227868004139737e+02
2.269212953287954804e+02
2.269157486466045839e+02
2.269307977071889297e+02
2.269173545597484178e+02
2.269004756786879966e+02
2.268987453725818000e+02
2.269022370830347768e+02
2.269077750577183394e+02
2.268923590378950621e+02
2.268900005473290378e+02
2.268955609127457933e+02
2.268788275714513247e+02
2.268832721319958523e+02
2.268655038412546787e+02
2.268610642564286195e+02
2.268500268688798656e+02
2.268361943714672293e+02
2.268527635140514178e+02
2.268393315619775592e+02
2.268715393877876068e+02
2.268514387290024672e+02
2.268525595095931919e+02
2.268620643758458755e+02
2.268363747412626310e+02
2.268671010468911788e+02
2.268674903968633032e+02
2.268646268708701541e+02
2.269032508856778918e+02
2.268834139399729395e+02
2.268646617008996031e+02
2.268824772609664819e+02
2.268590391390016805e+02
2.268932820336756606e+02
2.268762215388902064e+02
2.268990476474803017e+02
2.269063656854549720e+02
2.268959539945068116e+02
2.268880301628055065e+02
2.268961642186131655e+02
2.268775388603614260e+02
2.268935208681633640e+02
2.268610779396544785e+02
2.268682902436111704e+02
2.268526714632592984e+02
2.268345436768569243e+02
2.268389086259055887e+02
2.268115409302603211e+02
2.267985729639359818e+02
2.267970118322585904e+02
2.267781003701934424e+02
2.267617526470822327e+02
2.267515486923811920e+02
2.267387212901042801e+02
2.267183196003502985e+02
2.266467463776769478e+02
2.266149117307539314e+02
2.266167788691186900e+02
2.265927162944829263e+02
2.265683788114003789e+02
2.265590443635061035e+02
2.265473675961308686e+02
2.265204116411909752e+02
2.265216816933365180e+02
2.265041149191943362e+02
2.265071364242496657e+02
2.265134630503144706e+02
2.265032143141469589e+02
2.265088667303558623e+02
2.265094862073083277e+02
2.265055616093463868e+02
2.265022042432927378e+02
2.265139655978823328e+02
2.265205857913382772e+02
2.265222924627816212e+02
2.265094961587453213e+02
2.265139096210492937e+02
2.265253388464294346e+02
2.265218521116949262e+02
2.265256585363426609e+02
2.265324516360162477e+02
2.265513954402515822e+02
2.265446458781148067e+02
2.265669594877000179e+02
2.265763772788790789e+02
2.265788614063370687e+02
2.266234214533078557e+02
2.266241404446301999e+02
2.266403824337234312e+02
2.266661068983361247e+02
2.266738055787755854e+02
2.266787837851285587e+02
2.266972063828516752e+02
2.267138551369317838e+02
2.267154647818645117e+02
2.267279003463100082e+02
2.267444819281904245e+02
2.267626855942998247e+02
2.267759060783376981e+02
2.267712214393758359e+02
2.267760043487779740e+02
2.267636135657988916e+02
2.267957629269166375e+02
2.267810323123158867e+02
2.267785668438022526e+02
2.267877383369158508e+02
2.267893815679484248e+02
2.267843026032959131e+02
2.267908904545816426e+02
2.267758053200382165e+02
2.267997422577820146e+02
2.267948921761802410e+02
2.268055041397977902e+02
2.267664994825252904e+02
2.267514230554892265e+02
2.267556499283496407e+02
2.267741770161611328e+02
2.267676675324416919e+02
2.267753537735848965e+02
2.267734493173314263e+02
2.267769957606878393e+02
2.267662432330228626e+02
2.267560554494068867e+02
2.267804476653928702e+02
2.267932763115993851e+02
2.267969944172438375e+02
2.267757331721200558e+02
2.267973912307937212e+02
2.267961808872701113e+02
2.267931805290184002e+02
2.267930760389300247e+02
2.267811256070376658e+02
2.267789449984077805e+02
2.267876487739829656e+02
2.267941072565878642e+02
2.267738896684181213e+02
2.267877258976196231e+02
2.267743101166308293e+02
2.267653165054533986e+02
2.267712861237162656e+02
2.267827228126741375e+02
2.267724156118143526e+02
2.267760690331183753e+02
2.267681887389539099e+02
2.267525463239391854e+02
2.267708233818963492e+02
2.267553302384364429e+02
2.267926916646763686e+02
2.268056496795637429e+02
2.267793144455059178e+02
2.267981127099753280e+02
2.267938323481410805e+02
2.268066647261364608e+02
2.268179384603136555e+02
2.268233843842050703e+02
2.268404622940052491e+02
2.268255226992277755e+02
2.267988789706233490e+02
2.268077904824456539e+02
2.268006864003662031e+02
2.268052503781545965e+02
2.267711492914576752e+02
2.267429220404426360e+02
2.267495720882095327e+02
2.267427329631398720e+02
2.267388096091075624e+02
2.267174326785287803e+02
2.267135889359923624e+02
2.267187773664517181e+02
2.267205350390096328e+02
2.267372758438818607e+02
2.267395211368521473e+02
2.267353726315579934e+02
2.267477074377040083e+02
2.267183693575352379e+02
2.266868830109067687e+02
2.266937420388504165e+02
2.266629833910516538e+02
2.265909524022768835e+02
2.265713244367486539e+02
2.265773487879149855e+02
2.265429989152933672e+02
2.264995061599395001e+02
2.264798209736486001e+02
2.264259563330944900e+02
2.264003537735848965e+02
2.264272736545657096e+02
2.263860933643818214e+02
2.263421739411671183e+02
2.263107659621049379e+02
2.262336572526072871e+02
2.261649935813231309e+02
2.261194570495979690e+02
2.260317251811161441e+02
2.259800523445585441e+02
2.259972484276729574e+02
2.260108234316535345e+02
2.260153836776530625e+02
2.260654742357296527e+02
2.261223491859724675e+02
2.261796271694132656e+02
2.262072486267016984e+02
2.262098919771515000e+02
2.262529431374890407e+02
2.262835438062256230e+02
2.262941383548284477e+02
2.263398764031526014e+02
2.263422846509035935e+02
2.263734388683225802e+02
2.263681111177454000e+02
2.264131961030172704e+02
2.263842859346389673e+02
2.263943008120372440e+02
2.264073135598280260e+02
2.263745907471538885e+02
2.263514001671841527e+02
2.263633966244725855e+02
2.263331604271156721e+02
2.263216329312952837e+02
2.262964931136056066e+02
2.262614802264947116e+02
2.261669639658466622e+02
2.260961097344956556e+02
2.260004975718493654e+02
2.258776657411830229e+02
2.257355579770718919e+02
2.255910382334209032e+02
2.254343864441525227e+02
2.253262168119576359e+02
2.252126796234376229e+02
2.251237013374731362e+02
2.250742389638563736e+02
2.259128229241302392e+02
2.259217232405859477e+02
2.259431026590239640e+02
2.259632344160496871e+02
2.259960505234455752e+02
2.260184462323859691e+02
2.260509127955576787e+02
2.260607808892603998e+02
2.260242329929942002e+02
2.260216033257702293e+02
2.260196005990765116e+02
2.259871128891011836e+02
2.259725713518031966e+02
2.260031222633548396e+02
2.259955094140593985e+02
2.259779127856062360e+02
2.259376915651619981e+02
2.259640230674309294e+02
2.259548254517952444e+02
2.259331549538253228e+02
2.259288571769763507e+02
2.259037509453865198e+02
2.258766133767215933e+02
2.259043542512538920e+02
2.259323600827959524e+02
2.259560880403630279e+02
2.259972509155321916e+02
2.260461833751293739e+02
2.261306685872939966e+02
2.261352450043786462e+02
2.261723128632274609e+02
2.261879913522012657e+02
2.261730107077461867e+02
2.261677961547647442e+02
2.261894119198312296e+02
2.262093247452432081e+02
2.262202253005334001e+02
2.262186193873895377e+02
2.262184191147201773e+02
2.262375830944988593e+02
2.262915833233819001e+02
2.263589433564206672e+02
2.264448478922856509e+02
2.265322961448133015e+02
2.266009834507602818e+02
2.266997626582278542e+02
2.267906068386274967e+02
2.268702170905978903e+02
2.269347720623358100e+02
2.269820115337154789e+02
2.270230126980335967e+02
2.270597471837433261e+02
2.271260971459278721e+02
2.271589692301568277e+02
2.271939497750975363e+02
2.272515735709736475e+02
2.273226529535864984e+02
2.273169632194888834e+02
2.273486846688161904e+02
2.273888511563569921e+02
2.274002816256667359e+02
2.274354139300214968e+02
2.274685124094419280e+02
2.274996927493830015e+02
2.275098345076029034e+02
2.275125773724225837e+02
2.275371238356818822e+02
2.275394636673035507e+02
2.275573886931773018e+02
2.275836318764429507e+02
2.275793042452830264e+02
2.275764407192898773e+02
2.275663860361436264e+02
2.275910668438022526e+02
2.275873275913541818e+02
2.276356492815062609e+02
2.276478534750417850e+02
2.276498736167502557e+02
2.276330768350449887e+02
2.276242213000557228e+02
2.276072192699625703e+02
2.275938022450441736e+02
2.275282757642703473e+02
2.275243063848419638e+02
2.275230400644853148e+02
2.275308606500278756e+02
2.275384548403789609e+02
2.275320187485072836e+02
2.275138499124273608e+02
2.275343486286919870e+02
2.275299140195844245e+02
2.275107226733540244e+02
2.275158153212323953e+02
2.275155976335482819e+02
2.275257866610938606e+02
2.275120076526550292e+02
2.275167134384205099e+02
2.275239618163362820e+02
2.275074785048961132e+02
2.275127428150624951e+02
2.275410260429106017e+02
2.275459831024599850e+02
2.275689410675901740e+02
2.275898963060265885e+02
2.276009137907013837e+02
2.275855388205556835e+02
2.276025632413820574e+02
2.276149229261205278e+02
2.276318391250696607e+02
2.276384369277923838e+02
2.276410043985351592e+02
2.276432583990128080e+02
2.276501062315898309e+02
2.276349489491282441e+02
2.276438306066395967e+02
2.276384232445665248e+02
2.276151654923970966e+02
2.276115916825889656e+02
2.276084184181195837e+02
2.276206201237958737e+02
2.276140360042990096e+02
2.276262936868083671e+02
2.276045460652018164e+02
2.276226153869118605e+02
2.276189171841413952e+02
2.276235980913143919e+02
2.275825036322744950e+02
2.275644567012976722e+02
2.273603216304434227e+02
2.272857119755592805e+02
2.272906603276013016e+02
2.272734443416129295e+02
2.272513334925563129e+02
2.272637180558872672e+02
2.272622900246795723e+02
2.272600920010349625e+02
2.272689164377836164e+02
2.272572210114640541e+02
2.272745676100628884e+02
2.272773241581084278e+02
2.272714428588488147e+02
2.272668763932011871e+02
2.272543015086378375e+02
2.272747927613247327e+02
2.273004811519783459e+02
2.273081338070217328e+02
2.273044467996178639e+02
2.273075653311838096e+02
2.272949058594061000e+02
