1.054223073147788403e+00
1.069993456166540513e+00
1.072936903130815356e+00
1.082367947485736392e+00
1.052491257847487871e+00
3.181696182082165980e-01
2.484944070673401340e-01
2.266939837631132271e-01
2.152167133596449844e-01
2.183582646571644859e-01
2.176642604445716833e-01
2.194548679986094430e-01
2.160180773399316967e-01
2.211508967096787459e-01
2.146236784523833929e-01
2.217145354900717791e-01
2.152026543424469807e-01
2.226373182552504049e-01
2.136855585775342126e-01
2.109581092411198233e-01
2.166993006277990186e-01
2.116022678472832819e-01
2.152601685037115742e-01
2.111766630539252676e-01
2.104749902864972155e-01
2.117748103310770624e-01
2.181524917690844667e-01
2.151783705854685980e-01
2.122655978405349475e-01
2.146326250996912210e-01
2.190164822805259481e-01
2.101299053189096266e-01
2.100187112737980921e-01
2.067225107871004663e-01
2.110948651356822914e-01
2.111779411463978184e-01
2.088556471237807133e-01
2.153662501789329331e-01
2.174239790597329303e-01
2.137545755710517081e-01
2.216825831782581191e-01
2.210051941678084220e-01
2.175057769779759065e-01
2.210537616817651874e-01
2.220532299952966138e-01
2.231907322958630591e-01
2.196248542974581219e-01
2.174751027586347973e-01
2.172258747264882162e-01
2.172706079630273290e-01
2.147118668329890956e-01
2.202690129036216082e-01
2.127691662747183132e-01
2.133494202572544518e-01
2.066458252387476657e-01
2.160244678022944231e-01
2.173460154189075788e-01
2.142479192654546949e-01
2.165663790106541753e-01
2.133570888120897291e-01
1.949410543751661506e-01
1.984161878080202834e-01
2.013532443099323166e-01
1.970077299032739482e-01
1.998808817815586614e-01
2.014260955808674647e-01
2.088300852743297797e-01
2.090039058505961111e-01
2.135130160937404042e-01
2.048756671642706639e-01
2.090371362548823220e-01
2.049996421341076791e-01
2.107254964111163476e-01
2.118911167460788003e-01
2.082178789799799534e-01
2.087393407087789754e-01
2.092390748655446608e-01
2.109862272755158308e-01
2.142773153923232532e-01
2.160973190732295990e-01
2.106884317294124842e-01
2.158301977464673616e-01
2.102947792478681299e-01
2.175351731048444925e-01
2.153227950348663711e-01
2.108545837508435383e-01
2.079699290403059231e-01
2.175096112553935590e-01
2.133366393325289989e-01
2.158250853765771582e-01
2.136421034334676228e-01
2.113198094108504899e-01
2.160564201141080831e-01
2.145393243491953150e-01
2.177511707327048629e-01
2.179607778982024791e-01
2.168782335739555533e-01
2.190676059794278152e-01
2.213732847999018427e-01
2.143386638310054992e-01
2.116674505633831527e-01
2.162276845054293406e-01
2.167235843847774013e-01
2.176668166295167850e-01
2.144102370094680965e-01
2.198267929081204886e-01
2.149150835361240131e-01
2.153739187337682381e-01
2.126272980102656418e-01
2.087776834829553618e-01
2.116942905053066371e-01
2.178265781885851127e-01
2.102538802887466418e-01
2.142466411729821441e-01
2.158097482669066036e-01
2.143386638310054992e-01
2.092020101838408253e-01
2.074868100856833153e-01
2.073768941330443039e-01
2.086166438314144833e-01
1.995524120161141779e-01
1.987012024293981771e-01
2.032614363714443373e-01
2.031016748123760374e-01
1.988341240465430204e-01
2.166251712643913196e-01
2.182253430400196426e-01
2.078331731457434273e-01
2.105682910369931216e-01
2.098857896566532488e-01
2.092314063107093836e-01
2.075200404899695261e-01
2.148907997791456304e-01
2.099790904071491271e-01
2.103855238134189620e-01
2.108341342712828081e-01
2.107497801680947302e-01
2.063735915420952527e-01
2.157138913314656237e-01
2.116763972106909808e-01
2.142875401321036322e-01
2.147412629598576816e-01
2.149930471769493368e-01
2.148358418028261108e-01
2.144549702460072371e-01
2.135794769023128259e-01
2.128982536144455040e-01
2.191238420482198856e-01
2.106321956606204415e-01
2.214346332385840888e-01
2.149623729576082276e-01
2.160934847958119465e-01
2.080159403693176146e-01
2.115051328193697511e-01
2.121684628126214167e-01
2.169561972147808770e-01
2.141341690353980587e-01
2.120611030449275070e-01
2.101196805791292477e-01
2.146926954459008885e-01
2.163695527698820120e-01
2.156793828347068620e-01
2.119486309073434216e-01
2.122796568577329790e-01
2.067276231569906420e-01
2.097349747448927493e-01
2.010171059896525558e-01
2.054456964070264513e-01
2.190254289278337763e-01
2.115664812580519694e-01
2.175862968037463319e-01
2.156653238175088583e-01
2.101912537575918727e-01
2.034761559068321846e-01
2.158723747980614005e-01
2.120956115416862686e-01
2.134542238400032599e-01
2.133992658636837680e-01
2.130298971391177965e-01
2.147706590867262400e-01
1.991651499969325778e-01
2.071276661008977227e-01
2.000802642072759263e-01
2.090984846935645403e-01
2.075609394490910142e-01
2.148281732479908335e-01
2.110590785464510066e-01
2.127525510725752078e-01
2.102666612134721225e-01
2.148933559640907043e-01
2.123972413652072677e-01
2.157650150303674907e-01
2.156487086153657251e-01
2.164896934623013747e-01
2.099995398867098850e-01
2.172552708533567745e-01
2.104519846219913837e-01
2.126912026338929618e-01
2.164756344451033709e-01
2.089323326721334861e-01
2.119882517739923589e-01
2.168871802212633815e-01
2.126132389930676381e-01
2.143476104783133274e-01
2.159094394797652361e-01
2.155157869982208818e-01
2.143744504202368117e-01
2.166622359460951830e-01
2.153624159015153083e-01
2.130056133821394138e-01
2.107830105723809411e-01
2.089719535387824512e-01
2.083047892681131330e-01
2.148230608781006579e-01
2.080760107155272820e-01
2.097988793685200692e-01
2.102692173984172241e-01
2.149470358479376730e-01
2.126605284145518526e-01
2.141891270117175505e-01
2.073181018793071595e-01
2.118885605611337264e-01
2.200542933682337887e-01
2.201322570090591124e-01
2.062981840862150029e-01
2.125493343694402903e-01
2.097413652072554757e-01
2.084658289196539838e-01
2.133200241303858935e-01
2.130605713584589334e-01
2.146198441749657404e-01
2.118821700987709999e-01
2.147757714566164156e-01
2.052322549641111549e-01
2.131538721089548394e-01
2.093489908181836723e-01
2.124790392834502439e-01
2.070701519396331292e-01
2.112661295270035489e-01
1.994450522484202681e-01
2.018146356925216156e-01
1.950688636224208183e-01
1.940604486615815638e-01
1.950190180159915021e-01
2.000777080223308246e-01
2.051466227684505539e-01
2.106590356025439259e-01
2.107702296476554604e-01
2.132241671949448858e-01
2.178572524079262218e-01
2.129008097993906057e-01
2.123819042555366854e-01
2.086192000163595850e-01
2.136740557452812828e-01
2.123205558168544671e-01
2.131960491605488506e-01
2.082843397885523751e-01
2.117556389439888831e-01
2.099381914480276390e-01
2.114897957096991965e-01
2.127436044252673797e-01
2.159465041614690994e-01
2.121901903846546977e-01
2.178725895175967764e-01
2.141443937751784099e-01
2.221746487801885550e-01
2.130196723993374452e-01
2.157087789615754203e-01
2.168207194126909598e-01
2.108200752540847767e-01
2.139130590376474850e-01
2.098436126050592099e-01
2.088594814011983380e-01
2.069397865074333875e-01
2.127717224596634149e-01
2.138056992699535752e-01
2.216263471094660764e-01
2.155081184433856045e-01
2.137545755710517081e-01
2.196427475920737782e-01
2.177971820617165266e-01
2.142619782826526986e-01
2.146479622093617756e-01
2.135500807754442676e-01
2.134478333776405334e-01
2.203380298971391316e-01
2.135884235496206540e-01
2.074701948835402099e-01
2.095061961923068983e-01
2.107344430584241757e-01
2.118566082493200664e-01
2.166328398192265969e-01
2.102359869941309856e-01
2.104813807488599420e-01
2.108072943293593238e-01
2.105312263552892582e-01
2.093898897773051604e-01
2.129327621112042657e-01
2.088441442915277835e-01
2.071097728062820664e-01
2.036231365411750316e-01
1.977094026707020280e-01
1.924756139956238232e-01
1.975074640600396614e-01
2.012599435594364106e-01
2.053536737490030961e-01
2.159145518496554395e-01
2.138670477086358213e-01
2.096071654976380816e-01
2.098295535878611784e-01
2.140664301343530862e-01
2.106999345616654140e-01
2.215969509825974904e-01
2.174354818919858601e-01
2.135845892722030293e-01
2.145738328459540767e-01
2.115664812580519694e-01
2.169229668104946662e-01
2.113057503936524861e-01
2.129557677757100975e-01
2.086307028486125148e-01
2.129212592789513636e-01
2.092480215128524890e-01
2.170175456534631231e-01
2.067442383591337474e-01
2.113645426473896305e-01
2.126042923457598099e-01
2.146262346373284668e-01
2.171836976748941772e-01
2.162928672215292114e-01
2.177102717735833748e-01
2.142824277622134566e-01
2.133097993906055145e-01
2.082421627369583361e-01
2.157036665916852447e-01
2.107791762949632886e-01
2.204402772949428380e-01
2.124790392834502439e-01
2.134491114701130843e-01
2.120061450686080151e-01
2.175198359951739102e-01
2.114105539764012942e-01
2.150390585059610282e-01
2.130145600294472419e-01
2.115102451892599267e-01
2.125787304963088764e-01
2.193245025664096737e-01
2.111766630539252676e-01
2.173166192920390205e-01
2.141904051041901014e-01
2.136306006012146930e-01
2.139514018118238992e-01
2.139424551645160710e-01
2.055236600478517750e-01
2.092045663687859269e-01
2.186189955215639691e-01
2.163976708042780195e-01
2.190228727428887023e-01
2.156231467659148193e-01
2.115128013742050284e-01
1.968057912926116093e-01
2.010886791681151808e-01
1.947429500419214365e-01
2.042174495409091739e-01
2.035605100100202347e-01
2.079328643586020597e-01
2.167747080836792684e-01
2.119166785955297339e-01
2.126503036747714737e-01
2.102053127747898764e-01
2.131653749412077414e-01
2.125058792253737006e-01
2.150390585059610282e-01
2.161343837549334346e-01
2.217337068771599862e-01
2.093272632461503913e-01
2.178764237950144289e-01
2.145827794932619048e-01
2.118923948385513512e-01
2.137775812355575678e-01
2.102564364736917435e-01
2.080913478251978366e-01
2.110565223615059050e-01
2.112111715506840293e-01
2.032678268338070915e-01
2.097043005255516124e-01
2.131743215885155696e-01
2.145482709965031431e-01
2.129084783542258830e-01
2.187046277172245978e-01
2.129506554058199219e-01
2.176757632768246131e-01
2.141712337171018943e-01
2.135564712378069940e-01
2.170571665201120604e-01
2.154467700047033862e-01
2.135730864399500994e-01
2.170431075029140566e-01
2.173971391178094459e-01
2.079494795607451929e-01
2.160244678022944231e-01
2.151285249790392817e-01
2.158825995378417517e-01
2.139347866096807937e-01
2.111804973313429201e-01
2.066407128688574901e-01
2.125467781844952164e-01
2.092927547493916296e-01
2.115971554773931063e-01
2.217988895932598570e-01
2.155515735874521943e-01
2.135027913539600530e-01
2.128100652338398013e-01
2.057013149015357589e-01
2.093132042289523598e-01
2.135871454571481032e-01
2.150952945747530709e-01
2.153061798327232657e-01
2.134171591582994243e-01
2.126272980102656418e-01
1.945908570376883862e-01
1.994987321322672369e-01
2.011755894562483327e-01
1.943965869818613246e-01
2.040781374614016042e-01
2.019309421075233535e-01
2.082408846444857853e-01
2.136523281732480017e-01
2.131410911842293587e-01
2.082945645283327540e-01
2.139143371301200358e-01
2.179326598638064716e-01
2.132893499110447566e-01
2.145866137706795296e-01
2.161024314431197746e-01
2.048347682051491758e-01
2.115498660559088639e-01
2.121607942577861394e-01
2.081565305412977351e-01
2.208940001226968874e-01
2.213387763031430810e-01
2.158787652604241269e-01
2.192209770761334164e-01
2.169664219545612560e-01
2.100340483834686467e-01
2.140817672440236408e-01
2.085616858550949915e-01
2.068567104967178605e-01
2.109529968712296200e-01
2.114578433978855365e-01
2.121326762233901042e-01
2.152473875789861213e-01
2.127308235005418990e-01
2.115677593505245202e-01
2.178789799799595028e-01
2.105670129445205707e-01
2.164015050816956720e-01
2.054865953661479394e-01
2.172846669802253605e-01
2.070714300321056800e-01
2.137392384613811536e-01
2.116086583096460083e-01
2.117837569783848906e-01
2.138734381709985477e-01
2.114846833398089931e-01
2.132433385820330929e-01
2.129596020531277500e-01
2.129404306660395430e-01
2.128841945972475003e-01
2.170354389480787793e-01
2.168347784298889636e-01
2.163248195333428714e-01
2.191097830310218542e-01
2.166149465246109407e-01
2.136382691560499703e-01
2.116981247827242896e-01
2.195277192695445911e-01
2.160807038710864936e-01
2.207776937076951496e-01
2.135411341281364395e-01
1.987165395390687317e-01
2.003601664587636166e-01
2.008062207316823888e-01
1.950650293450031658e-01
1.956618985296824098e-01
2.044321690762970212e-01
2.084645508271814607e-01
2.068746037913335167e-01
2.097899327212122411e-01
2.044117195967362632e-01
2.066739432731437009e-01
2.088812089732316191e-01
2.097809860739044130e-01
2.101158463017116229e-01
2.114782928774462667e-01
2.134670047647287405e-01
2.090358581624097711e-01
2.113159751334328651e-01
2.086946074722398348e-01
2.130490685262060035e-01
2.154506042821210110e-01
2.110271262346373189e-01
2.155183431831659835e-01
2.120789963395431632e-01
2.123755137931739589e-01
2.141955174740802770e-01
2.152154352671724613e-01
2.101631357231958375e-01
2.086153657389419325e-01
2.128573546553240159e-01
2.133391955174740728e-01
2.121262857610273778e-01
2.211675119118218513e-01
2.192030837815177602e-01
2.145508271814482448e-01
2.197411607124598598e-01
2.152550561338213986e-01
2.188017627451381286e-01
2.184784053495838485e-01
2.111996687184311272e-01
2.154506042821210110e-01
2.185295290484857156e-01
2.177307212531441050e-01
2.128292366209280084e-01
2.144690292632052409e-01
2.090614200118607047e-01
2.136280444162696190e-01
2.119486309073434216e-01
2.127678881822457624e-01
2.108852579701846475e-01
2.149649291425533293e-01
2.143297171836976711e-01
2.122898815975133302e-01
2.082217132573976059e-01
2.117287990020653987e-01
2.075225966749146278e-01
2.064477209055029516e-01
2.100340483834686467e-01
2.108162409766671519e-01
2.044807365902537866e-01
1.969629966667348353e-01
1.958957894521584364e-01
1.930686489028854147e-01
2.030288235414408615e-01
2.038570274636510582e-01
2.130938017627451442e-01
2.140766548741334652e-01
2.153061798327232657e-01
2.164756344451033709e-01
2.078191141285454235e-01
2.139207275924827623e-01
2.114246129935993257e-01
2.142389726181468668e-01
2.148064456759575525e-01
2.113977730516758413e-01
2.143131019815545657e-01
2.144434674137543073e-01
2.107791762949632886e-01
2.085399582830616827e-01
2.076670211243123731e-01
2.061946585959387457e-01
2.100890063597881385e-01
2.111102022453528460e-01
2.111856097012330957e-01
2.142504754503997966e-01
2.131487597390646360e-01
2.082868959734974768e-01
2.121761313674566940e-01
2.088262509969121272e-01
2.138325392118770596e-01
2.061243635099486715e-01
2.055901208564241966e-01
2.026696795566552967e-01
2.129774953477434063e-01
2.037036563669454570e-01
2.150160528414551964e-01
2.138568229688554423e-01
2.107139935788634177e-01
2.170469417803316814e-01
2.095982188503302535e-01
2.134414429152778070e-01
2.056144046134025793e-01
2.114834052473364423e-01
2.099151857835218071e-01
2.004662481339850033e-01
2.049715240997116716e-01
2.067429602666612243e-01
2.084198175906423200e-01
2.151157440543138288e-01
2.104379256047933522e-01
2.080951821026154891e-01
2.190049794482730461e-01
2.125966237909245327e-01
2.141098852784196760e-01
2.144664730782601669e-01
2.143552790331486047e-01
1.994514427107830223e-01
2.084811660293245661e-01
2.067071736774299118e-01
2.025035275352242148e-01
1.952184004417087670e-01
2.007435942005275920e-01
1.984340811026359397e-01
1.992571726549559330e-01
2.100826158974254121e-01
2.093272632461503913e-01
2.087048322120202137e-01
2.157190037013557993e-01
2.141840146418273749e-01
2.209170057872027193e-01
2.158698186131162988e-01
2.121377885932803076e-01
2.130592932659863825e-01
2.158672624281711971e-01
2.078664035500296381e-01
2.136817243001165600e-01
2.094652972331854102e-01
2.091802826118075165e-01
2.066969489376495328e-01
2.099420257254452915e-01
2.092326844031819344e-01
2.136830023925891109e-01
2.090102963129588376e-01
2.087201693216907683e-01
2.096953538782438120e-01
2.070675957546880552e-01
2.092723052698308717e-01
2.071532279503486562e-01
2.116303858816793171e-01
2.100212674587431660e-01
2.094410134762070275e-01
2.117620294063516095e-01
2.083469663197071720e-01
2.054917077360381150e-01
2.046507228891024655e-01
2.074459111265618272e-01
2.154224862477250035e-01
2.128509641929612894e-01
2.027271937179198902e-01
2.205872579292857127e-01
2.212250260730864448e-01
2.105900186090264026e-01
2.152294942843704650e-01
2.169804809717592597e-01
2.106845974519948594e-01
2.122502607308643929e-01
2.175671254166581525e-01
2.095828817406596989e-01
2.174520970941289655e-01
2.100033741641275098e-01
2.129123126316435355e-01
2.120559906750373313e-01
2.153151264800310938e-01
2.157343408110263538e-01
2.122195865115232838e-01
2.184387844829349112e-01
2.155963068239913349e-01
2.130516247111511052e-01
2.050584343878448235e-01
2.107267745035888706e-01
1.921612032473773435e-01
2.054278031124107951e-01
1.972109466064088656e-01
1.989056972250056177e-01
2.072005173718328985e-01
2.053536737490030961e-01
2.065320750086910295e-01
2.098372221426964557e-01
2.128343489908181840e-01
2.113734892946974586e-01
2.120176479008609172e-01
2.130720741907118354e-01
2.133954315862661433e-01
2.164820249074660974e-01
2.093502689106562231e-01
2.116802314881086333e-01
2.085131183411382261e-01
2.127269892231242743e-01
2.101733604629762164e-01
2.137226232592380482e-01
2.105222797079814301e-01
2.103612400564405516e-01
2.127499948876301061e-01
2.136267663237970682e-01
2.123716795157563342e-01
2.121109486513568232e-01
2.115639250731068954e-01
2.123269462792171935e-01
2.126643626919694774e-01
2.166123903396658668e-01
2.101746385554487673e-01
2.161561113269667156e-01
2.150211652113453720e-01
2.117978159955829220e-01
2.187340238440931561e-01
2.166890758880186396e-01
2.162404654301547935e-01
2.176578699822089569e-01
2.168092165804380300e-01
2.145418805341404167e-01
2.135360217582462639e-01
2.168501155395595181e-01
2.135027913539600530e-01
2.195251630845994895e-01
2.108916484325474017e-01
2.084172614056972184e-01
2.096314492546164643e-01
2.130771865606020388e-01
2.123780699781190606e-01
2.151822048628862505e-01
2.111434326496390568e-01
2.094128954418109922e-01
2.120649373223451595e-01
2.111638821291998147e-01
2.087623463732848073e-01
2.121569599803684869e-01
2.133238584078035183e-01
2.132433385820330929e-01
2.163427128279585276e-01
2.083738062616306286e-01
2.013928651765812539e-01
1.961731355187010528e-01
2.024434571890145473e-01
1.941243532852088838e-01
2.125058792253737006e-01
2.104098075703973447e-01
2.129187030940062619e-01
2.103676305188033058e-01
2.135181284636306076e-01
2.120125355309707416e-01
2.101925318500644235e-01
2.069001656407844503e-01
2.073832845954070581e-01
2.121710189975665184e-01
2.081616429111879107e-01
2.129813296251610311e-01
2.068899409010040713e-01
2.161407742172961610e-01
2.185691499151346529e-01
2.169779247868141858e-01
2.199801640048260898e-01
2.196619189791619853e-01
2.157854645099282209e-01
2.127333796854870007e-01
2.076274002576634359e-01
2.039541624915645890e-01
2.112418457700251662e-01
2.150735670027197899e-01
2.139002781129220321e-01
2.144882006502934479e-01
2.090563076419705013e-01
2.125570029242755676e-01
2.143974560847426436e-01
2.102078689597349781e-01
2.112840228216191774e-01
2.124930983006482477e-01
2.100084865340177132e-01
2.070701519396331292e-01
2.056629721273593725e-01
2.054891515510930133e-01
2.076325126275536392e-01
2.124969325780659002e-01
2.105746814993558480e-01
2.081437496165722545e-01
2.165331486063679645e-01
2.113990511441483922e-01
2.166545673912599057e-01
2.127321015930144499e-01
2.072784810126582222e-01
1.990680149690190470e-01
2.046085458375084265e-01
2.030134864317703070e-01
2.112661295270035489e-01
2.062534508496758623e-01
2.089591726140569705e-01
2.053626203963109242e-01
2.127691662747183132e-01
2.099624752050060217e-01
2.041995562462935454e-01
2.076465716447516430e-01
1.954433447168769655e-01
2.040219013926095615e-01
1.996112042698513223e-01
1.978065376986155588e-01
2.077884399092043144e-01
2.131474816465920852e-01
2.187851475429950232e-01
2.112980818388172088e-01
2.137315699065458763e-01
2.161471646796589152e-01
2.085476268378969877e-01
2.158225291916320843e-01
2.136408253409950719e-01
2.142530316353448705e-01
2.197731130242735198e-01
2.098793991942904946e-01
2.079737633177235756e-01
2.132765689863193037e-01
2.152192695445900861e-01
2.100864501748430369e-01
2.142108545837508315e-01
2.064950103269871662e-01
2.107830105723809411e-01
2.111395983722214320e-01
2.108865360626571983e-01
2.098921801190159753e-01
2.079916566123392041e-01
2.053217214371894361e-01
2.088224167194945025e-01
2.104596531768266610e-01
2.082638903089916449e-01
2.120010326987178118e-01
2.113696550172798061e-01
2.148524570049692162e-01
2.087891863152082916e-01
2.147847181039242437e-01
2.100135989039078888e-01
2.102794421381975754e-01
2.104660436391893874e-01
2.069270055827079069e-01
2.013455757550970393e-01
2.134989570765424005e-01
2.126311322876832666e-01
2.051287294738348976e-01
2.121147829287744757e-01
2.099049610437414282e-01
2.125161039651540795e-01
2.118757796364082457e-01
2.145137624997443815e-01
2.092403529580172117e-01
2.097106909879143666e-01
2.068324267397394778e-01
2.161407742172961610e-01
2.145623300137011469e-01
2.166034436923580386e-01
2.125046011329011775e-01
2.219560949673830830e-01
2.181128709024355294e-01
2.166277274493364213e-01
2.161765608065274735e-01
1.999473425901310830e-01
2.004112901576654837e-01
2.054623116091695567e-01
1.999626796998016376e-01
1.995421872763338267e-01
2.055671151919183648e-01
2.023220384041226061e-01
2.117581951289339570e-01
2.108136847917220502e-01
2.153470787918447538e-01
2.059646019508803438e-01
2.128369051757632857e-01
2.172169280791803880e-01
2.126707531543322316e-01
2.133609230895073816e-01
2.196810903662501924e-01
2.114131101613463959e-01
2.140945481687490937e-01
2.137852497903928450e-01
2.177192184208911752e-01
2.104072513854522430e-01
2.102756078607799506e-01
2.122298112513036628e-01
2.103970266456718641e-01
2.111996687184311272e-01
2.075877793910144986e-01
2.125109915952639039e-01
2.071813459847446914e-01
2.147821619189791698e-01
2.041305392527760221e-01
2.114706243226109894e-01
2.075059814727715224e-01
2.133443078873642762e-01
2.089821782785628024e-01
2.119358499826179409e-01
2.143131019815545657e-01
2.185665937301895789e-01
2.154927813337150500e-01
2.129314840187317148e-01
2.141648432547391678e-01
2.157458436432792837e-01
2.116572258236028015e-01
2.173204535694566453e-01
2.123870166254268887e-01
2.108788675078219210e-01
2.090486390871352240e-01
2.084415451626756011e-01
2.122042494018527292e-01
2.129583239606551992e-01
2.011564180691601533e-01
2.108277438089200539e-01
2.074446330340892763e-01
2.113466493527739742e-01
