6.020894571820497587e-01
5.997134038800705502e-01
6.130621693121692806e-01
6.766975308641974829e-01
6.082524985302762977e-01
1.805396335488927972e-01
8.939594356261022778e-02
6.790123456790123080e-02
5.549676660787771637e-02
4.744145600627082404e-02
4.237090926905742044e-02
3.677616108171663512e-02
3.844919655104840628e-02
3.555873995688810241e-02
3.588942778757593655e-02
3.933837938467567991e-02
3.956741132667058319e-02
3.816382520086223501e-02
3.764942190868116739e-02
3.967886537330982122e-02
4.188957475994513346e-02
3.787110523221634550e-02
3.741059180873995693e-02
3.529541446208112748e-02
3.175582990397805144e-02
3.522927689594355927e-02
3.326842053693905565e-02
3.558690966098373293e-02
3.604742308446012150e-02
3.530398785028414366e-02
3.499289633548893080e-02
3.431804820693709623e-02
3.222001763668430607e-02
3.717666078777189659e-02
3.675656476582402771e-02
3.689986282578874843e-02
3.609886341367822549e-02
3.309572800313541341e-02
3.669655104840290061e-02
3.593964334705075647e-02
3.286547129139721912e-02
3.736037624926513701e-02
3.955393885949441690e-02
4.274691358024691051e-02
3.968988830099941245e-02
3.784048598863413992e-02
3.546320791691161961e-02
3.742896335488928028e-02
3.242577895355672896e-02
2.954389574759945167e-02
3.009136782284930339e-02
3.062536743092298536e-02
3.333823241230648299e-02
3.516068979031942293e-02
3.587962962962962937e-02
3.749999999999999861e-02
3.593596903782089041e-02
3.675656476582402771e-02
3.822016460905349605e-02
3.505291005291005096e-02
3.403145208700764091e-02
2.976312953164805125e-02
3.448216735253772230e-02
3.638668430335097181e-02
3.611111111111110772e-02
3.517906133646874628e-02
3.452258475406623506e-02
3.388447971781305412e-02
3.529541446208112748e-02
3.604864785420341250e-02
3.809768763472467373e-02
3.476998824221046169e-02
3.418822261414854180e-02
3.317166372721928186e-02
3.220654516950813284e-02
3.692680776014109489e-02
3.060944542426024054e-02
2.986233588085440011e-02
3.117651381540270314e-02
3.579512051734273781e-02
3.514354301391338364e-02
3.847246717617087974e-02
4.161155202821869431e-02
4.214065255731922616e-02
3.963109935332157635e-02
3.956618655692729913e-02
4.174627669998040580e-02
4.105673133450911394e-02
4.053497942386831421e-02
4.124044679600235436e-02
4.095262590632960803e-02
3.999975504605134125e-02
3.930531060160689927e-02
4.013080540858318668e-02
4.465143053106016002e-02
4.232069370958260052e-02
3.874926513815402790e-02
4.012835586909661162e-02
4.133230452674897110e-02
4.314863805604546299e-02
4.626445228297080409e-02
5.592298647854203331e-02
5.318440133254948021e-02
5.365103860474230990e-02
5.536694101508916194e-02
6.146996864589457377e-02
5.963403880070546753e-02
6.072040956300215481e-02
5.642636684303350969e-02
5.174774642367235139e-02
5.349426807760140901e-02
4.865642759161277475e-02
4.863070742700372623e-02
4.636610817166372800e-02
4.590559474818733943e-02
4.572432882618068101e-02
4.483637076229669144e-02
4.327968841857730842e-02
4.243704683519498172e-02
4.238315696649030268e-02
4.826082696453067034e-02
4.908999608073682380e-02
5.557515187144816682e-02
5.750416421712718079e-02
5.261978248089359267e-02
4.728346070938663215e-02
5.132887517146776657e-02
5.537428963354889405e-02
5.288678228493043365e-02
4.609420928865372996e-02
4.546222810111699014e-02
4.948069762884577810e-02
5.022658240250833100e-02
5.134357240838722386e-02
6.125318440133255271e-02
6.528390162649422290e-02
6.195742700372330186e-02
5.974304330785812356e-02
5.862360376249264871e-02
5.040049970605526425e-02
5.249608073682147935e-02
5.100308641975308949e-02
4.801342347638643676e-02
4.821551048402900053e-02
5.175631981187536756e-02
5.017391730354693602e-02
4.985057809131883400e-02
4.884136782284930617e-02
5.046908681167940752e-02
4.416764648246129799e-02
4.762394669802077346e-02
4.450200862237899124e-02
4.272854203409758717e-02
4.369855967078189324e-02
4.834778561630413696e-02
4.621913580246913428e-02
4.511071918479325760e-02
5.237115422300607503e-02
5.264795218498922319e-02
4.975137174211248514e-02
5.193268665490887587e-02
5.314643347050754252e-02
5.520037233000196081e-02
4.824490495786792205e-02
4.726019008426415868e-02
4.821306094454242547e-02
4.697114442484812830e-02
4.325641779345482801e-02
4.725161669606114251e-02
5.490520282186948930e-02
5.356285518322555228e-02
5.075568293160885591e-02
4.915980795610425114e-02
4.759945130315500900e-02
4.435258671369782246e-02
4.518543013913384199e-02
4.617136978248089635e-02
4.776479521849891913e-02
5.042499510092102871e-02
5.606383499902018591e-02
5.881099353321575518e-02
6.208112874779541518e-02
6.199417009602194856e-02
5.703017832647462593e-02
5.314275916127767646e-02
5.496276699980403441e-02
5.775279247501469843e-02
5.182858122672937690e-02
4.749044679600235297e-02
4.513643934940231306e-02
4.821551048402900053e-02
4.572432882618068101e-02
4.792768959435626114e-02
4.665882814030962444e-02
4.573290221438369718e-02
4.286939055457573977e-02
4.376102292768959540e-02
4.583455810307662109e-02
4.353689006466784223e-02
4.167034097589653041e-02
4.708259847148735938e-02
4.549407211444248672e-02
4.419949049578679456e-02
4.698094258279443547e-02
4.598520478150108087e-02
4.749534587497550309e-02
5.091367822849304087e-02
5.341710758377424956e-02
5.465779933372526267e-02
5.081202233980011695e-02
5.105085243974132742e-02
5.157750342935528420e-02
4.781501077797373905e-02
4.799137762100724736e-02
4.917328042328042437e-02
5.117210464432686567e-02
5.277777777777777762e-02
5.584582598471487386e-02
5.416299235743680246e-02
4.997305506564765631e-02
5.310601606897902977e-02
5.509871644130903690e-02
5.020943562610229172e-02
4.768518518518518462e-02
4.732020380168528578e-02
5.063443072702331765e-02
5.165466392318244365e-02
6.034930433078581485e-02
5.518812463256907858e-02
6.211664707035077088e-02
6.530839702135998737e-02
6.129727611209092458e-02
5.545022535763276250e-02
5.825617283950617481e-02
5.932417205565353874e-02
5.428791887125220678e-02
5.630144032921810537e-02
5.339138741916519409e-02
5.474108367626886323e-02
6.019988242210464607e-02
6.124338624338624554e-02
6.455148932000784323e-02
6.236037624926513839e-02
6.029663923182441987e-02
6.253061924358220558e-02
5.980918087399569177e-02
6.152630805408583481e-02
5.513178522437781753e-02
5.675460513423476183e-02
5.486356065059768555e-02
5.462350578091319103e-02
5.177101704879482486e-02
5.306682343719380801e-02
5.403806584362139814e-02
5.779320987654321118e-02
5.115740740740740838e-02
5.038335292964922496e-02
5.567925729962767273e-02
5.290637860082304800e-02
5.705834803057024951e-02
5.300068587105623980e-02
5.318685087203605527e-02
5.725798549872623822e-02
5.740005878894767488e-02
5.987531844013325305e-02
6.033705663335293262e-02
5.412257495590828971e-02
5.179428767391730526e-02
5.666764648246129521e-02
6.020355673133451213e-02
5.702650401724475987e-02
5.413482265334117194e-02
5.342813051146384773e-02
5.428057025279247466e-02
5.169875563394082246e-02
4.878380364491475413e-02
5.006613756613756405e-02
5.029271996864589228e-02
5.530692729766804178e-02
5.921639231824416677e-02
6.481114050558495210e-02
6.226116990005878954e-02
6.404076033705663473e-02
6.373456790123456506e-02
6.900597687634724142e-02
6.558764452282971058e-02
5.716857730746619654e-02
5.547961983147168402e-02
5.897878698804624731e-02
5.663335292964922357e-02
6.265922006662746901e-02
6.285763276504016672e-02
6.089800117577895411e-02
6.043381344307269948e-02
6.144792279051538436e-02
6.133279443464628722e-02
6.093229472859102575e-02
5.438957475994513069e-02
5.212007642563198234e-02
5.218498922202625956e-02
5.869341563786008298e-02
5.223275524201450443e-02
5.280349794238683309e-02
5.685748579267097674e-02
6.234322947285909911e-02
5.916985106799921290e-02
6.076695081324710868e-02
5.578091318832059664e-02
6.242528904565941561e-02
5.868239271017048481e-02
5.815696649029982596e-02
5.684523809523809451e-02
5.481579463060944762e-02
5.709631589261218720e-02
6.145527140897510954e-02
5.887835586909660746e-02
5.430751518714481418e-02
5.334117185969038111e-02
5.478395061728395105e-02
5.930335097001763339e-02
5.757275132275132407e-02
5.336566725455614557e-02
5.391803840877915088e-02
5.372085048010973723e-02
5.546614736429551079e-02
5.766215951401136575e-02
6.426244366059180591e-02
6.238609641387419386e-02
6.404198510679992573e-02
6.674750146972369125e-02
5.951646090534979533e-02
5.834068195179306637e-02
5.780545757397609341e-02
6.172961983147168263e-02
5.725063688026651304e-02
5.633328434254360195e-02
5.971487360376249304e-02
6.212277091906721199e-02
6.263594944150499555e-02
6.422447579854986821e-02
5.743435234175974652e-02
6.013741916519694392e-02
5.639942190868117017e-02
5.561067019400352945e-02
5.710978835978836043e-02
5.391803840877915088e-02
5.726043503821281327e-02
5.672521066039584725e-02
6.006270821085635953e-02
5.898980991573583854e-02
6.090045071526552917e-02
6.746766607877718869e-02
6.990985694689398622e-02
6.816823437193807178e-02
6.645355673133450380e-02
6.993435234175975068e-02
6.621840094062315940e-02
6.407872819909857243e-02
6.681363903586125252e-02
6.539535567313345399e-02
6.759626690182245212e-02
6.316504997060552740e-02
6.001371742112483060e-02
6.379213207916911710e-02
6.373334313149127406e-02
6.529859886341367325e-02
7.354497354497353812e-02
6.576033705663335283e-02
6.247060552616107848e-02
6.468009014305310667e-02
6.270821085635899794e-02
6.106579463060944624e-02
5.859175974916715907e-02
5.431118949637468024e-02
5.797815010777973566e-02
6.162673917303546772e-02
6.552885557515186754e-02
6.087350578091318964e-02
7.146408975112679418e-02
7.462399568881050715e-02
6.927542621987066440e-02
7.055776014109348127e-02
7.262394669802077485e-02
7.516411914560063023e-02
6.749216147364295315e-02
7.064104448363707489e-02
6.948731138545953534e-02
6.592690574172055396e-02
7.019890260631000967e-02
7.139672741524592803e-02
7.137345679012345456e-02
6.800656476582402077e-02
6.972491671565746174e-02
6.836052322163432837e-02
7.032995296884185510e-02
6.870713305898491774e-02
6.349206349206348854e-02
5.834803057025279155e-02
5.535101900842641365e-02
5.659048598863413576e-02
6.143812463256907719e-02
6.296908681167939781e-02
7.937855183225553390e-02
8.422864001567705039e-02
8.134920634920635163e-02
7.695840681951793272e-02
7.089089751126788352e-02
7.216955712326082739e-02
7.025156770527141159e-02
6.737825788751714007e-02
7.098153047227120926e-02
7.343474426807759803e-02
6.919826572604349801e-02
7.318366647070351227e-02
7.674284734469920266e-02
7.653341171859689984e-02
7.727562218302959363e-02
7.436679404271996641e-02
7.307711150303743131e-02
6.997966882226142049e-02
7.657750342935527865e-02
6.590241034685478949e-02
6.785224377816970187e-02
5.823412698412698540e-02
6.210929845189104570e-02
6.480869096609837010e-02
6.379335684891240810e-02
6.839971585341955707e-02
7.078679208308838455e-02
7.221119929453262420e-02
7.326817558299039690e-02
7.637174211248284883e-02
7.350945522241818242e-02
7.503796786204193492e-02
7.947775818146188276e-02
8.445154810895551256e-02
8.467813051146384773e-02
8.430702527924750778e-02
8.944738389182833871e-02
8.669532627865961238e-02
7.899152459337643872e-02
7.224549284734470278e-02
7.556094454242602565e-02
7.645012737605330622e-02
7.817092886537331531e-02
7.560748579267097258e-02
7.290196942974720706e-02
6.648050166568685027e-02
6.754482657260435507e-02
7.292891436409955352e-02
7.947653341171859176e-02
8.115201842053694492e-02
8.398980991573584687e-02
8.832427003723300474e-02
8.453605722124241106e-02
8.282015481089555209e-02
7.688981971389378944e-02
6.630780913188320802e-02
6.665809327846364263e-02
7.076229668822262009e-02
6.968939839310209217e-02
6.928522437781696464e-02
7.295953360768175910e-02
7.064349402312365689e-02
7.145551636292377107e-02
7.022952184989221525e-02
6.759381736233588400e-02
6.699735449735449988e-02
6.706594160297864315e-02
6.828458749755046686e-02
6.224892220262590731e-02
6.334876543209876087e-02
7.090804428767391587e-02
7.377523025671173240e-02
7.588795806388398679e-02
8.090461493239270441e-02
9.547447579854986821e-02
9.167891436409954242e-02
8.783436213991770158e-02
9.428889868704683208e-02
8.640383107975700694e-02
7.847834607093866210e-02
7.902826768567509930e-02
7.985008818342151371e-02
7.234714873603761975e-02
7.293013913384283065e-02
7.701964530668234388e-02
7.500122476974328822e-02
6.763056045463453070e-02
7.001886145404663531e-02
6.891411914560062468e-02
6.870345874975504474e-02
6.398932000783852381e-02
5.877425044091710848e-02
6.266411914560063301e-02
5.717960023515578777e-02
5.883793846756809470e-02
6.085390946502057530e-02
6.900352733686067330e-02
6.372109543405839183e-02
6.878429355281207025e-02
7.248677248677248830e-02
6.779467960023514983e-02
7.327919851067998813e-02
7.108808543993729023e-02
6.619513031550068594e-02
6.645723104056437680e-02
7.477096805800509394e-02
7.654443464628650495e-02
6.748358808543994392e-02
6.447310405643738584e-02
6.991843033509699545e-02
6.426611796982167890e-02
5.961934156378601024e-02
5.894694297472075073e-02
6.076695081324710868e-02
6.450617283950617342e-02
6.386684303350970149e-02
6.156427591612776556e-02
5.684523809523809451e-02
5.768665490887713021e-02
6.604938271604937627e-02
8.339089751126788075e-02
8.244292572996277102e-02
7.967617087987458047e-02
8.397021359984323252e-02
8.783926121889085170e-02
9.558960415441897229e-02
1.069615912208504854e-01
1.038702723887909019e-01
9.805873995688810241e-02
1.063492063492063461e-01
8.234249461101313117e-02
7.230305702527924094e-02
7.703066823437193511e-02
8.098300019596316179e-02
7.099990201842053261e-02
6.761096413874191635e-02
7.644155398785028310e-02
7.562708210856358693e-02
7.105011757789535254e-02
6.952160493827160004e-02
6.417915931804821228e-02
6.470703507740545313e-02
6.327650401724475848e-02
6.516877327062511882e-02
7.035934744268076968e-02
7.090314520870076576e-02
7.270600627082109135e-02
6.703899666862629669e-02
6.577993337252596717e-02
6.194395453654712863e-02
6.260043111894963985e-02
6.560111699000588381e-02
6.506344307270232885e-02
6.466661767587693344e-02
6.104252400548696583e-02
5.638227513227513088e-02
5.843131491279639211e-02
6.476459925533999129e-02
6.611429551244366043e-02
7.303791887125220261e-02
6.491157162453459195e-02
7.188418577307466306e-02
7.202748383303939073e-02
7.662649421908680758e-02
6.570889672741524190e-02
6.630903390162649902e-02
6.759994121105232512e-02
7.318611601019008039e-02
7.381564765824025209e-02
7.806559866745052534e-02
7.127914951989025583e-02
7.724010386047422405e-02
8.034979423868313098e-02
7.878698804624729990e-02
8.139452282970802144e-02
8.215265530080344270e-02
7.504776601998824903e-02
6.758034489515971077e-02
6.940035273368606872e-02
7.103542034097590219e-02
7.123260826964530890e-02
7.286400156770526937e-02
8.220287086027826262e-02
8.699172055653536795e-02
8.794214187732705967e-02
8.855330197922790803e-02
9.119635508524397138e-02
9.365446796002351026e-02
9.652532823829119979e-02
8.678473446991966100e-02
8.545953360768175633e-02
7.220997452478933321e-02
6.572236919459141513e-02
6.170879874583578423e-02
6.333529296492258764e-02
6.721781305114638005e-02
7.323143249069175020e-02
7.296933176562805934e-02
7.277459337644523463e-02
6.519571820497746528e-02
6.634822653341171383e-02
6.161816578483245155e-02
6.148956496178718117e-02
6.054159318048207145e-02
6.587669018224573403e-02
6.411302175191063712e-02
6.496423672349598000e-02
5.951768567509307939e-02
5.448265726043503843e-02
5.453164805016656735e-02
5.131907701352145940e-02
5.322971781305114308e-02
5.729962766999804197e-02
5.374779541446208370e-02
5.941602978640015548e-02
5.814594356261022778e-02
6.246203213795806231e-02
7.083945718204977260e-02
7.122893396041543590e-02
7.539070154810895152e-02
7.798721340388006795e-02
7.751200274348422903e-02
7.375318440133254994e-02
7.787575935724083687e-02
7.468155986674504532e-02
7.409244562022339331e-02
7.246717617087987395e-02
7.215241034685479504e-02
7.340290025475210145e-02
7.565525181265922439e-02
7.700617283950617065e-02
7.647339800117577968e-02
7.726459925534000239e-02
8.059719772682735761e-02
8.173623358808544681e-02
8.122672937487752931e-02
7.172251616696061205e-02
6.935993533215754903e-02
7.343719380756418003e-02
7.124975504605134125e-02
7.131834215167548452e-02
7.396139525769154788e-02
7.866941015089162770e-02
8.027140897511267359e-02
7.824196551048402670e-02
7.841098373505780983e-02
8.092788555751519175e-02
8.333088379384676059e-02
6.804820693709583146e-02
6.998334313149127961e-02
7.545928865373309480e-02
7.489466980207720725e-02
7.878208896727414978e-02
7.719723691945913624e-02
7.851019008426415868e-02
7.610964138741917184e-02
8.450666274740348261e-02
8.750367430922986745e-02
8.951107191847933187e-02
7.606187536743092004e-02
7.235817166372722486e-02
6.828336272780717586e-02
7.122648442092886778e-02
7.260802469135801962e-02
7.531721536351165813e-02
7.691553987850284491e-02
8.140922006662747179e-02
8.053228493043307346e-02
8.340926905741720410e-02
8.171663727219283246e-02
7.726092494611012940e-02
7.397364295512443011e-02
7.128404859886341982e-02
7.160248873211835785e-02
6.693489124044679772e-02
6.880021555947482548e-02
7.161596119929453108e-02
6.796614736429551495e-02
6.884063296100333129e-02
7.330736821477562559e-02
7.579732510288066105e-02
7.198216735253772092e-02
7.109298451891044035e-02
7.422227121301194774e-02
8.092543601802860975e-02
8.332598471487361047e-02
8.201303155006858803e-02
8.899911816578483237e-02
9.480452674897119070e-02
9.793258867332942097e-02
9.584803057025279016e-02
8.999730550656476202e-02
8.266338428375465119e-02
8.094993141289437422e-02
8.141166960611405379e-02
8.317166372721927770e-02
7.872452478933959774e-02
8.711052322163433115e-02
8.366279639427787185e-02
8.617602390750539465e-02
8.685699588477366340e-02
8.030325298843817017e-02
8.102219282774837661e-02
7.707108563590045480e-02
8.115691749951009504e-02
7.354374877523026099e-02
7.127180090143053759e-02
7.201278659611992650e-02
7.763203017832646935e-02
7.597981579463060353e-02
7.137345679012345456e-02
7.876861650009797655e-02
8.035836762688614021e-02
7.524985302763080586e-02
7.570546737213404431e-02
7.887884577699393052e-02
7.471830295904370589e-02
7.837791495198902225e-02
8.382201646090535474e-02
7.878698804624729990e-02
8.296957671957672087e-02
8.674921614736429143e-02
9.462938467568096645e-02
9.514868704683519807e-02
9.137884577699392774e-02
8.421516754850087716e-02
7.811703899666862239e-02
7.761365863217714600e-02
7.656893004115226942e-02
7.496203213795805953e-02
6.463967274152458697e-02
6.566970409563002709e-02
7.086640211640211906e-02
7.382789535567313433e-02
8.033509700176366675e-02
8.315696649029982734e-02
8.124877523025671178e-02
8.649691358024691468e-02
8.676881246325690578e-02
7.947408387223202364e-02
7.963330393885949265e-02
8.384038800705467809e-02
8.603150107779737599e-02
8.925142073290220912e-02
9.418111894963747399e-02
9.235008818342151093e-02
9.394228884969625659e-02
9.001690182245737637e-02
8.864638447971781576e-02
9.105428179502253472e-02
8.773025671173818874e-02
9.018592004703115950e-02
9.041495198902606278e-02
8.576817558299039412e-02
7.318734077993337139e-02
7.643175582990398287e-02
7.828605722124240551e-02
7.605452674897118792e-02
7.909318048206936957e-02
7.945081324710955017e-02
8.625440917107583816e-02
8.936532431902802220e-02
9.302126200274347945e-02
9.615912208504800995e-02
9.588109935332157774e-02
9.666005291005290434e-02
9.617259455222418318e-02
9.577944346462864689e-02
9.164829512051733684e-02
8.568979031941995061e-02
8.079438565549676432e-02
8.601190476190476164e-02
7.666446208112874527e-02
7.782064471879286682e-02
7.808641975308641681e-02
8.048574368018812653e-02
8.459484616892024023e-02
8.676881246325690578e-02
8.505168528316676968e-02
8.529908877131099632e-02
8.184278855575151390e-02
8.101851851851851749e-02
8.370933764452283266e-02
8.291201254164216883e-02
7.858122672937488395e-02
8.319126004311189204e-02
7.566994904957867474e-02
7.593939839310209772e-02
7.887884577699393052e-02
7.664119145600627181e-02
7.187316284538507183e-02
7.638398980991573106e-02
7.500734861845972934e-02
8.575470311581422089e-02
8.370076425631980954e-02
8.571796002351557420e-02
8.227023319615912877e-02
8.461566725455614557e-02
8.223226533411719108e-02
7.655913188320595530e-02
8.278831079757005551e-02
7.416348226533411858e-02
7.589285714285713691e-02
8.081398197138937867e-02
7.720703507740545035e-02
7.694370958259846849e-02
8.485572212424064009e-02
9.348177542621986802e-02
8.846634332745444140e-02
8.235719184793259540e-02
8.322187928669409762e-02
8.239760924946110121e-02
8.609886341367822826e-02
8.760900450715265741e-02
8.692803252988438867e-02
8.096217911032725645e-02
8.229717813051146136e-02
9.311556927297667818e-02
9.156133646874387022e-02
8.621766607877719146e-02
8.971683323535174781e-02
9.405251812659219668e-02
8.875906329610033785e-02
8.709705075445815792e-02
8.167254556143445365e-02
8.009994121105232234e-02
7.839996080736821860e-02
7.399078973153047634e-02
7.769571820497746251e-02
7.984518910444836359e-02
8.588575347834606633e-02
8.587350578091318409e-02
8.260826964530668115e-02
8.326229668822261731e-02
8.076744072114443174e-02
7.821869488536155324e-02
7.665098961395257204e-02
7.186581422692533971e-02
7.627988438173623209e-02
7.852366255144033191e-02
6.925582990397805006e-02
7.179110327258475532e-02
7.064226925338036589e-02
6.883573388203018117e-02
7.357559278855575757e-02
6.998211836174798861e-02
6.766362923770331828e-02
6.687487752302567756e-02
6.457231040564373470e-02
6.344307270233195961e-02
7.140530080344895114e-02
7.295218498922202699e-02
7.172251616696061205e-02
7.759896139525769565e-02
8.008646874387614911e-02
7.919238683127571843e-02
7.993337252596512121e-02
7.545194003527336268e-02
8.385141093474426932e-02
8.706765628061924334e-02
7.924995100921027047e-02
7.583406819517930775e-02
8.183666470703507279e-02
8.678473446991966100e-02
8.399103468547912399e-02
8.986380560454634847e-02
9.343768371546148921e-02
9.480085243974133158e-02
9.767048794826573010e-02
8.682392710170487582e-02
8.980011757789535531e-02
9.005486968449931406e-02
8.490838722320204202e-02
8.456300215559474365e-02
7.632642563198119290e-02
8.814422888496963038e-02
1.016901822457377952e-01
1.039792768959435648e-01
1.039400842641583361e-01
1.092176170879874536e-01
9.705442876739173164e-02
9.244684499314129167e-02
9.572555359592396784e-02
8.895380168528316256e-02
8.974132863021751227e-02
9.264648246129728038e-02
9.215412502449539522e-02
8.641730354693318017e-02
9.285959239662942843e-02
1.012076229668822241e-01
9.588232412306486874e-02
