3.056874603791333556e+01
3.330202347600253887e+01
3.338981692603423568e+01
3.345181846996993613e+01
3.356267382057626492e+01
3.364391193431627158e+01
3.371712746160610408e+01
3.379849338459336394e+01
3.386855713584589012e+01
3.388736810085683260e+01
3.390484218114148973e+01
3.395501625733625417e+01
3.393661683810147167e+01
3.400332687470604043e+01
3.398996313981309214e+01
3.401842498108423030e+01
3.402252126745874250e+01
3.404277264268624492e+01
3.404248251569497796e+01
3.407260843336536738e+01
3.410191892803828040e+01
3.408853090938835351e+01
3.411094609517187592e+01
3.411974064947546736e+01
3.410241866219504914e+01
3.410305259606143125e+01
3.412873969857466960e+01
3.414245107462014772e+01
3.412946437700660596e+01
3.417894444898877282e+01
3.415079446228093474e+01
3.416885902128790775e+01
3.422800914091736502e+01
3.419193881515715105e+01
3.419488481830637738e+01
3.422375820535367552e+01
3.419563761477270702e+01
3.419714065152042082e+01
3.422778291854972110e+01
3.421148979570969573e+01
3.423582851066440469e+01
3.426152328173247952e+01
3.423170155007055371e+01
3.425593929571992646e+01
3.427256983497269971e+01
3.427131986053454682e+01
3.429148049119650210e+01
3.430468957690026599e+01
3.427739335596409376e+01
3.430360319829860316e+01
3.430759595918284077e+01
3.432591869286926567e+01
3.430251298541951854e+01
3.432002029610846705e+01
3.431809804502975680e+01
3.431903233062718783e+01
3.433544942843704462e+01
3.434659311670517923e+01
3.434561026359379099e+01
3.436776855279033072e+01
3.436746181059692162e+01
3.435742367231753747e+01
3.439259805525449565e+01
3.434352569477106698e+01
3.438496912128586303e+01
3.438379199811864595e+01
3.439226191693421697e+01
3.437567611091797914e+01
3.443115938324369552e+01
3.438419331915502397e+01
3.440180543342671626e+01
3.440931678288787765e+01
3.442404552054150457e+01
3.442804594998057155e+01
3.443866434224248962e+01
3.444558776916627352e+01
3.441493399930471497e+01
3.443379480992209096e+01
3.443828091450072293e+01
3.443634077012740136e+01
3.443605831169097087e+01
3.447778675282714289e+01
3.442609558086746802e+01
3.447018465880043436e+01
3.445972602809758456e+01
3.446766681662951726e+01
3.446644496022576476e+01
3.448813674566982002e+01
3.447371858448702397e+01
3.450096623790924610e+01
3.447816634629148780e+01
3.447108954827099581e+01
3.451313495634035888e+01
3.450368474059835222e+01
3.449629736610702935e+01
3.451915732807100312e+01
3.452708789186315386e+01
3.453569456657328374e+01
3.455499376290873670e+01
3.454552565387211160e+01
3.453342084006462187e+01
3.454256175742827395e+01
3.455802923253103387e+01
3.454811762540643372e+01
3.455803945727081583e+01
3.458403458006993958e+01
3.457156934418519256e+01
3.457817708226825459e+01
3.460507198216805591e+01
3.458597216825831566e+01
3.459386822355371294e+01
3.461745542013455434e+01
3.456305213594814063e+01
3.461437905155313643e+01
3.460303342467434362e+01
3.460098592053332567e+01
3.460772402404858639e+01
3.462296016441381852e+01
3.459032279503486507e+01
3.464635053475389270e+01
3.457647082881740630e+01
3.459495715834032126e+01
3.464629813296251371e+01
3.463102492791558262e+01
3.459862783992147683e+01
3.463482214065152220e+01
3.463850943743481992e+01
3.463031942087074100e+01
3.463521451504059456e+01
3.464169316578393421e+01
3.464217245046113902e+01
3.462275439152573853e+01
3.466390513486431502e+01
3.462979029058710267e+01
3.466687797795545833e+01
3.467027386965501989e+01
3.468479300014314504e+01
3.465082130222285883e+01
3.470989218011901301e+01
3.467347293511380002e+01
3.468169106971227933e+01
3.468644173943273046e+01
3.467725608883253585e+01
3.468944781292815804e+01
3.469849415144884830e+01
3.467110207357723084e+01
3.470190154598065391e+01
3.473593203615467928e+01
3.468700665630559854e+01
3.473667972025111794e+01
3.469665242019590323e+01
3.473329277519886915e+01
3.471368555857753080e+01
3.475732602605263821e+01
3.471026027075110676e+01
3.475893003210568111e+01
3.473941739432731168e+01
3.474240685262060424e+01
3.472643708717613009e+01
3.476010204290300720e+01
3.474928299012290012e+01
3.477535863274779615e+01
3.477923253103208623e+01
3.476148238277335878e+01
3.478632977853213504e+01
3.479290684239585829e+01
3.476048291445982841e+01
3.476920717367742952e+01
3.481231467659148393e+01
3.475634700721866466e+01
3.477537141367252360e+01
3.478556675732602343e+01
3.476034999284268423e+01
3.477276282693605225e+01
3.480253471299155166e+01
3.476845821148851456e+01
3.479071363571296871e+01
3.479893943886627738e+01
3.478962597901883669e+01
3.481982474796016191e+01
3.476424689679147662e+01
3.480501804666571530e+01
3.479637558536635566e+01
3.483285234453283152e+01
3.482465977178380712e+01
3.484069983231426448e+01
3.481507791251712547e+01
3.483686044252673497e+01
3.483324471892190388e+01
3.485705813787038920e+01
3.481744749596122546e+01
3.483571782785627846e+01
3.485354721784830900e+01
3.485956703339400065e+01
3.485008103106275712e+01
3.487176642604445931e+01
3.484325729535183314e+01
3.485795663687859047e+01
3.487661423079282486e+01
3.485466810494673240e+01
3.485179623116091818e+01
3.486425379849082873e+01
3.483524748982638641e+01
3.486995920328827481e+01
3.485132078076112805e+01
3.483720808367927191e+01
3.485527775505613590e+01
3.485652517330933620e+01
3.488098147277151639e+01
3.486877824584364305e+01
3.486578239708799742e+01
3.489184398069568971e+01
3.486843188278358241e+01
3.489024380892006150e+01
3.487034774339993248e+01
3.488396070632502699e+01
3.489881725322590711e+01
3.489804656346495904e+01
3.487770572176437867e+01
3.490902921208154908e+01
3.487916274718308074e+01
3.487816455696202667e+01
3.490382993190323191e+01
3.489668156070428040e+01
3.489023358418027954e+01
3.493006917036461090e+01
3.492817887159771573e+01
3.490685006441586324e+01
3.494114767591664616e+01
3.490862405676775637e+01
3.493569661152123729e+01
3.493117344226089216e+01
3.495128294922394474e+01
3.491820591603443802e+01
3.495071675425860747e+01
3.490168401464183034e+01
3.493861194045111773e+01
3.492525459602052962e+01
3.496217101899756585e+01
3.491580693646346845e+01
3.496342610580560972e+01
3.494945144271078163e+01
3.494359650109404924e+01
3.495068991431668337e+01
3.494164229770352392e+01
3.494619869736815332e+01
3.496072038404122395e+01
3.496145273102799678e+01
3.495054165558986625e+01
3.496841705691090141e+01
3.493977244841618557e+01
3.495924546532791055e+01
3.496392200568495667e+01
3.496651525531175508e+01
3.494476212142900806e+01
3.497551686059589571e+01
3.494116940348867928e+01
3.496612671520009741e+01
3.495209837222142824e+01
3.498359696120733986e+01
3.495174050632911644e+01
3.498718967914766864e+01
3.492724842027770649e+01
3.497130298971391227e+01
3.495261344348786281e+01
3.499060602032677991e+01
3.493680471769493323e+01
3.499781446187194689e+01
3.499525060837201806e+01
3.498272402404858639e+01
3.500418958712500483e+01
3.498022279707981141e+01
3.497850887507412665e+01
3.500346363060059929e+01
3.500417552810780819e+01
3.497467715384143361e+01
3.503010035582094162e+01
3.500757653217725363e+01
3.498321608965051865e+01
3.503099885482914289e+01
3.503062948610457994e+01
3.499871423897261735e+01
3.502998916177583055e+01
3.502496881454366928e+01
3.500556481462546543e+01
3.503129665037524632e+01
3.501091490971554521e+01
3.501847227050571831e+01
3.503465547739310182e+01
3.503034191529825847e+01
3.501671233717102183e+01
3.503534053495838663e+01
3.502073832845954371e+01
3.503128003517310418e+01
3.504227802089936716e+01
3.502409715547739211e+01
3.504886403141040319e+01
3.504215915829941963e+01
3.506758425185579142e+01
3.502351434530991270e+01
3.504331966626449457e+01
3.507438881617962778e+01
3.504144214842231975e+01
3.507533843888673175e+01
3.507550842518558198e+01
3.505921913662297129e+01
3.509281763154127987e+01
3.510100764810535878e+01
3.507082932864358327e+01
3.508637348929470079e+01
3.508771420829840082e+01
3.509211084640396194e+01
3.511051154373121364e+01
3.509980368499621761e+01
3.509947265904582991e+01
3.511014984356148005e+01
3.509048255659393334e+01
3.513181223287867283e+01
3.510732909347456854e+01
3.512977239729249135e+01
3.508415472076235631e+01
3.512638289605529707e+01
3.513051496901903903e+01
3.513525924827712998e+01
3.510085299891617439e+01
3.515139516574303258e+01
3.511867472035336846e+01
3.514084579047463563e+01
3.516116873888059757e+01
3.513263021206110182e+01
3.516909035602544265e+01
3.516701856812743898e+01
3.514569231713053199e+01
3.515332891965399398e+01
3.518080151735138372e+01
3.514433370483221353e+01
3.518901070530255026e+01
3.515261574405431588e+01
3.516043511380135556e+01
3.516139112697081970e+01
3.517289268113126610e+01
3.513733103617512654e+01
3.519042555366966241e+01
3.514580351117564305e+01
3.516561650068505429e+01
3.515142200568495667e+01
3.518406576552627030e+01
3.515847451994847006e+01
3.517882175211141060e+01
3.517355601112451779e+01
3.518669735792724396e+01
3.517348188176110568e+01
3.519301241283409354e+01
3.517486222163145726e+01
3.514974898263839265e+01
3.516202378274473261e+01
3.514346971432077282e+01
3.516222060898549984e+01
3.518663984376597398e+01
3.514886070836997334e+01
3.516726651806711601e+01
3.517777371628392302e+01
3.515381587288603527e+01
3.517832840841700914e+01
3.518352002004048984e+01
3.515848730087319041e+01
3.518284135293756520e+01
3.518413222633483883e+01
3.519417931126152865e+01
3.518728911474202903e+01
3.521937818245025653e+01
3.518666540561542888e+01
3.520747914153084679e+01
3.519096746487802108e+01
3.521130830657859434e+01
3.519586128095539834e+01
3.522764105028527126e+01
3.518709995705609117e+01
3.518454888448088980e+01
3.521171090570744866e+01
3.520267095764912568e+01
3.517923329788757059e+01
3.520615759391423438e+01
3.520317196989836361e+01
3.518246814993558758e+01
3.523504631807120546e+01
3.517024063925072852e+01
3.519999591010408579e+01
3.518507929285699731e+01
3.520555049998977637e+01
3.519344440808981744e+01
3.521347339522709063e+01
3.520482837774278551e+01
3.521404598065479519e+01
3.523014866771640641e+01
3.519646837487985636e+01
3.521309763604016041e+01
3.522289677102718031e+01
3.523326210097953037e+01
3.517758967096787615e+01
3.524631142512423310e+01
3.521614077421729405e+01
3.523443155559191098e+01
3.522830182409357747e+01
3.524250270955604236e+01
3.520141459274861262e+01
3.526510577493302634e+01
3.522445093147379680e+01
3.523012821823684249e+01
3.525922654955931534e+01
3.524406965092738631e+01
3.525669976074109258e+01
3.526766451606306418e+01
3.526253425287826104e+01
3.525182767223574132e+01
3.527739846833397763e+01
3.523907997791456381e+01
3.525863990511441415e+01
3.527842605468190840e+01
3.526201406924193549e+01
3.524998849716774885e+01
3.526073725486186561e+01
3.527042136152635265e+01
3.524309318827835824e+01
3.528643586020735512e+01
3.525090744565550693e+01
3.525892108545837544e+01
3.525786793726099688e+01
3.527845417271630168e+01
3.523751942700558004e+01
3.528217597799635996e+01
3.527625840984846661e+01
3.525067483282550285e+01
3.527598745424428728e+01
3.527060412874992323e+01
3.528387839716979357e+01
3.527020408580601440e+01
3.529031359276906699e+01
3.523858663422016235e+01
3.530250659495715837e+01
3.527420068096766670e+01
3.527388371403447564e+01
3.528164429152778325e+01
3.529623116091695323e+01
3.527916862640845608e+01
3.529961043741436555e+01
3.529438303920165509e+01
3.529812657205373938e+01
3.531988226212143189e+01
3.529925640579947554e+01
3.530625140590171895e+01
3.530409909817795011e+01
3.532375871659066036e+01
3.530637154659413568e+01
3.534003011185865262e+01
3.530905170650906655e+01
3.533120871761313708e+01
3.529076348131940222e+01
3.534432450256640834e+01
3.529584645508271734e+01
3.534893969448477691e+01
3.534398069569129319e+01
3.530562514059017332e+01
3.530514841209791399e+01
3.532863336128095710e+01
3.530742980716140522e+01
3.532274135498251866e+01
3.532349542954131749e+01
3.528991738410257284e+01
3.533306450788327169e+01
3.530851107339318418e+01
3.533265807447700269e+01
3.532726835852027847e+01
3.530843055356741189e+01
3.532298930492218858e+01
3.529981621030244554e+01
3.532448850739248769e+01
3.532190803869041673e+01
3.532287555469213203e+01
3.531389056461013354e+01
3.530900569518005483e+01
3.527604880268297194e+01
3.533172123269462617e+01
3.529385135273307128e+01
3.530284656755485884e+01
3.530814809513098140e+01
3.529883335719105730e+01
3.529272407517228771e+01
3.533594277213144608e+01
3.529661970102861090e+01
3.529011037606593248e+01
3.531335760004908053e+01
3.528327130324533556e+01
3.529990951105294528e+01
3.529975102758634620e+01
3.530034789677102935e+01
3.530519442342692571e+01
3.531553802580724266e+01
3.528432956381259800e+01
3.531289876485143253e+01
3.532802498926402279e+01
3.529850360933314590e+01
3.531459479356250597e+01
3.532323086439949833e+01
3.531803669659107214e+01
3.530086808040735491e+01
3.532450128831721514e+01
3.532719422915686636e+01
3.531088832539212063e+01
3.532742172961697946e+01
3.531775168196969616e+01
3.531154909920042684e+01
3.535255158381219331e+01
3.535077120099793291e+01
3.530514713400543769e+01
3.537243103413018019e+01
3.533322682562728545e+01
3.533216217459765573e+01
3.533524621173391012e+01
3.531476733604629459e+01
3.532930435982904527e+01
3.534247510275863391e+01
3.535489560540684550e+01
3.533377001492812042e+01
3.536759089793664401e+01
3.532310177705977594e+01
3.535598454019345382e+01
3.535936509478333534e+01
3.535097313960859822e+01
3.533068725588433523e+01
3.535644976585346200e+01
3.535990956217663950e+01
3.536126689638248877e+01
3.534669664219545382e+01
3.536281850064415977e+01
3.534303490726161101e+01
3.538051113474162435e+01
3.538808511073393248e+01
3.538424316476145748e+01
3.538448472423876723e+01
3.539338024784769487e+01
3.536978538271200989e+01
3.539438227234617074e+01
3.539229642543097043e+01
3.537707690026788754e+01
3.540810515122390001e+01
3.539611408764646683e+01
3.536803823030204086e+01
3.538291522668247779e+01
3.537030556634833545e+01
3.537323751048035803e+01
3.538380861332078808e+01
3.538721984213001548e+01
3.540607554037750049e+01
3.540496232183390646e+01
3.541268072227561703e+01
3.538340090182204989e+01
3.542068797161612537e+01
3.540363949612482486e+01
3.540364333040223954e+01
3.538496400891597204e+01
3.541233180303061090e+01
3.539481171141694205e+01
3.538697444837529105e+01
3.541580949264841394e+01
3.537791021655998946e+01
3.536289774237745576e+01
3.541803976401300247e+01
3.534608827017852661e+01
3.544275040387721987e+01
3.537265342222040232e+01
3.539965823807283840e+01
3.536997070612052596e+01
3.542416182695650662e+01
3.537506646080857564e+01
3.540600780147645565e+01
3.538813751252530437e+01
3.539465961841271024e+01
3.539662404654301753e+01
3.540139772192797807e+01
3.540512208339297473e+01
3.536469729657880379e+01
3.541665175558782153e+01
3.536473052698308805e+01
3.539744330381791571e+01
3.538018010879122954e+01
3.539853223860452403e+01
3.536918467924991205e+01
3.541947506185967853e+01
3.540247898815974992e+01
3.536894439786507149e+01
3.542628857283082056e+01
3.538482214065152220e+01
3.539184142451074422e+01
3.540766037504345576e+01
3.541038782437986754e+01
3.539370104905830061e+01
3.542477147706591012e+01
3.540825596613566262e+01
3.541707991656612364e+01
3.537828086337702871e+01
3.539562969059937103e+01
3.540001482587268100e+01
3.541013476207030664e+01
3.541320729637430986e+01
3.541917215394368412e+01
3.542728292877445995e+01
3.544470332917527600e+01
3.539908948692255564e+01
3.543656060203267799e+01
3.542921796077789764e+01
3.541922199955011052e+01
3.543924970859491452e+01
3.544351214699086228e+01
3.540187317232776110e+01
3.544943738369358499e+01
3.543756773890104483e+01
3.542388448088996000e+01
3.545530382814257564e+01
3.543848540929633373e+01
3.543746165722582475e+01
3.544828837856076831e+01
3.542043107502914268e+01
3.541548485716038641e+01
3.543830008588781766e+01
3.542235204801537662e+01
3.543450670742929276e+01
3.543874230588331642e+01
3.542381162961902419e+01
3.541962715486391033e+01
3.543452587881638749e+01
3.544225833827528760e+01
3.541105243246559553e+01
3.542348443794605117e+01
3.541079425778613654e+01
3.542319686713972970e+01
3.543936601500991657e+01
3.541599098177951532e+01
3.539281533097482679e+01
3.542094231201816257e+01
3.542037100468293431e+01
3.540743287458334265e+01
3.544053802580724266e+01
3.546049032739616536e+01
3.542796031778491539e+01
3.545232715077401053e+01
3.547455573505654058e+01
3.542377456493732524e+01
3.544591751702419202e+01
3.543378714136725449e+01
3.545025025050612300e+01
3.545900646203553919e+01
3.545550193247581916e+01
3.546064114230792796e+01
3.545331511625528975e+01
3.546915196008261262e+01
3.546671335964499860e+01
3.547932813234903193e+01
3.546354496840555726e+01
3.547636295781272509e+01
3.542209387333592474e+01
3.547386939939878658e+01
3.544295362058035437e+01
3.545676852211611418e+01
3.548494023639598538e+01
3.545459832109772691e+01
3.545646050183022879e+01
3.547662624486206795e+01
3.544253312815688872e+01
3.546245986789636362e+01
3.546646029733543060e+01
3.546804001963150199e+01
3.546138243594200645e+01
3.549530045397844447e+01
3.544683263123453543e+01
3.548929853172736415e+01
3.546643345739350650e+01
3.548525975951412192e+01
3.548982894010347167e+01
3.549995271057851909e+01
3.547161228809226685e+01
3.548734688452179142e+01
3.550217275720332566e+01
3.549545510316762176e+01
3.549452337375513622e+01
3.550373075192736394e+01
3.551398744401954843e+01
3.551070913682746522e+01
3.550165129547453091e+01
3.550582298930492442e+01
3.546711084640396194e+01
3.550931345984744780e+01
3.548395866137706633e+01
3.547449566471033222e+01
3.551009437434817073e+01
3.548224218318643608e+01
3.546377119077319406e+01
3.549446458150140415e+01
3.548320586491073669e+01
3.547003895625856273e+01
3.546373540418396431e+01
3.545895150405922180e+01
3.543562887262019245e+01
3.548126955481482980e+01
3.544670865626469691e+01
3.545738072841046318e+01
3.545885564712378368e+01
3.545042407108238791e+01
3.543757285127093581e+01
3.546520265434244834e+01
3.544219698983661004e+01
3.545538690415328631e+01
3.545530127195763015e+01
3.545247157522341297e+01
3.544100069528230534e+01
3.545978354225884743e+01
3.548247735220138566e+01
3.544095084967587894e+01
3.546784574957567315e+01
3.545240639250731363e+01
3.543641617758328266e+01
3.544595330361342178e+01
3.547246605386393270e+01
3.542241978691642146e+01
3.547112789104517105e+01
3.543429454407885260e+01
3.544413841230240791e+01
3.546430287724177077e+01
3.546076000490787550e+01
3.544986043230199613e+01
3.545763379072002408e+01
3.546597462219586561e+01
3.543768404531604688e+01
3.547257852600151296e+01
3.544867691867241888e+01
3.548072253123658015e+01
3.546579057687981873e+01
3.548913110161346651e+01
3.548839875462669369e+01
3.547521267458743210e+01
3.548498241344757531e+01
3.549593438784482657e+01
3.549310980348050037e+01
3.549429331711007762e+01
3.548586301916116525e+01
3.549557524386004559e+01
3.550905528516799592e+01
3.547554370053781980e+01
3.550884439991002495e+01
3.550376398233164821e+01
3.548545275147747446e+01
3.550207306599047286e+01
3.550581787693503344e+01
3.548700435573914547e+01
3.551280393038997119e+01
3.550414613198093861e+01
3.550744872293000043e+01
3.552290852947792388e+01
3.549072999529661843e+01
3.549511385247745210e+01
3.550123974969837093e+01
3.549913984376597398e+01
3.550637768143801054e+01
3.546794032841864208e+01
3.551891065622380239e+01
3.548719223533261413e+01
3.549585386801906139e+01
3.550407967117237007e+01
3.551005986585141727e+01
3.548169771579313192e+01
3.551084589272203118e+01
3.546628519866669649e+01
3.548053465164311859e+01
3.549825795995992195e+01
3.550576419705118525e+01
3.547882967628473949e+01
3.550878305147134029e+01
3.549447991861106999e+01
3.548583234494181937e+01
3.550661157236048382e+01
3.545203702378274357e+01
3.547862645958160499e+01
3.547513726713155080e+01
3.548569558904726051e+01
3.548792202613443436e+01
3.547918882026952758e+01
3.549903887446064488e+01
3.547896004171693818e+01
3.549885227295965251e+01
3.550520311445573896e+01
3.548910426167154242e+01
3.548048224985173960e+01
3.551312600969305322e+01
3.549910661336168971e+01
3.551892854951841372e+01
3.550368857487576690e+01
3.547711958855646941e+01
3.550277346066542350e+01
3.551574993353919041e+01
3.547706846485756671e+01
3.552998021512852489e+01
3.549434444080898032e+01
3.549657599026604515e+01
3.553471299155436469e+01
3.549166300280158026e+01
3.550824880881781809e+01
3.551285761027381938e+01
3.551121014907670315e+01
3.550267376945257070e+01
3.550206411934316009e+01
3.550212035541195377e+01
3.551713538577943297e+01
3.550546384532013633e+01
3.554265250199382109e+01
3.550615018097789743e+01
3.552728727428886657e+01
3.552075238747674035e+01
3.552610248256682013e+01
3.551640942925502742e+01
3.551755587820289861e+01
3.547388601460092872e+01
3.551459070366659176e+01
3.550554436514590861e+01
3.548015505817876658e+01
3.553877988180200731e+01
3.549238384695609483e+01
3.550544339584057241e+01
3.551173288889797419e+01
3.552152691151510311e+01
3.547041599353796215e+01
3.552797488803909687e+01
3.546840299789370476e+01
3.549255383325494506e+01
3.546700987709862574e+01
3.549161699147256854e+01
3.545583807079609784e+01
3.550654127727449350e+01
3.548478942148422277e+01
3.547099624752050318e+01
3.548747852804645930e+01
3.548915027300055414e+01
3.547848459131714804e+01
3.548318030306128890e+01
3.551536267152000903e+01
3.547075980041307730e+01
3.549976610907752672e+01
3.548136796793521341e+01
3.547721288930696915e+01
3.548207347498006214e+01
3.551687721109997398e+01
3.548901351710598817e+01
3.550347002106296657e+01
3.551207797386556564e+01
3.548291062554957875e+01
3.551121398335412493e+01
3.553007862824890850e+01
3.548993629987116805e+01
3.551246012351485604e+01
3.550318756262652897e+01
3.550983108729882787e+01
3.549132303020387980e+01
3.551134562687879281e+01
3.549356863867814837e+01
3.551931708963007139e+01
3.553904316885135017e+01
3.550345979632318461e+01
3.552924659004928287e+01
3.550260091818163488e+01
3.554326598638064638e+01
3.549120800188135405e+01
3.554729964622400473e+01
3.548640620846199312e+01
3.552597850759698161e+01
3.552201897711703538e+01
3.552837748716795119e+01
3.549749877303122503e+01
3.553942276231570219e+01
3.551758527432976820e+01
3.553368157092901924e+01
3.555134608699208343e+01
3.550757525408478443e+01
3.549961912844317879e+01
3.554880907343407870e+01
3.551481309175681389e+01
3.552526533199730352e+01
3.552175569006768541e+01
3.553595785362262660e+01
3.551385068812498957e+01
3.555907471217357596e+01
3.552611526349154758e+01
3.554371459683851242e+01
3.553078669147870272e+01
3.554719356454878465e+01
