2.247443177294801444e+02
2.247284476753443130e+02
2.247071205019504703e+02
2.246192580208582115e+02
2.243741192978266099e+02
2.240870962204442378e+02
2.236879901082716344e+02
2.234548316714433440e+02
2.232509391668656917e+02
2.230628109824058640e+02
2.230079151241939428e+02
2.229990061002308721e+02
2.228155749940291344e+02
2.225965351584268888e+02
2.224852818246954769e+02
2.222455666348220689e+02
2.221927742616033754e+02
2.219446078138683163e+02
2.218458895589523081e+02
2.216201076247910180e+02
2.215928493949526228e+02
2.215628793985351592e+02
2.213916077044025030e+02
2.213067804115914328e+02
2.212359137409441985e+02
2.209869835204203525e+02
2.209214632592946543e+02
2.208975001990287410e+02
2.206625592110500804e+02
2.206424747233500625e+02
2.206115767554334752e+02
2.205506142524480424e+02
2.205867566276570244e+02
2.205634516061619195e+02
2.205457641708462688e+02
2.205271885697794687e+02
2.207344881975957378e+02
2.207617153291935495e+02
2.207719379428389459e+02
2.207722277784412199e+02
2.207256587851285587e+02
2.207490284909640934e+02
2.210304824954223477e+02
2.212710112152694819e+02
2.213394522231510280e+02
2.215651769365496477e+02
2.216095790044582543e+02
2.218166808474643688e+02
2.219485473389857475e+02
2.221239028540721279e+02
2.221601074257622770e+02
2.221893882851683770e+02
2.221898945645251047e+02
2.221428093404187507e+02
2.219691144713796689e+02
2.217949892026908572e+02
2.215595556185813280e+02
2.214836858629886081e+02
2.215104241302444166e+02
2.212543960472892195e+02
2.211688485192261737e+02
2.211465573003741838e+02
2.211491322346946902e+02
2.211124002368441950e+02
2.213481746576705689e+02
2.213745123795875998e+02
2.213592891688559803e+02
2.213586908387071048e+02
2.216209124472573819e+02
2.216081447536024314e+02
2.216508426379269281e+02
2.216445670129766654e+02
2.216534076208104409e+02
2.213934114023564916e+02
2.213372977370432295e+02
2.211559576765384918e+02
2.210622138961866199e+02
2.210806501771355670e+02
2.208891907491441771e+02
2.207844891927394428e+02
2.207080061798423571e+02
2.204486505851444917e+02
2.203898251532521328e+02
2.203679693097683412e+02
2.203554566216861588e+02
2.203344230156834556e+02
2.203463858868720706e+02
2.203317833970225195e+02
2.203344404306981801e+02
2.204071879229360604e+02
2.204202093782342047e+02
2.204185661472016591e+02
2.204166082019743556e+02
2.204120753224265457e+02
2.204038666308414918e+02
2.204258232326247935e+02
2.204289964970941753e+02
2.204255184698670575e+02
2.203721576208104409e+02
2.203595653212323953e+02
2.203569082875567346e+02
2.203685352977470018e+02
2.201293475340339114e+02
2.200621579193535524e+02
2.200355303618342475e+02
2.200500731430618657e+02
2.200474969648117280e+02
2.200584348379906032e+02
2.200395271077143491e+02
2.200292771276172346e+02
2.200234082676538492e+02
2.200230425523445490e+02
2.200419440629727035e+02
2.200253562614441591e+02
2.200593652973489327e+02
2.200678140673513212e+02
2.200564209159302607e+02
2.200830298145052097e+02
2.200815619775495691e+02
2.201108216901520507e+02
2.201031167900644903e+02
2.200984346389618622e+02
2.200949404406496228e+02
2.199019285884881754e+02
2.198171473210731506e+02
2.197883428867128544e+02
2.197458365675503558e+02
2.197515598877477885e+02
2.195413407571053312e+02
2.194836361058036687e+02
2.194183832895470232e+02
2.193733094996417492e+02
2.196445794522729216e+02
2.196838416029774805e+02
2.198800553299896592e+02
2.199173085343523724e+02
2.201644014708223835e+02
2.201922878851206065e+02
2.201566480574794866e+02
2.204567498109227017e+02
2.204640728246158687e+02
2.206770970165592018e+02
2.207806342548364000e+02
2.207734144873019773e+02
2.208048373935196196e+02
2.207733224365098295e+02
2.207555578775575214e+02
2.207982022729082132e+02
2.207212055170766689e+02
2.207088582716344263e+02
2.206940468016081525e+02
2.207193993312634461e+02
2.209486518290741230e+02
2.209675234853912968e+02
2.210011294880980870e+02
2.209672722116073658e+02
2.209666925404028461e+02
2.209914119098797869e+02
2.210291552225141345e+02
2.210171276669851181e+02
2.210326531526152394e+02
2.210409190649629920e+02
2.210807720822386671e+02
2.210641668656953982e+02
2.210928394435156576e+02
2.211206375388105982e+02
2.210888899669612329e+02
2.211001127000238853e+02
2.211280190171960953e+02
2.211141653729798691e+02
2.210997059350370080e+02
2.211070899012817392e+02
2.211033705517076555e+02
2.211112894076904638e+02
2.211008764728126721e+02
2.210975489610699753e+02
2.210783812495024279e+02
2.210884147858450888e+02
2.211147363366770264e+02
2.210839851524560231e+02
2.210898739152933672e+02
2.210697309629010476e+02
2.210984209557360032e+02
2.211021937942838917e+02
2.211151319062972789e+02
2.211451292691664605e+02
2.211400403530769836e+02
2.211578273027625130e+02
2.211481346031366968e+02
2.211586706870472199e+02
2.211764414656476276e+02
2.211583883150226768e+02
2.208962985630124933e+02
2.208362565679484248e+02
2.207740003781545965e+02
2.205782406854549720e+02
2.204337296493113740e+02
2.204073160476872886e+02
2.200492869795398576e+02
2.198429190550115493e+02
2.197404080586736654e+02
2.194666639300214968e+02
2.194047746994665999e+02
2.193500778699944362e+02
2.193217100549319412e+02
2.191163397619616262e+02
2.190955997233500625e+02
2.191135906774938178e+02
2.191333815978027246e+02
2.191959102081840740e+02
2.191996693635061035e+02
2.189714306683385132e+02
2.189394318227051883e+02
2.191672836557598885e+02
2.192379226872860443e+02
2.192543749004856295e+02
2.192467856858530411e+02
2.192466687564684378e+02
2.192272982843722673e+02
2.192115439156914363e+02
2.192085149470583474e+02
2.191770609426001215e+02
2.192136735232067508e+02
2.191590886474006936e+02
2.193400343822147818e+02
2.193805218035984410e+02
2.193800005970862230e+02
2.193910777903829228e+02
2.195796189594777559e+02
2.196236416288512032e+02
2.196025906078337755e+02
2.196327285347504130e+02
2.197117852380383738e+02
2.196756391310405263e+02
2.199272039945068116e+02
2.199848924747233525e+02
2.200073143061858048e+02
2.200238200083591948e+02
2.200333783635857117e+02
2.200696003502905853e+02
2.200545239232545214e+02
2.202930660874930311e+02
2.203324849733301392e+02
2.203501624572088247e+02
2.203666420368601280e+02
2.203440771534909572e+02
2.203413318008120427e+02
2.203212896067192048e+02
2.203218954004458112e+02
2.203200096031366968e+02
2.203652401281745199e+02
2.203602059449884507e+02
2.203649415850648836e+02
2.205342130403630279e+02
2.205833258697555834e+02
2.205983164656476276e+02
2.205767504577661100e+02
2.205941791557200986e+02
2.206027174886553723e+02
2.205916203924846855e+02
2.205803678051110523e+02
2.205417263752885901e+02
2.205074163084149461e+02
2.205322376801209998e+02
2.205265703367566346e+02
2.205239033516439804e+02
2.205458860759493689e+02
2.205943993312634461e+02
2.206761752647082346e+02
2.207362520898017806e+02
2.207998405282222620e+02
2.208614324595971539e+02
2.209616260150465621e+02
2.209739931633627918e+02
2.210098021654326885e+02
2.210386177951596096e+02
2.210422326546453178e+02
2.210394052026112490e+02
2.210450576188201524e+02
2.212325713020460114e+02
2.212660205696202524e+02
2.212311519783456788e+02
2.212206270898017806e+02
2.212107254099992133e+02
2.212184949944272034e+02
2.211959649410874817e+02
2.212059972335005114e+02
2.212122952491839953e+02
2.211529299518350342e+02
2.211520641768171345e+02
2.211727034571292165e+02
2.211713637449247756e+02
2.211430531506249508e+02
2.211445296950879822e+02
2.211367339881378768e+02
2.211387503980574820e+02
2.211346342349335146e+02
2.211451367327442199e+02
2.211477850589125183e+02
2.211422620113844459e+02
2.211235035526630099e+02
2.211136777525674688e+02
2.211515317749382916e+02
2.211345558673672542e+02
2.211432472036462116e+02
2.211507953686012229e+02
2.211148793885837165e+02
2.211265486923811920e+02
2.211082865615794901e+02
2.211099770619377409e+02
2.211245210870949904e+02
2.211095479062176707e+02
2.211052998865536097e+02
2.210760949068545358e+02
2.210825297547965818e+02
2.211181048980972719e+02
2.211237734853912968e+02
2.211210928170527836e+02
2.211355920607435621e+02
2.211419510289785819e+02
2.211110592807101227e+02
2.211144875507523295e+02
2.211138195605445560e+02
2.211411399868640899e+02
2.211164181295279150e+02
2.211044465508319377e+02
2.211105480256348983e+02
2.211100342827004113e+02
2.211186111774540279e+02
2.211113827024122145e+02
2.210964617665790968e+02
2.210876298662526835e+02
2.210998066933365180e+02
2.210933992118461902e+02
2.210749318326566311e+02
2.210833072108112276e+02
2.210496800613008475e+02
2.210466436290900276e+02
2.210317575232863589e+02
2.210061810862988523e+02
2.210264061380463261e+02
2.209925078118780277e+02
2.210046547846509100e+02
2.210047418597245326e+02
2.209680272768887903e+02
2.209959087154685164e+02
2.209671913561818428e+02
2.209490299836796510e+02
2.209573381896345836e+02
2.209625104490088461e+02
2.209325379647321199e+02
2.209527269425205134e+02
2.209479589602738656e+02
2.209865021196560804e+02
2.212440415771037294e+02
2.212985319142584331e+02
2.212843585801289805e+02
2.212933111416288625e+02
2.213060066873656524e+02
2.213352626681792970e+02
2.213091214871427326e+02
2.213430334965368900e+02
2.213507570555688346e+02
2.213487394017195982e+02
2.213323842150306575e+02
2.213226753443197197e+02
2.213067430937027211e+02
2.213053660636095969e+02
2.213083875686649264e+02
2.213117051289706296e+02
2.210771012459199198e+02
2.210315547627577359e+02
2.210056461965607753e+02
2.209835987879149855e+02
2.209727840637688132e+02
2.211774527804315085e+02
2.212362234794204312e+02
2.212569100290581900e+02
2.212384488695167590e+02
2.212641807977071835e+02
2.212806466941326278e+02
2.212720909461826295e+02
2.212583442799140130e+02
2.212796751850967212e+02
2.212460778898972933e+02
2.212548587891091358e+02
2.212826394693893803e+02
2.212627191803996425e+02
2.212615473986943755e+02
2.212451262837353738e+02
2.212408397022529982e+02
2.212330887767693639e+02
2.212266999542233918e+02
2.212392126423055458e+02
2.212277249522331033e+02
2.212268268350449887e+02
2.212027256985908821e+02
2.211761740207786033e+02
2.211712231808773197e+02
2.211670460652018164e+02
2.211849026749462723e+02
2.211491048682429721e+02
2.211295751731549899e+02
2.211290614302205313e+02
2.211248482405859477e+02
2.211016302941644653e+02
2.210841219847145851e+02
2.210908852300772196e+02
2.210590754617466871e+02
2.210786972076267887e+02
2.210595245203407444e+02
2.210570752229121751e+02
2.210437378094896985e+02
2.210564358430857510e+02
2.210668288750895556e+02
2.210138760349494476e+02
2.210175170169572425e+02
2.210120287994586477e+02
2.210451820117825150e+02
2.210381849076506739e+02
2.210262406954064147e+02
2.210552379388583688e+02
2.210567916069580576e+02
2.210534839980893196e+02
2.210346397082238639e+02
2.210289698770002360e+02
2.210368588786720920e+02
2.210096329910039117e+02
2.210137678130722065e+02
2.210133162666188866e+02
2.209882374014807738e+02
2.209618412148714413e+02
2.209810300732425787e+02
2.209871427434121358e+02
2.209832654147759001e+02
2.209637382075471805e+02
2.209582835761484034e+02
2.209405339443515572e+02
2.209442333910516538e+02
2.209398037576626166e+02
2.209364600748347982e+02
2.209283235311679050e+02
2.209448802344558658e+02
2.209560644057001753e+02
2.209419184380224408e+02
2.209377400784173346e+02
2.209392514529097866e+02
2.209359102579412593e+02
2.209196247313111883e+02
2.209425864282302427e+02
2.209162984634981228e+02
2.209147435514688311e+02
2.209319458542313441e+02
2.209179230355863410e+02
2.209152971001512640e+02
2.208982341175065756e+02
2.208862998566993099e+02
2.208654379129846461e+02
2.208909844956611721e+02
2.208598228146644260e+02
2.208978870611416312e+02
2.211083151719608395e+02
2.211484244387389424e+02
2.211888496636414345e+02
2.211778010807260557e+02
2.211774328775575214e+02
2.211881505751930490e+02
2.211895935335562342e+02
2.212007453626303572e+02
2.211732818844041049e+02
2.211970285009155361e+02
2.211790785964493296e+02
2.212043577342568312e+02
2.212181989391768298e+02
2.212245877617228018e+02
2.212155294662049130e+02
2.212217503582517395e+02
2.210375044781466443e+02
2.210048314226574178e+02
2.209812390534193014e+02
2.209502104728922802e+02
2.209428862152694819e+02
2.209826757921343869e+02
2.209756786880025459e+02
2.209578133707507277e+02
2.209623226156356850e+02
2.209506421164716130e+02
2.209896592130403690e+02
2.209708584607117245e+02
2.209730552404267314e+02
2.209823735172358852e+02
2.209897151898734080e+02
2.209932069003264132e+02
2.209894427692858869e+02
2.209793109625029786e+02
2.209780545935833231e+02
2.209611582975081490e+02
2.209702949605922981e+02
2.209657732764111131e+02
2.209290984993232883e+02
2.209500761284929524e+02
2.209475969767534309e+02
2.209216374094419280e+02
2.209284628512857296e+02
2.208889668418119641e+02
2.209163619039089212e+02
2.208871096548841706e+02
2.208772365854629527e+02
2.208299311858132228e+02
2.208232512837353738e+02
2.208062517415014838e+02
2.208126368322585904e+02
2.208059718573362034e+02
2.207937154187564772e+02
2.207809153829312834e+02
2.207812027306743232e+02
2.207572558414935031e+02
2.207842851882811885e+02
2.207511133170129654e+02
2.207492461786482068e+02
2.207421881219648014e+02
2.207394726235968392e+02
2.207263441903510852e+02
2.207663949924369149e+02
2.207445764668418065e+02
2.207321844399331212e+02
2.207173990924289342e+02
2.207032568565400936e+02
2.207178692978266099e+02
2.207028724822864376e+02
2.207102987421383773e+02
2.207025067669771374e+02
2.207228860659979262e+02
2.207235577879945936e+02
2.207087164636573391e+02
2.207009692699625703e+02
2.207018338010508671e+02
2.207052695346708049e+02
2.207578802941644653e+02
2.207300212463179605e+02
2.206995026769365609e+02
2.206730729042273822e+02
2.207162335303717953e+02
2.207146413004537919e+02
2.207381664974922444e+02
2.207105064783854687e+02
2.207250480156834556e+02
2.207339122581800837e+02
2.207179053717856902e+02
2.207199441724384883e+02
2.207012690570018378e+02
2.206554265185892802e+02
2.206902714752010297e+02
2.207020676598200737e+02
2.207065719289865342e+02
2.207041300951357243e+02
2.206756092767295456e+02
2.206793012598519113e+02
2.206963331442560445e+02
2.206666853256110130e+02
2.206699120790542281e+02
2.206482353614361784e+02
2.206569092827004113e+02
2.206279207467558194e+02
2.206175177633150213e+02
2.206159305091155147e+02
2.206026490725260771e+02
2.205565863585701720e+02
2.205639852519703936e+02
2.205550575690629671e+02
2.205372581800812100e+02
2.205501229002468051e+02
2.205137217876761326e+02
2.205213458323381985e+02
2.204789676379269281e+02
2.205030662865217721e+02
2.204865854629408375e+02
2.205077969508797082e+02
2.205175792134384096e+02
2.205348399808932527e+02
2.205553461607356098e+02
2.205625398057479458e+02
2.205612722414616655e+02
2.205863548383886723e+02
2.206096113466284407e+02
2.206276172279277148e+02
2.206319336637210426e+02
2.206304484117506490e+02
2.206408725419950656e+02
2.206296846389618622e+02
2.206323590876522474e+02
2.206356293786322738e+02
2.205950747850489506e+02
2.205980403132712411e+02
2.205964020579571638e+02
2.206221999144176493e+02
2.206367825013932134e+02
2.206209995223310329e+02
2.206161457089403655e+02
2.206042947914178853e+02
2.206121029376641900e+02
2.205953024241700575e+02
2.205648995402436015e+02
2.205862677633150213e+02
2.205810556981928130e+02
2.205296142325451854e+02
2.205023025137329853e+02
2.205069734694689885e+02
2.204968976395191476e+02
2.204633662725897523e+02
2.204455532003821361e+02
2.204364302205238459e+02
2.204076121029376623e+02
2.204031003701934424e+02
2.203949961686967640e+02
2.203980164298224622e+02
2.203833629388583688e+02
2.203716015842687739e+02
2.203908688102062001e+02
2.203816873656556083e+02
2.203647923135100655e+02
2.203861319262001359e+02
2.203935644057001753e+02
2.203822981351007115e+02
2.203531988894196445e+02
2.205901115058514392e+02
2.206158222872382737e+02
2.206420082497412523e+02
2.206519945167582080e+02
2.206339761961627346e+02
2.206103129229360604e+02
2.206000156735132691e+02
2.206158931912268031e+02
2.206032436708860871e+02
2.205768487282063575e+02
2.205922697237481032e+02
2.206207071988695247e+02
2.206187131796831409e+02
2.206171632433723460e+02
2.206248158984157328e+02
2.206055735510707621e+02
2.205958236306822755e+02
2.205878910914736082e+02
2.205900269186370508e+02
2.206011352101743626e+02
2.205718332039646441e+02
2.205851183723429756e+02
2.205707173990924161e+02
2.205648074894514821e+02
2.205457119258020953e+02
2.205598616252686952e+02
2.205746681195764722e+02
2.206050772231510280e+02
2.205636058534352344e+02
2.205383018370352772e+02
2.205049806942122359e+02
2.204919144574476491e+02
2.204890235650027819e+02
2.204816719409282655e+02
2.205012538810604212e+02
2.205053600927473951e+02
2.204904204979698932e+02
2.204649398435633998e+02
2.204719245083990131e+02
2.204986988496138736e+02
2.204763155799697358e+02
2.204728873099275575e+02
2.204817552842130510e+02
2.204707664099196052e+02
2.204702700819998427e+02
2.204694888941963313e+02
2.204786578994506669e+02
2.204579315440649623e+02
2.204311783496536918e+02
2.204440020201417099e+02
2.204378159581243608e+02
2.204361130184698538e+02
2.204278097882334180e+02
2.204027943635061035e+02
2.204238205059310474e+02
2.204336015245601459e+02
2.204001174269564558e+02
2.204088261782501377e+02
2.204217530948968999e+02
2.203914634085662101e+02
2.203749477549558264e+02
2.203847747989809704e+02
2.203732734256826689e+02
2.203709286183424751e+02
2.203826601186211178e+02
2.206015693416129295e+02
2.206226066794044982e+02
2.206435059410078736e+02
2.206450160715707227e+02
2.206447560902794294e+02
2.206184818087731969e+02
2.205950461746676297e+02
2.205766559191147280e+02
2.203332910397261344e+02
2.202866225320436229e+02
2.202265867566276540e+02
2.201922530550911574e+02
2.201472937067112525e+02
2.201224287974683591e+02
2.201008752288830408e+02
2.200315535188281046e+02
2.200066214373855473e+02
2.199948526192182214e+02
2.199702949605922981e+02
2.199861451118541424e+02
2.199974847743013981e+02
2.200573675463736834e+02
2.200581064405700147e+02
2.200846494108749312e+02
2.200967839443515572e+02
2.201624522331024707e+02
2.201780759891728394e+02
2.201602977469946723e+02
2.201750582159063754e+02
2.201771741401958309e+02
2.202178071013454428e+02
2.202558763235411163e+02
2.202754483122362785e+02
2.202633971220444096e+02
2.202093434041875639e+02
2.201756727171403440e+02
2.202011757622800872e+02
2.201851551926598063e+02
2.201819831721200558e+02
2.201612655242417134e+02
2.201325717996178639e+02
2.201304198013693281e+02
2.201065201815142132e+02
2.200411392405063395e+02
2.199938475240824687e+02
2.199517628970623377e+02
2.198771880722076162e+02
2.197962393519624129e+02
2.197451051369317838e+02
2.196631028082955197e+02
2.196102233600031752e+02
2.195617138364779919e+02
2.195690418258896557e+02
2.195515086378472915e+02
2.204794565022689312e+02
2.204656538591672756e+02
2.204455183703526870e+02
2.204474016798025673e+02
2.204051926598200737e+02
2.203790129169652232e+02
2.203748283377119606e+02
2.203203380005572853e+02
2.203072580805668395e+02
2.202931817729480031e+02
2.202440788949924411e+02
2.202170184499641721e+02
2.202444620253164658e+02
2.199899988058275540e+02
2.199346314982883541e+02
2.198772403172518182e+02
2.198710082298383952e+02
2.198738879269166375e+02
2.198570351683783031e+02
2.198405157829790539e+02
2.198143323083353096e+02
2.198117337393519506e+02
2.198181797826606214e+02
2.198295356161929703e+02
2.198667714055409590e+02
2.199067438400604999e+02
2.199481791358172131e+02
2.199609306583870705e+02
2.199894290860600279e+02
2.200151510628134588e+02
2.200751955457368183e+02
2.201194446103017412e+02
2.201140073939176887e+02
2.201010692819043015e+02
2.201306076347424607e+02
2.201324548702332606e+02
2.201454613983759145e+02
2.201165562057161083e+02
2.201021116949287375e+02
2.201007520798503379e+02
2.201421761802404262e+02
2.201999392962343904e+02
2.202296406038531984e+02
2.202833323381896378e+02
2.203385690331183753e+02
2.204231823700342261e+02
2.204671167204044195e+02
2.205151722096170772e+02
2.205719650605047377e+02
2.205851059330467194e+02
2.206249900485630064e+02
2.206478012299976115e+02
2.206382267036860014e+02
2.206431427135578360e+02
2.206702641111376408e+02
2.206751925603057032e+02
2.207157720324814818e+02
2.209469862073083277e+02
2.210153563112013444e+02
2.210178056086298852e+02
2.210537551747472378e+02
2.211026776829073981e+02
2.210879022868402330e+02
2.211439562435315622e+02
2.211642049299418886e+02
2.211880858908526477e+02
2.212128898475439769e+02
2.212338500616989165e+02
2.212249460134543426e+02
2.212227231112172490e+02
2.212315487918955625e+02
2.212146587154685164e+02
2.212220352181354883e+02
2.212337990605843459e+02
2.212181404744845281e+02
2.212230950461746772e+02
2.212474051628055065e+02
2.212243215607833804e+02
2.211864526112570672e+02
2.211689741561181393e+02
2.211686830765862624e+02
2.211496347822625523e+02
2.213551331999840670e+02
2.213583014887349805e+02
2.213903426279754854e+02
2.213760983898575034e+02
2.213755398654565738e+02
2.213427747591752279e+02
2.213708427871984838e+02
2.213726439972932098e+02
2.213747325551309473e+02
2.213766295478067150e+02
2.213804297528062932e+02
2.213554902077860049e+02
2.213626838527983409e+02
2.213810678887031429e+02
2.213751131975957378e+02
2.213401799219807344e+02
2.213684370273067543e+02
2.213807071491123395e+02
2.213827621208502592e+02
2.213998935196242428e+02
2.214043181772948117e+02
2.214587836358570314e+02
2.214404518449964314e+02
2.214198436629249329e+02
2.214108786621288232e+02
2.214224161093862051e+02
2.214076282740227555e+02
2.214067139857495476e+02
2.214799080487222227e+02
2.214660108669691851e+02
2.214833400505532950e+02
2.214679999104370722e+02
2.214869163482206886e+02
2.214599914915213787e+02
2.214549038193615047e+02
2.214685173851604247e+02
2.214692998168935674e+02
2.214666701496696248e+02
2.214243752985431115e+02
2.214472250417960311e+02
2.214626535009155361e+02
2.214336599892524475e+02
2.214269042074675724e+02
2.214346377179364822e+02
2.216010232565082276e+02
2.216349103873099295e+02
2.217056402256986019e+02
2.217066577601305539e+02
2.217093322088209675e+02
2.216945033237799407e+02
2.217290771037337720e+02
2.217129731908287624e+02
2.217092812077063968e+02
2.216713811599395001e+02
2.216688472752965424e+02
2.216495526829073981e+02
2.216239414158904424e+02
2.216517656337074982e+02
2.215819028142663853e+02
2.215593789805747917e+02
2.215569346588647477e+02
2.215355452889897379e+02
2.215157954183584081e+02
2.215316928389459576e+02
2.215500955337950870e+02
2.215306056444550507e+02
2.215428173015683342e+02
