2.533793698237748231e+02 1.937263839591506454e+01 8.540693692010710159e-01
2.523560371131452769e+02 6.591469580920356464e+01 7.652718101998878808e-01
2.525022728687963252e+02 6.877608817485521797e+01 8.212030637025966584e-01
2.526643315274923793e+02 7.355879569088983772e+01 8.168939535462980128e-01
2.526153122859455777e+02 7.813826514726945049e+01 6.558378479357369617e-01
2.524030387944454787e+02 8.278012952238620414e+01 4.913132822716234083e-01
2.521830001868111424e+02 8.043936110592191824e+01 3.891089108910891214e-01
2.521237187869730292e+02 8.658895946198393290e+01 3.473566224546982828e-01
2.521644000249081614e+02 9.121394856466778833e+01 4.122859455756896496e-01
2.522234572513855255e+02 9.531673205056354448e+01 3.905037673578678481e-01
2.522585030201133236e+02 1.001781804595553922e+02 4.571081636465533227e-01
2.521905722647736354e+02 9.812950370508748676e+01 3.802353820287689423e-01
2.522310915997259997e+02 9.834152811507566128e+01 4.000000000000000222e-01
2.523239554144093688e+02 1.057405068808767652e+02 5.305062581729871329e-01
2.523051373061834397e+02 1.127520269008032869e+02 8.116507877202814303e-01
2.522387072669530994e+02 1.141414596176598764e+02 8.107665483529484796e-01
2.523708636901426132e+02 1.198498225294227524e+02 1.027766361541814666e+00
2.523745189613300965e+02 1.235066255682172027e+02 1.267382776013450396e+00
2.524530294538887745e+02 1.272616850364281760e+02 1.594314714490316920e+00
2.525265396350955882e+02 1.305562675135438155e+02 1.847151130207360437e+00
2.523821221744815944e+02 1.285327106295535202e+02 1.578124416215206383e+00
2.523296220188056509e+02 1.226571953421757257e+02 1.048851111526246882e+00
2.522894825331589743e+02 1.157831683168316772e+02 6.513855159100815362e-01
2.521179214147829839e+02 1.055763870726695330e+02 3.410673142785976553e-01
2.521340681237934973e+02 9.950575378292546702e+01 3.081698735911326814e-01
2.522580546733918538e+02 9.334072482719970765e+01 2.461361230462668914e-01
2.522656205243165743e+02 9.433465969238433502e+01 2.875396973659630206e-01
2.522298897814309839e+02 9.535405068808768192e+01 2.533594868920854282e-01
2.522705398841770830e+02 9.643072420449591675e+01 2.588641883056230220e-01
2.523124665296718376e+02 9.698771405442431615e+01 2.874151566100006105e-01
2.522791020611495014e+02 9.858102621582912661e+01 2.473690765302945516e-01
2.522058970047948208e+02 9.288307491126471405e+01 2.758515474188928396e-01
2.521946696556448160e+02 9.277586400149448309e+01 2.562239242792203608e-01
2.521429416526558214e+02 9.031630238495547758e+01 2.751541191855034763e-01
2.522175166573261151e+02 8.858909645681549705e+01 2.767918301264088443e-01
2.522790273366959468e+02 8.855184008966934073e+01 2.669655644809764139e-01
2.522557444423687514e+02 8.665903231832616882e+01 2.496419453266081334e-01
2.522675944952985958e+02 8.357119372314589612e+01 2.766672893704464897e-01
2.521856155426863495e+02 8.234345226975527510e+01 3.042094775515287175e-01
2.521836415717043280e+02 7.854370757830500338e+01 3.246652967183510929e-01
2.521519085870851313e+02 7.407109409054112348e+01 3.385764991593498974e-01
2.522086618095771939e+02 7.368923967868485647e+01 3.493056852855097039e-01
2.521185565726383970e+02 7.268237748303131696e+01 3.094464163397471768e-01
2.522240488199763320e+02 7.951387384021421667e+01 3.212404259293853981e-01
2.522244847126221998e+02 8.552606638022292884e+01 3.052431658260165714e-01
2.522585715175291057e+02 8.580722959088362245e+01 3.036988604520829416e-01
2.522768914627311858e+02 8.618226539635095662e+01 2.930568528550968055e-01
2.523158727193473965e+02 9.138309359237810270e+01 2.694127903356373643e-01
2.521755962388691614e+02 9.110972663304066543e+01 2.745750046702783442e-01
2.521632542499532974e+02 9.251193100442119999e+01 2.791830126408867407e-01
2.521766921975216462e+02 9.230483840836913600e+01 2.678311227349149948e-01
2.522248583348900866e+02 9.165338439504327539e+01 2.418083317765738760e-01
2.522793075533968477e+02 9.201251011893641873e+01 2.821719907839840835e-01
2.521890528675509131e+02 9.133814060651347688e+01 2.706083815928762570e-01
2.522247587022853281e+02 9.135319758390933487e+01 2.631670714241235443e-01
2.522764182078585122e+02 9.110813873840214683e+01 2.683915561367457570e-01
2.522610685596861515e+02 9.080978890341864940e+01 2.679058471884924186e-01
2.521800423438570249e+02 9.134065632978392557e+01 2.887352886232019689e-01
2.522569711688149994e+02 9.134797932623450833e+01 2.691450277103181743e-01
2.521837474313469158e+02 9.107918923967868352e+01 2.701973970982003981e-01
2.518877078273865209e+02 9.066100628930817606e+01 1.687402702534404331e-01
2.521049318139361048e+02 8.924561927890901813e+01 2.342798430786474928e-01
2.522404259293853954e+02 8.837151130207359984e+01 2.472071735475434295e-01
2.521779376050812687e+02 8.817803723768602708e+01 2.581792141478298497e-01
2.520949996886481017e+02 8.664154056915126034e+01 2.793947319260227657e-01
2.520874711999501869e+02 8.594938663677687885e+01 2.849990659443302765e-01
2.520345662868173520e+02 8.426945015256242755e+01 2.744691450277103040e-01
2.520971106544616589e+02 9.503522635282395470e+01 2.621894264898187998e-01
2.521412541254125301e+02 9.474728812503892073e+01 2.839217884052556151e-01
2.520356871536210122e+02 9.467613176411980191e+01 2.589451397969985691e-01
2.521598729684289140e+02 9.911152001992651606e+01 2.769350519957656243e-01
2.521496917616289863e+02 9.924214459181767722e+01 2.789962015069431533e-01
2.522358739647549726e+02 9.847270066629305063e+01 2.719471947194719297e-01
2.522304751229839894e+02 9.793146522199390347e+01 2.452020673765489822e-01
2.521474998443240452e+02 9.738316208979388477e+01 2.466218319945202020e-01
2.521365340307615668e+02 9.590341864375116643e+01 2.576250077837972663e-01
2.521573634721962662e+02 9.617778815617410260e+01 2.373373186375241362e-01
2.522162899308798671e+02 9.715841584158415856e+01 2.558938912759200490e-01
2.522926147331714333e+02 1.015499283890653146e+02 2.910766548352948235e-01
2.522372501401083582e+02 1.019532785354007132e+02 3.010212341988915963e-01
2.522814683355127841e+02 1.024872532536272445e+02 3.214895074413101628e-01
2.521957407061460970e+02 1.026868858583971615e+02 3.195778068372874814e-01
2.522405629242169596e+02 1.023482657699732243e+02 3.018681113394358073e-01
2.521446914502770937e+02 1.020195715797994893e+02 3.090354318450713178e-01
2.522029142536895279e+02 1.020943583037549018e+02 3.018867924528301772e-01
2.522411980820723443e+02 1.018038109471324475e+02 3.035182763559374775e-01
2.521688149947070201e+02 1.009803225605579371e+02 2.818357307428855929e-01
2.520390995703344004e+02 1.009385017747057702e+02 2.716482969051622343e-01
2.522550532411731865e+02 1.007816240114577511e+02 2.820100878012329337e-01
2.522017996139236686e+02 1.006684164642879438e+02 2.823525748801295476e-01
2.521496543994022090e+02 1.005422566784980347e+02 2.846690329410299647e-01
2.522433526371505081e+02 1.002272183822155824e+02 2.828881001307678167e-01
2.522422753596114262e+02 9.950960831932249562e+01 2.825020237872843953e-01
2.521792701911700476e+02 9.942419826888348666e+01 2.411669468833675944e-01
2.521753845195840427e+02 9.914362662681362792e+01 2.526682856964941881e-01
2.520683043776075749e+02 9.841924154679618653e+01 2.716109346783734946e-01
2.521108910891089181e+02 9.773887539697365412e+01 2.684102372501401268e-01
2.521424497166697734e+02 9.763786661685035995e+01 2.708636901425991450e-01
2.523005666604396424e+02 1.021494675882682657e+02 2.913755526496045745e-01
2.522281088486207068e+02 1.024134005853415488e+02 2.842020051061709962e-01
2.522293604832181302e+02 1.026238371006912047e+02 2.998879133196338254e-01
2.522065321626502339e+02 1.027621707453764230e+02 3.242418581480789319e-01
2.522664051310791535e+02 1.028012765427486102e+02 3.118189177408307033e-01
2.520759698611370538e+02 1.022266081325113589e+02 3.095460489445170937e-01
2.521469331838844141e+02 1.016597608817485536e+02 3.245967993025717924e-01
2.521416775639828245e+02 1.009899682421072242e+02 2.812005728874774069e-01
2.521918114452954853e+02 1.005777072046827385e+02 2.795068186063889293e-01
2.521404259293854011e+02 1.004861822031259777e+02 2.996014695809203765e-01
2.521613612304626599e+02 1.004276480478236522e+02 2.611993274799178089e-01
2.522419266454947433e+02 1.001311476430661997e+02 2.666168503642817322e-01
2.521515536459306190e+02 9.944380098387196654e+01 2.952923594246217309e-01
2.523106544616725841e+02 1.028578118189177388e+02 2.918986238246465970e-01
2.521888536023413678e+02 1.026355314776760679e+02 2.715922535649791247e-01
2.520723208169873715e+02 1.025885235693380650e+02 3.096954978516719414e-01
2.521979263964132372e+02 1.025765801108412774e+02 2.915872719347406550e-01
2.522436141727380345e+02 1.022582477115636124e+02 2.855096830437760524e-01
2.521293293480291311e+02 1.015731552400523015e+02 2.655395728252070708e-01
2.520645183386263284e+02 1.013518961330095323e+02 2.580671274674637417e-01
2.521688834921228022e+02 1.007129211034310998e+02 2.643502086057662459e-01
2.520848247088859750e+02 1.004225792390559775e+02 2.590509994395666094e-01
2.519611246030263487e+02 1.053672084189551015e+02 2.271872470265894617e-01
2.522434771779064704e+02 1.051412416713369424e+02 2.804906905784917970e-01
2.521036926334142834e+02 1.050240114577495518e+02 3.172738028519833109e-01
2.522315835357120477e+02 1.059730680615231364e+02 3.254436764431160034e-01
2.521654835294850159e+02 1.059628744006476069e+02 3.088984370135126611e-01
2.520179650040475678e+02 1.049222056167880908e+02 3.100753471573572395e-01
2.520675758141852043e+02 1.048209975714552655e+02 2.928264524565664106e-01
2.520987110031757936e+02 1.050853602341366155e+02 3.285945575689644405e-01
2.521003175789277009e+02 1.051665981692508893e+02 3.156360919110778873e-01
2.520810199887913257e+02 1.053718475621146951e+02 3.027585777445669368e-01
2.520355127965626707e+02 1.049241795877700980e+02 3.151815181518151654e-01
2.520563609191107730e+02 1.044704651597235170e+02 2.998131888660564015e-01
2.521248209726633149e+02 1.045167569587147369e+02 3.140731054237499431e-01
2.520414347095086782e+02 1.043576935051995775e+02 3.229653153994644921e-01
2.521434024534528930e+02 1.037013201320132083e+02 3.079332461548041633e-01
2.521275359611432805e+02 1.034531104053801585e+02 3.174979762127156380e-01
2.521562176972414306e+02 1.032898312472756714e+02 3.261722398654959831e-01
2.521820225418768189e+02 1.028722460925337856e+02 2.987795005915686031e-01
2.520442119683666533e+02 1.016357930132635943e+02 2.902609128837412289e-01
2.521167133694501388e+02 1.018384395043277948e+02 2.868920854349585881e-01
2.521719098324926733e+02 1.023204620462046250e+02 2.688772650849990398e-01
2.523436764431160100e+02 1.069137928887228384e+02 3.582663926770035534e-01
2.522355812939784414e+02 1.074391618407123730e+02 3.740706146086306694e-01
2.521449343047512173e+02 1.075571455258733380e+02 3.621458372252319702e-01
2.522280714863939295e+02 1.073226788716607558e+02 3.434584967930755517e-01
2.521490566037735732e+02 1.070651161342549358e+02 3.455071922286568342e-01
2.521397969985677889e+02 1.071827386512236160e+02 3.670527430101500621e-01
2.521177781929136188e+02 1.070944641633974754e+02 3.660003736222678938e-01
2.522189675571330838e+02 1.071816115573821548e+02 3.607821159474438044e-01
2.521891836353446763e+02 1.075228656827946878e+02 3.756896444361417231e-01
2.522665296718351158e+02 1.075808580858085861e+02 3.698673640949000641e-01
2.521678435768104976e+02 1.079647425119870547e+02 3.927268198517965270e-01
2.521499283890653089e+02 1.082469954542624038e+02 3.717417024721340058e-01
2.522076405753782922e+02 1.086102372501401021e+02 3.803599227847312969e-01
2.521960396039604007e+02 1.086752412977146776e+02 4.475060713618531638e-01
2.520504078709757891e+02 1.081459866741391096e+02 4.187869730369263577e-01
2.521586711501338698e+02 1.078778130643252950e+02 4.206364032629678062e-01
2.522486207111277281e+02 1.078016377109409092e+02 4.188430163771094117e-01
2.522202690080328864e+02 1.078787844822218034e+02 3.895821657637462132e-01
2.523343296593810408e+02 1.079201756024659034e+02 4.094837785665358942e-01
2.522349150009340519e+02 1.088089357992403023e+02 4.442119683666480023e-01
2.522210847499844419e+02 1.091117753284762415e+02 4.262905535836602477e-01
2.520961828258297430e+02 1.090158291300828211e+02 3.956908898437013766e-01
2.522089233451646919e+02 1.086326359050999457e+02 4.021794632293417826e-01
2.521702783485895623e+02 1.085457064574382002e+02 3.877825518400896954e-01
2.521416900180583980e+02 1.083001494489071490e+02 4.342985241920418460e-01
2.522307802478360941e+02 1.084416277476804282e+02 4.278099508064013845e-01
2.522666355314776752e+02 1.090289121364966718e+02 3.987670465159723343e-01
2.521474064387570877e+02 1.092510679369823805e+02 4.170247213400585240e-01
2.521867862257923889e+02 1.090423314029516177e+02 3.825642941652656059e-01
2.521950059156858970e+02 1.092173298461921718e+02 4.103866990472632148e-01
2.522023226850986930e+02 1.083959835606202091e+02 4.139485646677875108e-01
2.520883990285821028e+02 1.082106482346347889e+02 4.453390622081075945e-01
2.520557568964443647e+02 1.077911015629864835e+02 3.924341490752848993e-01
2.522257176661062203e+02 1.077725698984992846e+02 4.069493741827012734e-01
2.522429167445046403e+02 1.077030574755588788e+02 3.894638520455819264e-01
2.521411544928077717e+02 1.073640326296780643e+02 3.604396288685472460e-01
2.522175042032505132e+02 1.071639080889220992e+02 3.704028893455383331e-01
2.521811507565850832e+02 1.073838968802540563e+02 4.153122859455756766e-01
2.522580110841272756e+02 1.072954231272183847e+02 3.573385640450837397e-01
2.520016563920542865e+02 1.072216576374618597e+02 3.204620462046204876e-01
2.521836353446665555e+02 1.067827199701102217e+02 3.421134566286817558e-01
2.522337318637524106e+02 1.067143906843514571e+02 3.938414596176598725e-01
2.522233576187807387e+02 1.066281275297341011e+02 3.913942337629989221e-01
2.522683541939099712e+02 1.064111277165452378e+02 4.116694688336758334e-01
2.521447350395417004e+02 1.050278348589575899e+02 3.540133258608879618e-01
2.521029827511052872e+02 1.036466778753347029e+02 3.223862008842393601e-01
2.520793262345102335e+02 1.034678622579239118e+02 3.469207298088299307e-01
2.520730120181829363e+02 1.036611495111775270e+02 3.353197583909334201e-01
2.520522137119372417e+02 1.033763310293293500e+02 3.585590634535151811e-01
2.520612865060090826e+02 1.032841584158415884e+02 3.589949560993835331e-01
2.521553645930630694e+02 1.036137119372314572e+02 3.585154741889283181e-01
2.521369948315586385e+02 1.077153807833613541e+02 4.552338252693193810e-01
2.521407310542375058e+02 1.076083255495360902e+02 4.642381219254000935e-01
2.522271187496108098e+02 1.079090852481474627e+02 5.000684974157793006e-01
2.521916682234261202e+02 1.087190236004732498e+02 4.455071922286568120e-01
2.520615480415966090e+02 1.088687527243290418e+02 4.398966311725512335e-01
2.521847935736969930e+02 1.085964941777196628e+02 4.774518961330095346e-01
2.520612927330468835e+02 1.081324366398904004e+02 4.365527118749610858e-01
2.521273180148203608e+02 1.074747306806152380e+02 4.594931191232330958e-01
2.520562176972414363e+02 1.065647176038358594e+02 3.882122174481599242e-01
2.522087427610685495e+02 1.059227411420387313e+02 3.812441621520642476e-01
2.521228158664923171e+02 1.061515474188928323e+02 3.729248396537767074e-01
2.520618282582975382e+02 1.060282084812254766e+02 3.950744131016875049e-01
2.521635220125786248e+02 1.058523320256554001e+02 3.569773958527928115e-01
2.521434335886418694e+02 1.063794445482284061e+02 3.645619278909023042e-01
2.521510118936421918e+02 1.065676879008655646e+02 3.765427486144841129e-01
2.522544429914689488e+02 1.064871162587956945e+02 4.014882620337505426e-01
2.522159474438009852e+02 1.069658011084127338e+02 4.179650040475745842e-01
2.522104801046142484e+02 1.072783548166137422e+02 4.343172053054362158e-01
2.521699171803972774e+02 1.076144405006538420e+02 4.357369699234074356e-01
2.521753658384706398e+02 1.077398156796811719e+02 4.170869917180397013e-01
2.522154804159661126e+02 1.080016501650164997e+02 4.617473068061523356e-01
2.521186997945077621e+02 1.084404632916121756e+02 4.238557818045955439e-01
2.521901675073167723e+02 1.090759200448346746e+02 4.570458932685721454e-01
2.522241173173921140e+02 1.094343296593810351e+02 4.925337816800547941e-01
2.522025593125350156e+02 1.101966623077402119e+02 4.706270627062706380e-01
2.522772028146210914e+02 1.110515411918550370e+02 4.766859704838408152e-01
2.522510243477177880e+02 1.113995454262407350e+02 4.685160968927081226e-01
2.521917367208419023e+02 1.112271623388754023e+02 4.878697303692633436e-01
2.523238495547668094e+02 1.120555949934616109e+02 4.790397907715299719e-01
2.522383585528364165e+02 1.123752288436390785e+02 5.169499968864811335e-01
2.521935051995765491e+02 1.130373310915997251e+02 4.821346285571953549e-01
2.521790148826203506e+02 1.140545737592627233e+02 5.198206613114141339e-01
2.521754032006974171e+02 1.143678062145837231e+02 5.340307615667226893e-01
2.522668597048383958e+02 1.146722959088361620e+02 5.637835481661374049e-01
2.521183573074288518e+02 1.139696867799987530e+02 4.896133009527368074e-01
2.521873155240052427e+02 1.143225356497913907e+02 5.251323245532100170e-01
2.522174979762127123e+02 1.147840276480478252e+02 5.524129771467712890e-01
2.521655208917118216e+02 1.140401893019490558e+02 4.403262967806214623e-01
2.520860265271810192e+02 1.124255993523880619e+02 4.035431845071299484e-01
2.519739398468148579e+02 1.111206114951117740e+02 3.327230836291176219e-01
2.521885671586026660e+02 1.094668846129896025e+02 3.178280092160159498e-01
2.521447910828818806e+02 1.086664798555327280e+02 2.973099196712123971e-01
2.522607509807584449e+02 1.086729061585403855e+02 3.257114390684351379e-01
2.522217572700666324e+02 1.082307677937605064e+02 2.728127529734105661e-01
2.521560433401830608e+02 1.075607509807584563e+02 2.865309172426676598e-01
2.522623264213213758e+02 1.078582601656392086e+02 3.243290366772526578e-01
2.521792203748676684e+02 1.090027648047823590e+02 3.493741827012890044e-01
2.522892272246092489e+02 1.126124727567096357e+02 4.425742574257425788e-01
2.519725138551590931e+02 1.118658633787907064e+02 3.211407933246154811e-01
2.521884052556198981e+02 1.100799987545924381e+02 3.438383460987607942e-01
2.520394171492621069e+02 1.081117192851360613e+02 2.902173236191543659e-01
2.520920605268073871e+02 1.064659816925088762e+02 2.958092035618656301e-01
2.521260975154119137e+02 1.049794943645307939e+02 2.645806090042966408e-01
2.521896880254063262e+02 1.019624509620773409e+02 2.219752163895634955e-01
2.522983622890590993e+02 1.035680802042468400e+02 2.548477489258360040e-01
2.522075907590759130e+02 1.026825331589762698e+02 2.199202939161840620e-01
2.522583722523195604e+02 1.055697677314901313e+02 2.229839965128588286e-01
2.522215206426303098e+02 1.060432592315835336e+02 2.144654088050314544e-01
2.521221371193723257e+02 1.056651597235195226e+02 2.102746123668970679e-01
2.523520580359922860e+02 1.116366149822529366e+02 2.746870913506445078e-01
2.523118936421944056e+02 1.120771965875832876e+02 2.908711625879569218e-01
2.520883056230151453e+02 1.126224111090354256e+02 3.414471635842829533e-01
2.522282333893766690e+02 1.067452269755277428e+02 2.216638644996575258e-01
2.521653403076156792e+02 9.750237250140108358e+01 1.779500591568590750e-01
2.521838159287626979e+02 8.757621894264897833e+01 2.978765801108412825e-01
2.520038545363970286e+02 7.907994893829005889e+01 3.362475870228532338e-01
2.520009527367831197e+02 7.840440251572327668e+01 3.155551404197023402e-01
2.520272931066691626e+02 7.801965875832866004e+01 3.072918612615978540e-01
2.520578616352201209e+02 7.874457936359674193e+01 3.142225543309047908e-01
2.520249891026838611e+02 8.664632916121800577e+01 2.385080017435705912e-01
2.521429291985802479e+02 8.994122299022355094e+01 2.491873715673454115e-01
2.521776324802291640e+02 9.497436951242293901e+01 2.752848869792639541e-01
2.521446727691637193e+02 1.020353695746933198e+02 2.889283267949436240e-01
2.522174481599103331e+02 1.107354878884114839e+02 4.038109471324490829e-01
2.522989849928389106e+02 1.119511675695871418e+02 4.489071548664300138e-01
2.522233202565539614e+02 1.203307304315337234e+02 8.676941279033564269e-01
2.522441808331776656e+02 1.207796438134379429e+02 9.522946634286070244e-01
2.522994893829005605e+02 1.231419079643813461e+02 1.121215517778192838e+00
2.522963820910393054e+02 1.245394731926022729e+02 1.287085123606700243e+00
2.522760321315150520e+02 1.252400460800797077e+02 1.416358428295659833e+00
2.522770409116383235e+02 1.256624509620773438e+02 1.530537393361977694e+00
2.521867737717167870e+02 1.251299084625443641e+02 1.523040039853041927e+00
2.521182078585217141e+02 1.245948626938165518e+02 1.517466841023725088e+00
2.520541939099570357e+02 1.243091412914876344e+02 1.598050937169188668e+00
2.521151877451896155e+02 1.247381530605890845e+02 1.685385142287813665e+00
2.522610623326483505e+02 1.255542561803350168e+02 1.675347157357245154e+00
2.522937916433152736e+02 1.256132635905099875e+02 1.789905971729248479e+00
2.522804471013139107e+02 1.264830001868111395e+02 1.826726446229528511e+00
2.521573883803474700e+02 1.212163459742200615e+02 1.140780870539884084e+00
2.523091350644498334e+02 1.220855408182327722e+02 1.318998692322062460e+00
2.522202690080328864e+02 1.228915872719347391e+02 1.432200012454075688e+00
2.521790522448471279e+02 1.236338377233949757e+02 1.438153060589077770e+00
2.521652033127841150e+02 1.229681487016626136e+02 1.405946821097204147e+00
2.521435083130954524e+02 1.225571392988355370e+02 1.346491064200759702e+00
2.521600597795628573e+02 1.225557070801419712e+02 1.442860701164456083e+00
2.522511488884737503e+02 1.232865931876206531e+02 1.447692882495796640e+00
2.522590883616663575e+02 1.235592066753845160e+02 1.512889968242107308e+00
2.522304564418706150e+02 1.237861510679369843e+02 1.441764742511987052e+00
2.521227909583411133e+02 1.234392739273927333e+02 1.324696431907341765e+00
2.521600971417896631e+02 1.232144467276916373e+02 1.358067127467463830e+00
2.521603150881125828e+02 1.235181331340681226e+02 1.403842082321439699e+00
