2.533793698237748231e+02
2.523560371131452769e+02
2.525022728687963252e+02
2.526643315274923793e+02
2.526153122859455777e+02
2.524030387944454787e+02
2.521830001868111424e+02
2.521237187869730292e+02
2.521644000249081614e+02
2.522234572513855255e+02
2.522585030201133236e+02
2.521905722647736354e+02
2.522310915997259997e+02
2.523239554144093688e+02
2.523051373061834397e+02
2.522387072669530994e+02
2.523708636901426132e+02
2.523745189613300965e+02
2.524530294538887745e+02
2.525265396350955882e+02
2.523821221744815944e+02
2.523296220188056509e+02
2.522894825331589743e+02
2.521179214147829839e+02
2.521340681237934973e+02
2.522580546733918538e+02
2.522656205243165743e+02
2.522298897814309839e+02
2.522705398841770830e+02
2.523124665296718376e+02
2.522791020611495014e+02
2.522058970047948208e+02
2.521946696556448160e+02
2.521429416526558214e+02
2.522175166573261151e+02
2.522790273366959468e+02
2.522557444423687514e+02
2.522675944952985958e+02
2.521856155426863495e+02
2.521836415717043280e+02
2.521519085870851313e+02
2.522086618095771939e+02
2.521185565726383970e+02
2.522240488199763320e+02
2.522244847126221998e+02
2.522585715175291057e+02
2.522768914627311858e+02
2.523158727193473965e+02
2.521755962388691614e+02
2.521632542499532974e+02
2.521766921975216462e+02
2.522248583348900866e+02
2.522793075533968477e+02
2.521890528675509131e+02
2.522247587022853281e+02
2.522764182078585122e+02
2.522610685596861515e+02
2.521800423438570249e+02
2.522569711688149994e+02
2.521837474313469158e+02
2.518877078273865209e+02
2.521049318139361048e+02
2.522404259293853954e+02
2.521779376050812687e+02
2.520949996886481017e+02
2.520874711999501869e+02
2.520345662868173520e+02
2.520971106544616589e+02
2.521412541254125301e+02
2.520356871536210122e+02
2.521598729684289140e+02
2.521496917616289863e+02
2.522358739647549726e+02
2.522304751229839894e+02
2.521474998443240452e+02
2.521365340307615668e+02
2.521573634721962662e+02
2.522162899308798671e+02
2.522926147331714333e+02
2.522372501401083582e+02
2.522814683355127841e+02
2.521957407061460970e+02
2.522405629242169596e+02
2.521446914502770937e+02
2.522029142536895279e+02
2.522411980820723443e+02
2.521688149947070201e+02
2.520390995703344004e+02
2.522550532411731865e+02
2.522017996139236686e+02
2.521496543994022090e+02
2.522433526371505081e+02
2.522422753596114262e+02
2.521792701911700476e+02
2.521753845195840427e+02
2.520683043776075749e+02
2.521108910891089181e+02
2.521424497166697734e+02
2.523005666604396424e+02
2.522281088486207068e+02
2.522293604832181302e+02
2.522065321626502339e+02
2.522664051310791535e+02
2.520759698611370538e+02
2.521469331838844141e+02
2.521416775639828245e+02
2.521918114452954853e+02
2.521404259293854011e+02
2.521613612304626599e+02
2.522419266454947433e+02
2.521515536459306190e+02
2.523106544616725841e+02
2.521888536023413678e+02
2.520723208169873715e+02
2.521979263964132372e+02
2.522436141727380345e+02
2.521293293480291311e+02
2.520645183386263284e+02
2.521688834921228022e+02
2.520848247088859750e+02
2.519611246030263487e+02
2.522434771779064704e+02
2.521036926334142834e+02
2.522315835357120477e+02
2.521654835294850159e+02
2.520179650040475678e+02
2.520675758141852043e+02
2.520987110031757936e+02
2.521003175789277009e+02
2.520810199887913257e+02
2.520355127965626707e+02
2.520563609191107730e+02
2.521248209726633149e+02
2.520414347095086782e+02
2.521434024534528930e+02
2.521275359611432805e+02
2.521562176972414306e+02
2.521820225418768189e+02
2.520442119683666533e+02
2.521167133694501388e+02
2.521719098324926733e+02
2.523436764431160100e+02
2.522355812939784414e+02
2.521449343047512173e+02
2.522280714863939295e+02
2.521490566037735732e+02
2.521397969985677889e+02
2.521177781929136188e+02
2.522189675571330838e+02
2.521891836353446763e+02
2.522665296718351158e+02
2.521678435768104976e+02
2.521499283890653089e+02
2.522076405753782922e+02
2.521960396039604007e+02
2.520504078709757891e+02
2.521586711501338698e+02
2.522486207111277281e+02
2.522202690080328864e+02
2.523343296593810408e+02
2.522349150009340519e+02
2.522210847499844419e+02
2.520961828258297430e+02
2.522089233451646919e+02
2.521702783485895623e+02
2.521416900180583980e+02
2.522307802478360941e+02
2.522666355314776752e+02
2.521474064387570877e+02
2.521867862257923889e+02
2.521950059156858970e+02
2.522023226850986930e+02
2.520883990285821028e+02
2.520557568964443647e+02
2.522257176661062203e+02
2.522429167445046403e+02
2.521411544928077717e+02
2.522175042032505132e+02
2.521811507565850832e+02
2.522580110841272756e+02
2.520016563920542865e+02
2.521836353446665555e+02
2.522337318637524106e+02
2.522233576187807387e+02
2.522683541939099712e+02
2.521447350395417004e+02
2.521029827511052872e+02
2.520793262345102335e+02
2.520730120181829363e+02
2.520522137119372417e+02
2.520612865060090826e+02
2.521553645930630694e+02
2.521369948315586385e+02
2.521407310542375058e+02
2.522271187496108098e+02
2.521916682234261202e+02
2.520615480415966090e+02
2.521847935736969930e+02
2.520612927330468835e+02
2.521273180148203608e+02
2.520562176972414363e+02
2.522087427610685495e+02
2.521228158664923171e+02
2.520618282582975382e+02
2.521635220125786248e+02
2.521434335886418694e+02
2.521510118936421918e+02
2.522544429914689488e+02
2.522159474438009852e+02
2.522104801046142484e+02
2.521699171803972774e+02
2.521753658384706398e+02
2.522154804159661126e+02
2.521186997945077621e+02
2.521901675073167723e+02
2.522241173173921140e+02
2.522025593125350156e+02
2.522772028146210914e+02
2.522510243477177880e+02
2.521917367208419023e+02
2.523238495547668094e+02
2.522383585528364165e+02
2.521935051995765491e+02
2.521790148826203506e+02
2.521754032006974171e+02
2.522668597048383958e+02
2.521183573074288518e+02
2.521873155240052427e+02
2.522174979762127123e+02
2.521655208917118216e+02
2.520860265271810192e+02
2.519739398468148579e+02
2.521885671586026660e+02
2.521447910828818806e+02
2.522607509807584449e+02
2.522217572700666324e+02
2.521560433401830608e+02
2.522623264213213758e+02
2.521792203748676684e+02
2.522892272246092489e+02
2.519725138551590931e+02
2.521884052556198981e+02
2.520394171492621069e+02
2.520920605268073871e+02
2.521260975154119137e+02
2.521896880254063262e+02
2.522983622890590993e+02
2.522075907590759130e+02
2.522583722523195604e+02
2.522215206426303098e+02
2.521221371193723257e+02
2.523520580359922860e+02
2.523118936421944056e+02
2.520883056230151453e+02
2.522282333893766690e+02
2.521653403076156792e+02
2.521838159287626979e+02
2.520038545363970286e+02
2.520009527367831197e+02
2.520272931066691626e+02
2.520578616352201209e+02
2.520249891026838611e+02
2.521429291985802479e+02
2.521776324802291640e+02
2.521446727691637193e+02
2.522174481599103331e+02
2.522989849928389106e+02
2.522233202565539614e+02
2.522441808331776656e+02
2.522994893829005605e+02
2.522963820910393054e+02
2.522760321315150520e+02
2.522770409116383235e+02
2.521867737717167870e+02
2.521182078585217141e+02
2.520541939099570357e+02
2.521151877451896155e+02
2.522610623326483505e+02
2.522937916433152736e+02
2.522804471013139107e+02
2.521573883803474700e+02
2.523091350644498334e+02
2.522202690080328864e+02
2.521790522448471279e+02
2.521652033127841150e+02
2.521435083130954524e+02
2.521600597795628573e+02
2.522511488884737503e+02
2.522590883616663575e+02
2.522304564418706150e+02
2.521227909583411133e+02
2.521600971417896631e+02
2.521603150881125828e+02
